9; 0.7639296054840088; -0.2792922556400299; 0.10546532273292542; -0.4405004382133484; 1.074044942855835; 0.045365676283836365; 0.47408586740493774; -0.5544573664665222; 0.38586580753326416; 0.8805856704711914; 
26; 0.6294358968734741; -0.3860495686531067; 0.06304234266281128; -0.622481107711792; 1.1377334594726562; 0.07921668887138367; 0.4818413257598877; -0.5670772790908813; 0.2680124044418335; 0.894069492816925; 
49; 0.5129061937332153; -0.3452798128128052; 0.05270141363143921; -0.7741387486457825; 1.1600074768066406; 0.021886248141527176; 0.5126897096633911; -0.47648194432258606; 0.2952725887298584; 0.8872638940811157; 
32; 0.5208969116210938; -0.4028547704219818; 0.06209591031074524; -0.679827868938446; 1.0326131582260132; 0.06842049956321716; 0.5178452730178833; -0.5315676927566528; 0.2612353563308716; 0.8754725456237793; 
27; 0.5540189743041992; -0.4644627571105957; 0.11913183331489563; -0.6671870946884155; 1.1153568029403687; 0.04790095239877701; 0.5059235692024231; -0.5112979412078857; 0.24312081933021545; 0.89690762758255; 
21; 0.5078877210617065; -0.27384236454963684; 0.130088672041893; -0.4687348008155823; 1.1564756631851196; 0.06693393737077713; 0.4417562484741211; -0.5178020596504211; 0.2722110450267792; 0.9068794250488281; 
23; 0.6365954279899597; -0.37789955735206604; 0.1355377435684204; -0.6532138586044312; 1.1574314832687378; 0.08945878595113754; 0.48614180088043213; -0.5349897742271423; 0.27772054076194763; 0.9363057613372803; 
24; 0.6344822645187378; -0.30776306986808777; 0.12729881703853607; -0.5512296557426453; 1.1578177213668823; 0.04042475298047066; 0.47538453340530396; -0.5650497078895569; 0.30573129653930664; 0.8706305623054504; 
5; 0.5587626695632935; -0.3587942123413086; 0.10615900903940201; -0.7440719604492188; 1.0913852453231812; 0.05351479351520538; 0.4361036419868469; -0.5590469241142273; 0.26975011825561523; 0.9099635481834412; 
47; 0.5369348526000977; -0.6022468209266663; 0.030161552131175995; -0.6008576154708862; 1.1335641145706177; 0.054173242300748825; 0.47987693548202515; -0.5397354960441589; 0.3119443356990814; 0.8924660682678223; 
1; 0.5997750759124756; -0.3826650381088257; 0.1796814501285553; -0.6001396179199219; 1.0962611436843872; 0.06687622517347336; 0.48311907052993774; -0.5138968229293823; 0.29805755615234375; 0.8699523210525513; 
10; 0.6042664051055908; -0.3429208993911743; 0.048508696258068085; -0.602814793586731; 1.0801454782485962; 0.03920956701040268; 0.43489736318588257; -0.5650427341461182; 0.2269696742296219; 0.9186502695083618; 
36; 0.5346184968948364; -0.40831679105758667; 0.06248532235622406; -0.6026411056518555; 1.153359293937683; 0.05346149951219559; 0.4293104112148285; -0.5684722661972046; 0.2974691390991211; 0.8894883394241333; 
6; 0.5518882870674133; -0.45923006534576416; 0.16452807188034058; -0.5704339742660522; 1.132196068763733; 0.046523138880729675; 0.4803678095340729; -0.5649935007095337; 0.27366161346435547; 0.9291686415672302; 
2; 0.5847735404968262; -0.43670761585235596; 0.1758146733045578; -0.6843467950820923; 1.1637396812438965; 0.09425415098667145; 0.4557879567146301; -0.5285494923591614; 0.22679278254508972; 0.8818321228027344; 
40; 0.5904014110565186; -0.4664172828197479; 0.06392895430326462; -0.6832155585289001; 1.1623480319976807; 0.08547543734312057; 0.43939146399497986; -0.561826229095459; 0.29217803478240967; 0.8654354810714722; 
13; 0.5597159266471863; -0.2746933102607727; -0.07092428207397461; -0.6032158136367798; 1.0716707706451416; 0.014990177005529404; 0.4351949393749237; -0.5952566266059875; 0.23114511370658875; 0.9466798901557922; 
33; 0.5769226551055908; -0.6094822287559509; 0.12640920281410217; -0.798818051815033; 1.1138418912887573; 0.0989956483244896; 0.4422306716442108; -0.5010621547698975; 0.2882827818393707; 0.8597946763038635; 
44; 0.550081729888916; -0.431191623210907; 0.11881580203771591; -0.7988219261169434; 1.0677778720855713; 0.06229274719953537; 0.4801829755306244; -0.516516387462616; 0.260647177696228; 0.8948268294334412; 
20; 0.5765955448150635; -0.2930727005004883; 0.08104009926319122; -0.5579274296760559; 1.1892340183258057; 0.04749423265457153; 0.5011165738105774; -0.5531349182128906; 0.3053503632545471; 0.872391939163208; 
48; 0.6040529012680054; -0.2944380044937134; 0.19255836308002472; -0.4782913029193878; 0.9648795127868652; -0.04500371217727661; 0.5545454621315002; -0.5197396278381348; 0.2743130922317505; 0.8324697613716125; 
38; 0.39613670110702515; -0.4618876576423645; 0.04507298767566681; -0.6531125903129578; 1.2218083143234253; 0.03353201970458031; 0.36951160430908203; -0.6439913511276245; 0.22232487797737122; 0.8205884695053101; 
37; 0.5658774971961975; -0.45221444964408875; -0.01267997920513153; -0.6789872646331787; 1.1338485479354858; 0.06874391436576843; 0.5013142228126526; -0.5247072577476501; 0.2847435474395752; 0.9297186136245728; 
16; 0.597510039806366; -0.5679377317428589; 0.04228769987821579; -0.759289026260376; 1.0846997499465942; 0.052633851766586304; 0.44329121708869934; -0.5652304291725159; 0.27761775255203247; 0.8423539400100708; 
17; 0.5629269480705261; -0.41552335023880005; 0.18518052995204926; -0.5151078701019287; 1.1667484045028687; 0.10439786314964294; 0.46092092990875244; -0.5114870071411133; 0.31941187381744385; 0.910433828830719; 
11; 0.5099086761474609; -0.4493330419063568; -0.0037526190280914307; -0.61138516664505; 1.0958003997802734; 0.07487176358699799; 0.4844997525215149; -0.5375682711601257; 0.2929852604866028; 0.8679989576339722; 
35; 0.5582610368728638; -0.3376430869102478; 0.0603870153427124; -0.6728941798210144; 1.148855209350586; 0.07579569518566132; 0.46049758791923523; -0.5221856832504272; 0.2872852385044098; 0.9222965836524963; 
12; 0.5396090745925903; -0.40638747811317444; 0.025167599320411682; -0.5422465205192566; 1.1067545413970947; 0.07667776197195053; 0.4894355535507202; -0.5291343927383423; 0.2628823518753052; 0.8883377313613892; 
19; 0.47869977355003357; -0.44716641306877136; 0.09778931736946106; -0.6120525598526001; 1.1749625205993652; 0.045680128037929535; 0.4470377564430237; -0.5560309290885925; 0.2610686421394348; 0.8323718905448914; 
43; 0.6248289942741394; -0.46054965257644653; 0.11566055566072464; -0.6363030672073364; 1.0982619524002075; 0.012661188840866089; 0.4387425482273102; -0.5136468410491943; 0.26451945304870605; 0.9055149555206299; 
22; 0.5267844796180725; -0.5138874053955078; 0.11838559806346893; -0.7029781341552734; 1.1207952499389648; 0.09694838523864746; 0.4660876989364624; -0.5473092198371887; 0.2580402195453644; 0.8855907320976257; 
14; 0.5742355585098267; -0.5144442319869995; 0.07835353910923004; -0.7265013456344604; 1.1391701698303223; 0.12335286289453506; 0.47477295994758606; -0.5481806397438049; 0.2549009323120117; 0.8825664520263672; 
31; 0.7063575983047485; -0.5400100350379944; 0.23065698146820068; -0.6045905351638794; 1.0931506156921387; -0.00602157786488533; 0.5398150086402893; -0.4920140504837036; 0.18317335844039917; 0.8714358806610107; 
39; 0.6377249956130981; -0.39497530460357666; 0.11767643690109253; -0.5449591875076294; 1.1725581884384155; 0.09341403841972351; 0.48960453271865845; -0.5353337526321411; 0.26342201232910156; 0.8816602826118469; 
25; 0.5525434017181396; -0.3928556442260742; -0.06715837121009827; -0.8042590022087097; 1.2097573280334473; 0.19346322119235992; 0.48960739374160767; -0.5527307987213135; 0.23141902685165405; 0.9967657923698425; 
15; 0.5033737421035767; -0.39838263392448425; 0.23554286360740662; -0.585284948348999; 1.1781542301177979; 0.10981449484825134; 0.45775413513183594; -0.5462782382965088; 0.28152579069137573; 0.939975917339325; 
50; 0.4957500696182251; -0.46541982889175415; 0.05819947272539139; -0.7608199119567871; 1.163404107093811; 0.06461717933416367; 0.49727460741996765; -0.5673459768295288; 0.3185586631298065; 0.9185900688171387; 
4; 0.5333806276321411; -0.324053555727005; 0.2067122757434845; -0.6692140102386475; 1.0960336923599243; 0.0007395818829536438; 0.5072630047798157; -0.5944453477859497; 0.19709058105945587; 0.9182738065719604; 
18; 0.6167920827865601; -0.4853956699371338; 0.111256442964077; -0.6870409250259399; 1.1075332164764404; 0.07514636218547821; 0.47717219591140747; -0.5177515745162964; 0.2068539559841156; 0.8504121899604797; 
8; 0.6243305206298828; -0.31792834401130676; -0.0058666616678237915; -0.6036934852600098; 1.1324074268341064; 0.0888841450214386; 0.4878605902194977; -0.5438439249992371; 0.26516300439834595; 0.8747555017471313; 
45; 0.577548623085022; -0.5035803318023682; 0.13397498428821564; -0.5738217234611511; 1.0989640951156616; 0.02846088632941246; 0.4467220902442932; -0.5194638967514038; 0.2907171845436096; 0.9184883236885071; 
42; 0.6185388565063477; -0.4880308210849762; 0.2379017472267151; -0.5794370770454407; 1.1578184366226196; 0.09111335873603821; 0.5284308791160583; -0.5327495336532593; 0.2471199929714203; 0.9102180004119873; 
7; 0.5873066186904907; -0.3629212975502014; 0.32833585143089294; -0.4956294596195221; 0.9875606298446655; 0.08643099665641785; 0.45767292380332947; -0.5184634923934937; 0.28200894594192505; 0.7787078022956848; 
41; 0.5942211151123047; -0.410477876663208; 0.0663168877363205; -0.5759463310241699; 1.0887091159820557; 0.07855445146560669; 0.5116543769836426; -0.5165039300918579; 0.23559348285198212; 0.8753782510757446; 
34; 0.5904456377029419; -0.4008214473724365; 0.1480810046195984; -0.5072580575942993; 1.1925350427627563; 0.08105916529893875; 0.49280667304992676; -0.48294758796691895; 0.30923908948898315; 0.8996965289115906; 
29; 0.591212272644043; -0.4473574161529541; 0.2534506320953369; -0.6462466716766357; 1.1616668701171875; 0.07050327211618423; 0.47421836853027344; -0.5162049531936646; 0.2571564018726349; 0.89015793800354; 
30; 0.6948684453964233; -0.4595489501953125; 0.05732671171426773; -0.6724554896354675; 1.2098891735076904; 0.1286821812391281; 0.4878028929233551; -0.636696457862854; 0.2902712821960449; 0.8825528025627136; 
3; 0.6392107605934143; -0.6423181295394897; -0.03788634389638901; -0.6384588479995728; 1.0402721166610718; 0.023746512830257416; 0.45536020398139954; -0.5660967826843262; 0.2425592690706253; 0.8958987593650818; 
28; 0.6337351202964783; -0.42552390694618225; 0.1207101121544838; -0.8562284708023071; 1.1194573640823364; 0.02937469258904457; 0.43259912729263306; -0.5619827508926392; 0.3139016628265381; 0.8600664734840393; 
46; 0.4979270100593567; -0.370159387588501; 0.10989516973495483; -0.5384210348129272; 1.1489708423614502; 0.08375874161720276; 0.45926961302757263; -0.5277196168899536; 0.26215824484825134; 0.8827227354049683; 
