0.000000000000000000e+00 4.791657325512352634e-12
3.730000000000000000e+02 9.146460493140130491e-08
1.224000000000000000e+03 1.211019886752955391e-07
1.802000000000000000e+03 1.752960992001117706e-07
2.729000000000000000e+03 2.236741864277906893e-07
2.938000000000000000e+03 4.064986794788040275e-07
3.321000000000000000e+03 4.163122959793107613e-07
3.465000000000000000e+03 5.417138675397565487e-07
4.249000000000000000e+03 5.764291721319786865e-07
4.920000000000000000e+03 6.616158686876278160e-07
5.473000000000000000e+03 6.965426970577789810e-07
6.346000000000000000e+03 7.943373772683201511e-07
7.338000000000000000e+03 9.365046370047096495e-07
8.530000000000000000e+03 9.727345604277954989e-07
9.304000000000000000e+03 9.909244301536367529e-07
1.015600000000000000e+04 1.055565354707994186e-06
1.070600000000000000e+04 1.122833953520852308e-06
1.149800000000000000e+04 1.151272496277225479e-06
1.228000000000000000e+04 1.273948027592796682e-06
1.412300000000000000e+04 1.321445658515439020e-06
1.479600000000000000e+04 1.393902712675829800e-06
1.600700000000000000e+04 1.415805542426236560e-06
1.669500000000000000e+04 1.786104446113166957e-06
1.726400000000000000e+04 1.913361258227992086e-06
1.814700000000000000e+04 2.677857369227394105e-06
1.889700000000000000e+04 3.331969540880820744e-06
1.937900000000000000e+04 3.335841991101582399e-06
2.010600000000000000e+04 3.841119921089910964e-06
2.131300000000000000e+04 4.353344939410207852e-06
2.280300000000000000e+04 4.766194529728930458e-06
2.409400000000000000e+04 4.819143074061897276e-06
2.540100000000000000e+04 4.800473570059230133e-06
2.617900000000000000e+04 4.504731131193308799e-06
2.827300000000000000e+04 4.168475329315156989e-06
2.900900000000000000e+04 4.018239917808312296e-06
3.000000000000000000e+04 3.956410271057938350e-06
