3; 0.2601814866065979; -1.4740300178527832; -0.3351132869720459; -0.7775959968566895; 0.8130100965499878; -0.015152409672737122; 
37; 0.3682057559490204; -1.0532186031341553; -0.7018389701843262; -0.8298495411872864; 0.8238948583602905; -0.2650702893733978; 
7; 0.1843094825744629; -0.9892467260360718; -0.26401573419570923; -0.8480986952781677; 0.884577214717865; -0.20645278692245483; 
90; 0.09635969996452332; -1.3005497455596924; -0.5429807901382446; -1.000309944152832; 0.8207926154136658; -0.20758333802223206; 
72; 0.24386149644851685; -0.7724958658218384; -0.8574538230895996; -1.037395715713501; 0.7717991471290588; -0.19696344435214996; 
71; 0.25963711738586426; -1.8079984188079834; -0.9800828695297241; -1.0118046998977661; 0.8147773742675781; -0.16465196013450623; 
1; 0.6825248003005981; -0.913632333278656; -0.7192665338516235; -0.9408839344978333; 0.7857934236526489; -0.06395463645458221; 
45; 0.419109970331192; -1.2792954444885254; -0.4967604875564575; -0.7108325362205505; 0.8202632665634155; -0.1992042064666748; 
38; 0.3806716203689575; -1.020338773727417; -0.22802458703517914; -0.9343814849853516; 0.7882670760154724; -0.22767426073551178; 
30; 0.4444291889667511; -1.1048030853271484; -0.8267157077789307; -0.990632951259613; 0.756445586681366; -0.1780131608247757; 
23; 0.33843567967414856; -0.7944563627243042; -0.5052977800369263; -0.8287765979766846; 0.8926499485969543; -0.09112928807735443; 
19; 0.3628524839878082; -1.054047703742981; -1.0625938177108765; -0.8187394142150879; 0.8900734186172485; -0.10030406713485718; 
8; 0.31438061594963074; -1.469221591949463; -1.009212613105774; -1.0403962135314941; 0.7997714281082153; -0.20156916975975037; 
26; 0.2570101022720337; -0.6603285670280457; -0.6753675937652588; -1.077108383178711; 0.9198008179664612; -0.30531683564186096; 
93; 0.24984166026115417; -1.6924092769622803; -0.7240517139434814; -1.0392210483551025; 0.8494294285774231; -0.24044859409332275; 
87; 0.1732836663722992; -1.2763175964355469; -0.6122305393218994; -0.8894028663635254; 0.8091046810150146; -0.14768488705158234; 
89; 0.4575679898262024; -1.2865290641784668; -0.6366844773292542; -0.914543628692627; 0.865948498249054; -0.2629494369029999; 
69; 0.2856927514076233; -1.444676160812378; -0.348001092672348; -0.7829772233963013; 0.8583420515060425; -0.16400301456451416; 
67; 0.46658000349998474; -0.7860391139984131; -0.44380074739456177; -0.8157294392585754; 0.9166417717933655; -0.10565224289894104; 
74; 0.16945993900299072; -0.8252426385879517; -0.4878549575805664; -1.0487953424453735; 0.8743772506713867; -0.19830620288848877; 
16; 0.32635125517845154; -1.044077754020691; -0.6850286722183228; -0.9810603260993958; 0.7542198896408081; -0.4481816291809082; 
5; 0.4893380105495453; -0.9760314226150513; -0.5978549122810364; -0.9201903343200684; 0.8893921375274658; -0.17134273052215576; 
66; 0.5164846181869507; -1.2688652276992798; -0.16411173343658447; -0.8665504455566406; 0.8659937381744385; -0.2700219452381134; 
24; 0.5576232671737671; -1.0707285404205322; -0.08600392937660217; -0.9973013997077942; 0.7711682319641113; -0.23819060623645782; 
62; 0.36164960265159607; -1.2018672227859497; -0.2671107053756714; -1.0653328895568848; 0.9019702076911926; 0.0031919926404953003; 
80; 0.3136318624019623; -0.8980162739753723; -0.46721309423446655; -0.7710819244384766; 0.8404282927513123; -0.11469626426696777; 
94; 0.21325251460075378; -0.7447822093963623; -0.40636563301086426; -0.8571503758430481; 0.8751822710037231; -0.09417743980884552; 
36; 0.13345056772232056; -1.4081356525421143; -0.8380706310272217; -0.8395546078681946; 0.6654083728790283; -0.23139262199401855; 
11; 0.37917494773864746; -0.7964465618133545; -0.5067782998085022; -0.8365594744682312; 0.8015185594558716; 0.0016117244958877563; 
29; 0.4743984639644623; -1.4527881145477295; -0.1767835170030594; -0.8459126949310303; 0.816529393196106; -0.21146269142627716; 
64; 0.49262577295303345; -1.0226058959960938; -0.47584301233291626; -0.6942416429519653; 0.7355035543441772; -0.02919001132249832; 
20; 0.46676579117774963; -0.9118266105651855; -0.5520642399787903; -0.934531033039093; 0.796808123588562; -0.10574958473443985; 
99; 0.5572315454483032; -0.7323412895202637; -0.24990242719650269; -1.0048328638076782; 0.6307137608528137; -0.1997895985841751; 
27; 0.37515586614608765; -1.1632276773452759; -0.2839072346687317; -0.9445818066596985; 0.8040155172348022; -0.07079371064901352; 
77; 0.30027440190315247; -1.3093981742858887; -0.4327704906463623; -0.871334969997406; 0.8017898797988892; -0.16900844871997833; 
17; 0.7412502765655518; -1.1232943534851074; -0.8526946306228638; -1.0030735731124878; 0.8666148781776428; -0.21089792251586914; 
44; 0.5110994577407837; -1.366540789604187; -0.26357486844062805; -0.6531868577003479; 0.8559353351593018; -0.10950148105621338; 
18; 0.17025181651115417; -0.970205545425415; -0.9705505967140198; -1.055100440979004; 0.904873251914978; -0.22488471865653992; 
81; 0.6008172631263733; -1.0442893505096436; -0.44747859239578247; -0.7590746283531189; 0.8444841504096985; -0.2068099081516266; 
56; 0.504638135433197; -1.203613519668579; -0.6692895293235779; -0.9296189546585083; 0.7755246758460999; -0.20100247859954834; 
14; 0.5295420289039612; -1.591992974281311; -0.295957088470459; -1.0170860290527344; 0.897497296333313; 0.043113335967063904; 
95; 0.41592442989349365; -0.8252595663070679; -0.19046035408973694; -0.9506465196609497; 0.6936621069908142; -0.1756942719221115; 
35; 0.4910700023174286; -0.9940512776374817; -0.7305113077163696; -1.1377043724060059; 0.8058173060417175; -0.2601330578327179; 
12; 0.654996931552887; -1.1194753646850586; -0.4141766428947449; -0.993368923664093; 0.9081410765647888; -0.17783182859420776; 
68; 0.38059428334236145; -1.1076045036315918; -0.5123848915100098; -0.7659420967102051; 0.9338849782943726; -0.23164671659469604; 
28; 0.41854414343833923; -0.9789690971374512; -0.6951454281806946; -1.058493971824646; 0.6413827538490295; -0.15096673369407654; 
91; 0.3138085603713989; -0.7069064378738403; -0.4518223702907562; -0.9815965294837952; 1.0039808750152588; -0.002787083387374878; 
73; 0.564446210861206; -0.8170934915542603; -0.7103705406188965; -0.9306053519248962; 0.7505263686180115; -0.09862594306468964; 
22; 0.8201662302017212; -0.9935457110404968; -0.13334201276302338; -0.8343684077262878; 0.9249672889709473; -0.0288851261138916; 
32; 0.2616455554962158; -0.9638452529907227; -0.5704038143157959; -0.9238451719284058; 0.6908369660377502; -0.1582459956407547; 
58; 0.10584157705307007; -1.154021143913269; -0.1743314266204834; -0.89425128698349; 0.864707350730896; -0.09735018014907837; 
98; 0.11594933271408081; -0.73344886302948; -0.5669876337051392; -0.7914185523986816; 0.6642696261405945; -0.24041569232940674; 
79; 0.4125209450721741; -1.4038071632385254; -0.7548902034759521; -1.02201509475708; 0.754346489906311; -0.2199498414993286; 
65; 0.29920560121536255; -2.0191922187805176; -0.2900320291519165; -0.9857269525527954; 0.8172051310539246; -0.11496549844741821; 
76; 0.3752586245536804; -1.1111090183258057; -1.0120518207550049; -0.9032887816429138; 0.7279871106147766; -0.15014739334583282; 
2; 0.21169191598892212; -0.9636938571929932; -0.4283367097377777; -0.7234717607498169; 0.9085596799850464; -0.06700870394706726; 
46; 0.5103738307952881; -1.5359517335891724; 0.06915333867073059; -0.9738304018974304; 0.9197391867637634; -0.0894727110862732; 
88; 0.06765565276145935; -1.1713931560516357; -0.2593364417552948; -0.8364248275756836; 0.7846319079399109; -0.13996264338493347; 
10; 0.4600313603878021; -1.1209678649902344; -0.4421307444572449; -0.8207119703292847; 0.9135675430297852; -0.1497916430234909; 
59; 0.14400342106819153; -1.7014238834381104; -0.5360186100006104; -0.9970811009407043; 0.7960327863693237; -0.26096150279045105; 
75; -0.15455597639083862; -1.550546646118164; -0.7467626333236694; -0.9605956077575684; 0.851093053817749; -0.18171434104442596; 
96; 0.2563993036746979; -0.8536773920059204; -0.6895514726638794; -1.0743328332901; 0.8580126762390137; -0.38319987058639526; 
52; 0.2677239775657654; -1.1504689455032349; -0.37257087230682373; -0.8129303455352783; 0.9341574907302856; -0.15079666674137115; 
39; 0.14741122722625732; -1.1039533615112305; -0.6996597051620483; -0.8148863315582275; 0.7481934428215027; -0.21466206014156342; 
21; 0.28498807549476624; -1.0063666105270386; -0.7015424966812134; -0.7756814360618591; 0.8294476270675659; -0.029123514890670776; 
97; 0.5919351577758789; -1.1532361507415771; -0.6835036277770996; -0.9028826951980591; 0.8468811511993408; -0.16806121170520782; 
82; 0.8196598887443542; -0.8556063175201416; -0.6664114594459534; -0.8108354806900024; 0.8879892826080322; -0.16793173551559448; 
34; 0.5537419319152832; -1.1506788730621338; -0.43265315890312195; -0.935929000377655; 0.9368720054626465; -0.24077872931957245; 
41; 0.46158796548843384; -1.0261821746826172; -0.509210467338562; -0.9665911197662354; 0.7781928777694702; -0.2747797966003418; 
13; 0.6107640266418457; -1.0497764348983765; -0.3581300973892212; -0.913529634475708; 0.9028739929199219; -0.1758158653974533; 
78; 0.5333346724510193; -0.47091734409332275; -0.6050329208374023; -0.8546060919761658; 0.8435080051422119; -0.22999796271324158; 
54; 0.5011389255523682; -1.3495159149169922; -0.45473769307136536; -0.8095794320106506; 0.7851458787918091; -0.20627933740615845; 
49; 0.48336198925971985; -1.5831267833709717; -0.5268204212188721; -0.9918035268783569; 0.9539288282394409; -0.0576523095369339; 
31; 0.43379175662994385; -1.1279792785644531; -0.5423803329467773; -0.8601977229118347; 0.99080491065979; -0.2513154149055481; 
15; 0.4903527498245239; -1.0447698831558228; -0.44671469926834106; -0.893597424030304; 0.7944386601448059; -0.10475915670394897; 
92; 0.31185248494148254; -0.844284176826477; -0.5021459460258484; -0.8362086415290833; 0.8060144186019897; -0.009459495544433594; 
47; 0.3613131046295166; -1.7122313976287842; -0.5084748268127441; -0.9183467626571655; 0.8478237390518188; -0.07291728258132935; 
83; 0.4580300450325012; -0.9320500493049622; -0.5934702754020691; -0.9118294715881348; 0.7139897346496582; -0.3342643976211548; 
57; 0.4227392077445984; -1.2957624197006226; -0.18762290477752686; -0.8616359829902649; 0.7774750590324402; -0.07895360887050629; 
33; 0.37871524691581726; -0.9125465154647827; -0.38552671670913696; -0.8714107871055603; 0.748882532119751; -0.14115124940872192; 
43; 0.4501214027404785; -0.8760644197463989; -0.6960260272026062; -1.0260239839553833; 0.9036474227905273; -0.16281811892986298; 
55; 0.3551597595214844; -0.8801262378692627; -0.40467825531959534; -0.655735433101654; 0.948307991027832; -0.1279701590538025; 
50; 0.5287380814552307; -1.4653048515319824; -0.12481676042079926; -0.8983171582221985; 0.9136524200439453; -0.08608344942331314; 
9; 0.22624298930168152; -1.0985723733901978; -0.6790183782577515; -0.7843409180641174; 0.7712418437004089; -0.10649547725915909; 
86; 0.19422194361686707; -0.5366388559341431; -0.523891806602478; -0.9593905210494995; 1.0453702211380005; -0.14949320256710052; 
100; 0.21956318616867065; -1.227320671081543; -0.30792099237442017; -0.9416773915290833; 0.8153685927391052; -0.05270206928253174; 
70; 0.47262483835220337; -0.9053195714950562; -0.37919753789901733; -0.9599783420562744; 0.8370348215103149; -0.20157857239246368; 
51; 0.40027493238449097; -0.6888437271118164; -0.7641034126281738; -0.8979568481445312; 0.9219313263893127; -0.2260512262582779; 
61; 0.2233090102672577; -1.1236915588378906; -0.14220575988292694; -0.781688392162323; 1.0362567901611328; -0.17928072810173035; 
42; 0.2489309012889862; -0.6435703039169312; -0.5320985317230225; -0.7867605686187744; 0.9093797206878662; -0.22627481818199158; 
53; 0.6495055556297302; -1.246901035308838; -0.49200084805488586; -0.7665314674377441; 0.7726885080337524; -0.2535264492034912; 
4; 0.4726366698741913; -0.9400655031204224; -0.6829676032066345; -0.988877534866333; 0.785457193851471; -0.2535676956176758; 
40; 0.25385943055152893; -1.219156265258789; -0.28117281198501587; -0.8152544498443604; 0.862891674041748; 0.0266447514295578; 
48; 0.7899521589279175; -0.5650753378868103; -0.07868650555610657; -0.9986740946769714; 0.9842181205749512; -0.29675352573394775; 
84; 0.4901174008846283; -1.2814735174179077; -0.43921345472335815; -0.8815171718597412; 0.8167270421981812; -0.22011665999889374; 
6; 0.5643140077590942; -1.2791532278060913; -0.3158179223537445; -0.8189764618873596; 0.9358533620834351; -0.15071319043636322; 
85; 0.49227139353752136; -0.743831992149353; -0.5461279153823853; -0.9161026477813721; 0.8142866492271423; -0.12000201642513275; 
25; 0.02936321496963501; -1.267025351524353; -0.7104196548461914; -0.9005099534988403; 0.7680449485778809; -0.3879966735839844; 
71; 0.2596369981765747; -1.8079984188079834; -0.9800829887390137; -1.0118048191070557; 0.8147774338722229; -0.16465196013450623; 
72; 0.24386149644851685; -0.7724958658218384; -0.8574538230895996; -1.037395715713501; 0.7717991471290588; -0.19696344435214996; 
63; 0.28943440318107605; -1.2205402851104736; -0.600670337677002; -0.8458290100097656; 0.8683607578277588; -0.16900350153446198; 
60; 0.4976239502429962; -1.3260886669158936; -0.2057306468486786; -0.8874861001968384; 0.7866355180740356; -0.13553549349308014; 
90; 0.09635969996452332; -1.3005497455596924; -0.5429807901382446; -1.000309944152832; 0.8207926154136658; -0.20758333802223206; 
37; 0.3682057559490204; -1.0532186031341553; -0.7018389701843262; -0.8298496603965759; 0.823894739151001; -0.26507022976875305; 
7; 0.1843094825744629; -0.9892468452453613; -0.26401567459106445; -0.8480986952781677; 0.884577214717865; -0.2064528465270996; 
3; 0.2601812481880188; -1.4740298986434937; -0.3351132571697235; -0.7775959372520447; 0.813010036945343; -0.015152394771575928; 
