60; 1.3016295433044434; -0.21550774574279785; 0.6701962351799011; -0.553042471408844; 1.212110161781311; 0.15008632838726044; 
63; 1.1624077558517456; -0.13386619091033936; 0.44095826148986816; -0.49173110723495483; 1.3482577800750732; 0.3049938678741455; 
37; 1.3115516901016235; 0.13585835695266724; 0.44566860795021057; -0.3711932897567749; 1.3588297367095947; 0.18301384150981903; 
3; 1.0471646785736084; -0.36867082118988037; 0.46439072489738464; -0.45781415700912476; 1.1946624517440796; 0.31343263387680054; 
7; 1.1748753786087036; 0.1868707835674286; 0.8099331855773926; -0.4444238245487213; 1.3683371543884277; 0.23335130512714386; 
90; 1.0594110488891602; -0.07200515270233154; 0.6006993055343628; -0.49876177310943604; 1.3491662740707397; 0.21069376170635223; 
72; 1.3343720436096191; 0.42973995208740234; 0.23664480447769165; -0.5475144386291504; 1.3707408905029297; 0.3145235776901245; 
71; 1.202443242073059; -0.3350198268890381; 0.19434845447540283; -0.5510215163230896; 1.3331019878387451; 0.29504281282424927; 
1; 1.3547227382659912; 0.06962341070175171; 0.0889260470867157; -0.5869524478912354; 1.1396260261535645; 0.28730079531669617; 
45; 1.194371223449707; -0.42519474029541016; 0.31370729207992554; -0.4053908884525299; 1.1832830905914307; 0.19199877977371216; 
38; 1.225878357887268; 0.03565877676010132; 0.6720013618469238; -0.540255069732666; 1.2404459714889526; 0.13770362734794617; 
23; 1.0704442262649536; -0.00129777193069458; 0.31743866205215454; -0.5668308734893799; 1.2601852416992188; 0.1916486918926239; 
19; 1.2072442770004272; -0.08815568685531616; -0.19807469844818115; -0.5087289810180664; 1.3263030052185059; 0.26483577489852905; 
30; 1.4139752388000488; 0.07632845640182495; 0.25312039256095886; -0.5478704571723938; 1.338139295578003; 0.28673553466796875; 
8; 1.0967512130737305; -0.3136745095252991; -0.031017065048217773; -0.6688963770866394; 1.26548171043396; 0.21167588233947754; 
26; 1.1042094230651855; 0.3440204858779907; 0.40018415451049805; -0.6686707735061646; 1.3709841966629028; 0.03982730209827423; 
93; 1.1565645933151245; -0.5588679313659668; 0.4004473388195038; -0.6548396348953247; 1.326997995376587; 0.15353678166866302; 
89; 1.217113971710205; -0.20892363786697388; 0.2758716642856598; -0.6044812202453613; 1.3055157661437988; 0.08962509036064148; 
87; 0.9558515548706055; -0.1803327202796936; 0.24277645349502563; -0.4800596237182617; 1.2383302450180054; 0.18654602766036987; 
67; 1.202642560005188; 0.20179232954978943; 0.4585723280906677; -0.45705103874206543; 1.2965023517608643; 0.1836780309677124; 
74; 0.9227386116981506; 0.19211798906326294; 0.3705098628997803; -0.6218409538269043; 1.2948362827301025; 0.16568703949451447; 
69; 1.0293058156967163; -0.3102896809577942; 0.37291499972343445; -0.5159924030303955; 1.240905523300171; 0.13872955739498138; 
66; 1.2154072523117065; -0.28007441759109497; 0.6429580450057983; -0.5098129510879517; 1.256727695465088; 0.02116253972053528; 
16; 1.2556060552597046; 0.15016847848892212; 0.32178887724876404; -0.5043765902519226; 1.2014943361282349; 0.00942462682723999; 
80; 0.928341269493103; -0.036043137311935425; 0.3239273428916931; -0.4421008229255676; 1.2317028045654297; 0.1649339199066162; 
5; 1.1631243228912354; -0.06273889541625977; 0.2791511118412018; -0.6108884811401367; 1.2977533340454102; 0.13653138279914856; 
94; 1.179189682006836; 0.3359760046005249; 0.535081684589386; -0.40972578525543213; 1.3532660007476807; 0.27364712953567505; 
62; 1.171471357345581; -0.06980735063552856; 0.6051512360572815; -0.6607222557067871; 1.3867830038070679; 0.32345378398895264; 
11; 1.2009615898132324; 0.2531290054321289; 0.43519413471221924; -0.4120670557022095; 1.315893292427063; 0.47012394666671753; 
24; 1.2591478824615479; -0.12212973833084106; 0.7016011476516724; -0.6523066759109497; 1.2019541263580322; 0.11389346420764923; 
36; 0.9464765191078186; -0.43812623620033264; 0.12204000353813171; -0.47020432353019714; 0.9898712635040283; 0.18457409739494324; 
64; 1.2215945720672607; -0.16539865732192993; 0.3111081123352051; -0.36407431960105896; 1.1390007734298706; 0.3002862334251404; 
20; 1.176445722579956; -0.020156174898147583; 0.36029744148254395; -0.5452049970626831; 1.2158643007278442; 0.23808544874191284; 
29; 1.2718651294708252; -0.31067216396331787; 0.6432952880859375; -0.48155462741851807; 1.1828974485397339; 0.1543203592300415; 
99; 1.159470558166504; 0.11665096879005432; 0.6302967667579651; -0.6555519104003906; 1.0200212001800537; 0.13066303730010986; 
77; 1.0581873655319214; -0.27127301692962646; 0.40749281644821167; -0.524920642375946; 1.2292488813400269; 0.14545367658138275; 
27; 1.3022915124893188; 0.03430384397506714; 0.5806950330734253; -0.528626561164856; 1.1968791484832764; 0.38944172859191895; 
18; 1.0763542652130127; 0.08857661485671997; -0.05026817321777344; -0.6837412118911743; 1.2968926429748535; 0.1460249125957489; 
81; 1.4481098651885986; 0.06222289800643921; 0.5559087991714478; -0.4365898072719574; 1.299311637878418; 0.19431227445602417; 
44; 1.2246229648590088; -0.3249848484992981; 0.4635317325592041; -0.3690817058086395; 1.3256748914718628; 0.2022404819726944; 
95; 1.1882973909378052; 0.14383220672607422; 0.6247553825378418; -0.6452468633651733; 1.1173803806304932; 0.18530510365962982; 
56; 1.438030481338501; 0.03984600305557251; 0.3649420142173767; -0.5310598015785217; 1.1804453134536743; 0.23091310262680054; 
12; 1.4280240535736084; -0.08202242851257324; 0.6060534715652466; -0.5814593434333801; 1.3175499439239502; 0.14828236401081085; 
17; 1.4268014430999756; -0.22356468439102173; 0.01840117573738098; -0.6859093904495239; 1.2628839015960693; 0.10886888951063156; 
28; 1.1686828136444092; -0.06466040015220642; 0.14961686730384827; -0.6751872301101685; 0.9971688389778137; 0.23848383128643036; 
35; 1.2622498273849487; -0.010631561279296875; 0.21481361985206604; -0.7233311533927917; 1.1906267404556274; 0.13311457633972168; 
68; 1.1068989038467407; -0.12718325853347778; 0.30261820554733276; -0.460903525352478; 1.3777416944503784; 0.16687791049480438; 
14; 1.249049186706543; -0.4928663969039917; 0.5889320373535156; -0.6247577667236328; 1.4006952047348022; 0.4694344103336334; 
91; 1.1413767337799072; 0.12442892789840698; 0.4527001976966858; -0.5910854339599609; 1.4305596351623535; 0.3685949146747589; 
73; 1.2605496644973755; 0.11350458860397339; 0.212774395942688; -0.536537230014801; 1.094470739364624; 0.23373910784721375; 
22; 1.5886151790618896; 0.05479788780212402; 0.7960602045059204; -0.4965488612651825; 1.3236533403396606; 0.31654036045074463; 
79; 1.329231858253479; -0.16657871007919312; 0.3616000711917877; -0.5905121564865112; 1.259308934211731; 0.21284645795822144; 
2; 0.8648642301559448; -0.11547195911407471; 0.37371575832366943; -0.4134436249732971; 1.307512640953064; 0.27299031615257263; 
58; 0.9320412874221802; -0.23159736394882202; 0.5976568460464478; -0.54250168800354; 1.2471411228179932; 0.25428351759910583; 
98; 1.1112332344055176; 0.3608538806438446; 0.5846040844917297; -0.3509933054447174; 1.0960992574691772; 0.19111645221710205; 
32; 1.2905848026275635; 0.362771213054657; 0.48723646998405457; -0.4632895290851593; 1.2046345472335815; 0.26930102705955505; 
88; 1.0720912218093872; 0.051326215267181396; 0.8036681413650513; -0.45798128843307495; 1.2420785427093506; 0.2729298174381256; 
59; 1.1175167560577393; -0.2739259600639343; 0.6874598264694214; -0.5152991414070129; 1.3388863801956177; 0.21992096304893494; 
76; 1.1318063735961914; -0.03409606218338013; 0.053138673305511475; -0.5424430966377258; 1.134683609008789; 0.22452691197395325; 
65; 1.2083556652069092; -0.6781246066093445; 0.6372044086456299; -0.5609651803970337; 1.2821389436721802; 0.31540027260780334; 
10; 1.228116750717163; -0.14118027687072754; 0.4469110369682312; -0.4721180200576782; 1.3380054235458374; 0.1916145384311676; 
46; 1.2788751125335693; -0.39271360635757446; 0.9838169813156128; -0.612332820892334; 1.2860134840011597; 0.2598426640033722; 
75; 0.7817955017089844; -0.20642614364624023; 0.28206726908683777; -0.5100991725921631; 1.3562710285186768; 0.2651224434375763; 
39; 0.9893467426300049; -0.022470593452453613; 0.21487465500831604; -0.37270987033843994; 1.1925597190856934; 0.18392755091190338; 
96; 1.0112172365188599; 0.020062774419784546; 0.2683587968349457; -0.6860818862915039; 1.2628238201141357; -0.05794888734817505; 
97; 1.398467779159546; 0.057080209255218506; 0.26124894618988037; -0.4777275621891022; 1.3191906213760376; 0.2595977187156677; 
82; 1.511128306388855; 0.044721364974975586; 0.2053034007549286; -0.46504470705986023; 1.240880012512207; 0.11330457031726837; 
52; 0.9297828078269958; -0.14590448141098022; 0.3582581877708435; -0.42432528734207153; 1.3239513635635376; 0.16115425527095795; 
21; 1.230556607246399; 0.1832590103149414; 0.29052209854125977; -0.39920181035995483; 1.224729061126709; 0.3965240716934204; 
41; 1.3330892324447632; 0.11074602603912354; 0.5272014141082764; -0.4830293655395508; 1.1455382108688354; 0.13759297132492065; 
34; 1.3443269729614258; -0.13450533151626587; 0.3939060568809509; -0.6187826991081238; 1.3712648153305054; 0.15758776664733887; 
13; 1.386959433555603; -0.0027652978897094727; 0.4732140898704529; -0.6305042505264282; 1.3343690633773804; 0.17009268701076508; 
78; 1.3807520866394043; 0.4598083794116974; 0.33946484327316284; -0.5259518027305603; 1.2848539352416992; 0.21054089069366455; 
49; 1.2829084396362305; -0.4822627902030945; 0.43500906229019165; -0.5667774081230164; 1.3653779029846191; 0.35090363025665283; 
54; 1.2594733238220215; -0.1887073516845703; 0.5268901586532593; -0.39432084560394287; 1.320422649383545; 0.11505075544118881; 
15; 1.4929765462875366; 0.18068650364875793; 0.4523180425167084; -0.5058982372283936; 1.2591264247894287; 0.27169016003608704; 
31; 1.2721339464187622; 0.004652976989746094; 0.4480987787246704; -0.4576818346977234; 1.4776875972747803; 0.0824204832315445; 
92; 1.0744472742080688; -0.019497334957122803; 0.3329104781150818; -0.4554448425769806; 1.2454334497451782; 0.3815195858478546; 
33; 1.1795750856399536; 0.2465348243713379; 0.5084488987922668; -0.4435402750968933; 1.144663691520691; 0.21069739758968353; 
83; 1.289250135421753; 0.02920711040496826; 0.26868200302124023; -0.5605964064598083; 1.075501561164856; 0.0440824031829834; 
47; 1.0382323265075684; -0.5343365669250488; 0.4715724587440491; -0.6057245135307312; 1.2411949634552002; 0.30520445108413696; 
57; 1.2673476934432983; -0.1121445894241333; 0.7354393005371094; -0.46805304288864136; 1.2034804821014404; 0.32689833641052246; 
43; 1.4120211601257324; 0.20005500316619873; 0.2545272707939148; -0.6104190349578857; 1.3797607421875; 0.3058760166168213; 
55; 1.0816842317581177; -0.0602266788482666; 0.40153855085372925; -0.3828018605709076; 1.304215431213379; 0.24445785582065582; 
50; 1.2652287483215332; -0.4446009397506714; 0.7107818126678467; -0.5900877714157104; 1.2880839109420776; 0.3013596832752228; 
9; 0.8378994464874268; -0.13033539056777954; 0.21594977378845215; -0.4860771596431732; 1.210512399673462; 0.22159084677696228; 
86; 0.9800962209701538; 0.3619360029697418; 0.34169870615005493; -0.6659584045410156; 1.4029748439788818; 0.1971430629491806; 
70; 1.314297080039978; 0.18662148714065552; 0.6003620028495789; -0.5258908271789551; 1.331536889076233; 0.22690662741661072; 
100; 1.0722438097000122; -0.18881911039352417; 0.6727027893066406; -0.5641477704048157; 1.1884514093399048; 0.274137943983078; 
42; 0.9930264949798584; 0.18767109513282776; 0.22543370723724365; -0.4704214334487915; 1.303006887435913; 0.10404035449028015; 
61; 0.9703661799430847; -0.02510976791381836; 0.618485689163208; -0.4151344299316406; 1.3948071002960205; 0.1380680799484253; 
51; 1.2337384223937988; 0.4119107127189636; 0.2972666323184967; -0.4659257233142853; 1.3221970796585083; 0.15969091653823853; 
53; 1.3229966163635254; -0.277133047580719; 0.47494474053382874; -0.44569018483161926; 1.1945335865020752; 0.060242995619773865; 
4; 1.1504191160202026; -0.006265044212341309; 0.29617008566856384; -0.6859887838363647; 1.0709842443466187; 0.13383552432060242; 
40; 0.9463788866996765; -0.2141292691230774; 0.526361882686615; -0.4793471097946167; 1.2782137393951416; 0.33570611476898193; 
48; 1.5915014743804932; 0.21343600749969482; 0.7208676338195801; -0.6640949845314026; 1.4049417972564697; 0.05162334442138672; 
84; 1.2025145292282104; -0.2877599000930786; 0.3631306290626526; -0.6168879270553589; 1.1668363809585571; 0.10687009245157242; 
85; 1.22918701171875; 0.06286558508872986; 0.307422935962677; -0.5647382736206055; 1.215933918952942; 0.24306461215019226; 
6; 1.2616949081420898; -0.30628442764282227; 0.48082399368286133; -0.5124764442443848; 1.2896102666854858; 0.17201563715934753; 
25; 1.0973221063613892; 0.08054238557815552; 0.43333691358566284; -0.47793594002723694; 1.3509348630905151; 0.15055830776691437; 
