26
9
35
40
25
20
3
39
13
38
29
21
0
49
33
6
24
37
19
7
43
41
28
15
36
10
18
47
46
8
23
34
2
4
48
30
5
14
22
42
45
11
27
17
1
32
12
16
44
31
50
88
51
54
52
59
95
96
100
56
97
94
63
98
58
57
65
60
62
64
61
91
89
92
76
71
93
90
77
86
82
69
53
84
70
81
74
79
78
73
87
80
99
72
75
66
55
67
68
85
102
101
83
109
105
112
117
107
119
114
108
111
116
130
113
103
115
110
106
118
129
131
123
121
124
122
125
128
147
126
120
127
148
136
132
146
135
144
104
137
134
133
141
138
142
152
140
145
154
153
150
167
159
158
169
166
165
151
168
175
143
139
162
163
170
171
180
160
164
157
156
192
188
177
191
184
183
193
186
181
161
189
194
174
173
172
179
187
176
185
195
155
190
197
178
199
198
196
200
182
149
213
241
202
212
223
240
204
200
244
221
205
216
224
226
237
248
236
227
243
238
214
231
229
206
228
234
235
251
225
209
253
261
220
207
239
245
256
222
258
215
219
218
210
208
275
264
203
246
249
232
269
266
211
260
267
265
252
294
201
217
276
262
274
279
293
263
300
254
285
270
286
287
291
302
281
292
290
298
250
283
306
289
296
277
230
284
282
242
247
315
308
307
233
309
278
297
301
257
312
280
304
268
310
323
305
288
314
316
272
331
311
326
313
327
341
273
259
334
299
317
328
319
330
336
295
332
325
320
255
271
357
329
324
303
318
366
351
335
322
337
339
343
356
352
347
350
344
349
348
346
338
360
369
367
342
345
355
379
364
354
368
353
372
370
377
333
391
375
380
373
374
397
376
362
363
385
403
390
340
389
393
378
388
321
395
402
404
371
384
382
420
409
418
406
411
383
361
398
413
358
359
392
412
396
421
422
410
428
425
417
427
407
438
400
426
405
419
434
394
431
381
423
443
442
444
365
432
436
439
445
437
459
440
387
454
399
452
468
408
453
474
401
448
467
476
480
441
450
457
458
463
416
470
455
466
456
461
449
460
451
464
433
414
469
430
487
483
477
386
462
447
475
472
471
424
415
496
479
465
435
484
485
491
488
486
473
481
429
493
499
497
495
478
446
490
489
498
482
492
494
