0.000000000000000000e+00 3.686676446234346947e-11
6.840000000000000000e+02 4.484435277853145732e-07
1.496000000000000000e+03 1.343593520883934295e-06
3.123000000000000000e+03 1.963526476789570479e-06
3.767000000000000000e+03 3.160178422238611417e-06
3.945000000000000000e+03 3.519181564519292765e-06
4.841000000000000000e+03 3.928738377993917727e-06
5.413000000000000000e+03 4.430519339700007650e-06
6.750000000000000000e+03 4.983524245040807062e-06
7.407000000000000000e+03 5.260129135764986118e-06
7.884000000000000000e+03 5.304555548919191794e-06
8.794000000000000000e+03 6.053030751340665385e-06
9.571000000000000000e+03 6.616974221789810687e-06
1.024000000000000000e+04 7.163408944413383565e-06
1.110000000000000000e+04 8.162552525157871740e-06
1.250000000000000000e+04 8.845013991060228755e-06
1.382700000000000000e+04 8.948800162835544785e-06
1.473600000000000000e+04 9.003560044460275140e-06
1.518400000000000000e+04 1.149070569116518365e-05
1.617600000000000000e+04 1.488118396537321891e-05
1.696000000000000000e+04 2.432052666931347460e-05
1.739900000000000000e+04 2.439439719858264258e-05
1.814600000000000000e+04 3.634509998125965222e-05
1.968800000000000000e+04 3.720111110373038765e-05
2.029200000000000000e+04 3.754064541001818448e-05
2.119400000000000000e+04 4.010591001889781228e-05
2.226700000000000000e+04 4.057515359308784368e-05
2.282100000000000000e+04 4.075773041097229498e-05
2.355200000000000000e+04 4.169478600538268536e-05
2.419800000000000000e+04 5.284429308721249675e-05
2.481600000000000000e+04 6.068099926130221831e-05
2.494400000000000000e+04 6.180433480456894960e-05
2.633800000000000000e+04 4.991386368845620469e-05
2.780200000000000000e+04 4.956948029327576502e-05
2.912400000000000000e+04 4.409465556657339282e-05
2.974900000000000000e+04 4.145910937766376345e-05
3.000000000000000000e+04 4.133668211248211046e-05
