26; -1.321730136871338; -0.14416810870170593; -0.5807287693023682; -0.6696486473083496; 0.9040484428405762; -0.21446967124938965; 
40; -1.8000242710113525; -0.3963828682899475; -0.7484127283096313; -0.602621853351593; 0.8000574707984924; -0.02515130490064621; 
9; -1.1210131645202637; -0.1468747854232788; -0.43624454736709595; -0.4060065746307373; 0.8588370084762573; -0.22140245139598846; 
35; -1.5660254955291748; 0.05060383677482605; -0.6948353052139282; -0.4066232442855835; 0.9023162126541138; -0.22786182165145874; 
25; -1.4619210958480835; -0.14232128858566284; -0.8235247731208801; -0.7476738691329956; 0.7086484432220459; -0.3774329423904419; 
20; -1.4476039409637451; -0.3011093735694885; -0.568653404712677; -0.507336437702179; 1.0746835470199585; -0.2588645815849304; 
3; -1.3759886026382446; -0.03845137357711792; -0.5211051106452942; -0.4238688349723816; 0.9441065192222595; -0.3037758469581604; 
39; -1.480712890625; -0.6463505029678345; -0.7413762807846069; -0.5482817888259888; 0.9729938507080078; -0.01592758297920227; 
13; -1.3791182041168213; -0.3812048137187958; 0.010763615369796753; -0.6081123352050781; 0.8358117341995239; -0.01824265718460083; 
38; -1.3428465127944946; 0.026393473148345947; -0.43701955676078796; -0.5611910223960876; 0.9558649063110352; -0.27879059314727783; 
29; -0.8995356559753418; -0.3024430274963379; -0.3271390199661255; -0.3977603316307068; 0.9615635871887207; -0.13667777180671692; 
21; -1.332151174545288; -0.37549030780792236; -0.5984970927238464; -0.5428720116615295; 0.585907518863678; -0.04593014717102051; 
0; -1.0939534902572632; -0.10185328125953674; -0.2735263705253601; -0.592304527759552; 1.009657621383667; -0.00985802710056305; 
49; -1.3944098949432373; 0.04431977868080139; -0.3376690149307251; -0.6360862851142883; 0.9793112874031067; -0.06766542792320251; 
33; -1.4291155338287354; -0.15220555663108826; -0.2556091547012329; -0.5160515308380127; 0.7303034067153931; -0.08473405987024307; 
6; -1.1502892971038818; -0.32210344076156616; -0.6584756970405579; -0.5616889595985413; 0.9558720588684082; -0.10572703182697296; 
24; -1.5401952266693115; -0.32729199528694153; -0.4906996786594391; -0.5476911067962646; 0.898522138595581; -0.08288975059986115; 
37; -2.2304952144622803; -0.254977285861969; -0.3829263746738434; -0.5001740455627441; 0.896461009979248; -0.0554608553647995; 
19; -1.5331590175628662; -0.46624812483787537; -0.5315274596214294; -0.5233238935470581; 1.0399624109268188; -0.22102557122707367; 
7; -2.2888410091400146; -0.18316888809204102; -0.12199485301971436; -0.471041202545166; 0.9210188984870911; -0.15262003242969513; 
43; -1.0255041122436523; -0.1559571623802185; -0.05035552382469177; -0.5890588760375977; 0.9026712775230408; -0.2977391481399536; 
41; -1.3571898937225342; -0.08741673827171326; -0.22899693250656128; -0.6570008993148804; 0.7562625408172607; -0.045507967472076416; 
28; -1.3590760231018066; -0.24983297288417816; -0.5396440625190735; -0.6582978367805481; 0.8748006820678711; -0.31637346744537354; 
15; -2.400608539581299; -0.07326635718345642; -0.38439226150512695; -0.5673774480819702; 0.8515140414237976; -0.2641138434410095; 
10; -1.6452127695083618; -0.5800848603248596; -1.0336982011795044; -0.5590395331382751; 0.8745245337486267; -0.17925600707530975; 
36; -1.2932941913604736; -0.24177110195159912; -0.43777087330818176; -0.5370064377784729; 0.7803168892860413; -0.13442674279212952; 
47; -1.3471758365631104; -0.11396434903144836; -0.3549613654613495; -0.6161226034164429; 0.8451958298683167; -0.10625055432319641; 
18; -1.9687162637710571; -0.056975796818733215; -0.8047060966491699; -0.42263177037239075; 0.8967690467834473; -0.06626208126544952; 
46; -2.069952964782715; -0.17553091049194336; -0.2823667526245117; -0.5486452579498291; 0.8549275994300842; -0.23529945313930511; 
8; -1.219449520111084; -0.855962336063385; -0.8466323614120483; -0.7211729884147644; 0.9632006883621216; -0.2006872296333313; 
23; -0.9722046256065369; -0.2421000748872757; -0.5008139610290527; -0.6301522254943848; 1.0917619466781616; -0.020150303840637207; 
34; -1.0644190311431885; -0.02621355652809143; -0.5596885681152344; -0.6169936656951904; 0.9723496437072754; -0.33886462450027466; 
2; -2.0259923934936523; -0.49824976921081543; -1.0093966722488403; -0.6265977621078491; 0.6493412852287292; -0.29482927918434143; 
4; -1.5959978103637695; -0.12064039707183838; -0.4680464267730713; -0.5141295194625854; 0.9064346551895142; -0.12054668366909027; 
48; -1.616992473602295; -0.3528742492198944; -0.0074304938316345215; -0.5230139493942261; 1.0196797847747803; -0.3101942241191864; 
30; -1.1737074851989746; -0.40909913182258606; -0.7431483268737793; -0.4394463002681732; 1.0028475522994995; -0.0604223906993866; 
5; -1.541489839553833; -0.20895175635814667; -0.3818199336528778; -0.650252103805542; 0.8869719505310059; -0.18023453652858734; 
14; -1.3197433948516846; -0.3614061176776886; -0.3205266296863556; -0.5422462821006775; 0.7667141556739807; -0.32072290778160095; 
22; -1.328008770942688; -0.3171123266220093; -0.5685227513313293; -0.4245638847351074; 0.8255220055580139; -0.07850973308086395; 
42; -1.6583309173583984; -0.31602948904037476; -0.859431266784668; -0.5691909790039062; 0.9731630086898804; -0.15857751667499542; 
45; -1.4778211116790771; -0.4048357307910919; -0.578390896320343; -0.5355266332626343; 0.8422915935516357; -0.09104035794734955; 
11; -1.5683592557907104; -0.4042466878890991; -0.3416763246059418; -0.37598884105682373; 0.7743169665336609; -0.17509597539901733; 
27; -1.8998786211013794; -0.10677918791770935; -0.4375302493572235; -0.47216904163360596; 0.8992623090744019; -0.08178381621837616; 
17; -1.1909220218658447; -0.08683902025222778; -0.5950901508331299; -0.4707390069961548; 0.8967456221580505; -0.1294383853673935; 
1; -1.4349443912506104; -0.1368478536605835; -0.7091367244720459; -0.6775858402252197; 1.0646061897277832; -0.18049463629722595; 
32; -1.2316412925720215; -0.6219097375869751; -0.45418402552604675; -0.5536565780639648; 0.904335618019104; -0.20043285191059113; 
12; -1.7411673069000244; 0.0997624397277832; -0.40154731273651123; -0.6795185804367065; 0.8646911978721619; 0.05547553300857544; 
16; -1.8608744144439697; -0.018913328647613525; -0.8153977990150452; -0.7490324974060059; 0.960665225982666; -0.2077885866165161; 
44; -1.1913211345672607; -0.08098256587982178; -0.42946019768714905; -0.565325915813446; 0.9304355978965759; -0.10298706591129303; 
31; -1.363357424736023; -0.2870442271232605; -0.8373206853866577; -0.5860573053359985; 0.8779182434082031; -0.2094888687133789; 
50; -1.2163329124450684; -0.06147313117980957; -0.5641863346099854; -0.7608457803726196; 0.7278571128845215; -0.025427773594856262; 
88; -1.7860229015350342; -0.5397084355354309; -0.6153099536895752; -0.5246087908744812; 1.0135018825531006; -0.1475599855184555; 
51; -1.4414732456207275; -0.3635759949684143; -0.4805539548397064; -0.5133442878723145; 0.8275917172431946; -0.19688214361667633; 
54; -1.6436662673950195; -0.33514559268951416; -0.4405156373977661; -0.506753146648407; 0.9678211212158203; -0.31425741314888; 
52; -1.4432661533355713; -0.2835724353790283; -0.6798774003982544; -0.38752156496047974; 0.8200966119766235; -0.22937266528606415; 
59; -1.7473533153533936; -0.25052952766418457; -0.8121185898780823; -0.6774943470954895; 0.9413415193557739; -0.22802424430847168; 
95; -0.9855279326438904; -0.3221791982650757; 0.020514845848083496; -0.6023149490356445; 1.045577049255371; -0.104957714676857; 
96; -1.6008358001708984; -0.48106804490089417; -0.6460690498352051; -0.693960428237915; 0.715094804763794; -0.3522903323173523; 
100; -1.3955607414245605; -0.3498889207839966; -0.12648890912532806; -0.6254421472549438; 0.7116836309432983; -0.14144444465637207; 
56; -1.455317497253418; -0.3496083617210388; -0.4311639070510864; -0.5447513461112976; 0.9417626857757568; -0.12339198589324951; 
94; -1.1916990280151367; -0.39496031403541565; -0.3888329863548279; -0.4728308916091919; 0.9463738203048706; -0.4607592821121216; 
97; -1.74019193649292; -0.09637898206710815; -0.6153064966201782; -0.6657764911651611; 0.7335309386253357; -0.2879513204097748; 
98; -1.636601209640503; -0.6128748655319214; -0.629478394985199; -0.6362825632095337; 0.8749059438705444; -0.16727527976036072; 
63; -1.4334256649017334; 0.20156511664390564; -0.08677032589912415; -0.685503363609314; 1.1879351139068604; -0.08050581067800522; 
58; -1.3320534229278564; -0.5225442051887512; -0.3661237955093384; -0.809398353099823; 0.9521690607070923; -0.1265300065279007; 
57; -1.4294177293777466; -0.18662545084953308; -0.2733125388622284; -0.46270179748535156; 1.0371811389923096; -0.02271007001399994; 
65; -1.257847785949707; -0.13517993688583374; -0.5715541839599609; -0.6306847333908081; 0.9473312497138977; -0.34476438164711; 
60; -1.7375478744506836; -0.4156097173690796; -0.24526427686214447; -0.5898569226264954; 0.8922246098518372; -0.11929670721292496; 
62; -1.3050777912139893; -0.5027579069137573; -0.3003266155719757; -0.45932573080062866; 0.8923991322517395; -0.03394254297018051; 
61; -1.0101327896118164; -0.5303484797477722; -0.3670286238193512; -0.7648137807846069; 0.9594321250915527; -0.04609356075525284; 
64; -1.2696917057037354; -0.3232702612876892; -0.6272331476211548; -0.5622732639312744; 1.0350525379180908; -0.2958700358867645; 
91; -1.6963136196136475; -0.004716366529464722; -0.46402639150619507; -0.5001264214515686; 0.6951925754547119; -0.3238307535648346; 
89; -1.6888468265533447; 0.0409262478351593; -0.42884767055511475; -0.5729718208312988; 0.9214902520179749; -0.2576911151409149; 
92; -1.5082098245620728; -0.33743321895599365; -0.3990997076034546; -0.576378583908081; 0.7603650689125061; -0.1360151320695877; 
71; -1.7358760833740234; 0.04336583614349365; -0.5129578113555908; -0.6034183502197266; 0.8499528169631958; -0.1262788474559784; 
76; -1.0600318908691406; -0.19476823508739471; -0.21057042479515076; -0.6026499271392822; 0.9227845668792725; -0.16330310702323914; 
93; -1.4376074075698853; -0.2616617679595947; -0.512719452381134; -0.5866064429283142; 0.9444490075111389; -0.19618168473243713; 
90; -1.1594330072402954; -0.6113687753677368; -0.32586607336997986; -0.4734300673007965; 0.7671574950218201; -0.044252097606658936; 
77; -1.4889953136444092; -0.38261517882347107; -0.3921104967594147; -0.46376997232437134; 0.9511135816574097; -0.1543934941291809; 
86; -1.7514586448669434; 0.1422492265701294; -0.6950071454048157; -0.5162807703018188; 0.9284224510192871; -0.20824119448661804; 
82; -2.0078444480895996; -0.35408124327659607; -0.22405526041984558; -0.774885892868042; 0.9636555910110474; -0.20097172260284424; 
69; -1.6973304748535156; -0.1205826997756958; -0.7887396812438965; -0.47841769456863403; 0.8336275815963745; 0.06839053332805634; 
53; -1.5987560749053955; -0.5720924735069275; -0.427486777305603; -0.43329721689224243; 1.0781041383743286; -0.2084989845752716; 
84; -1.785585641860962; -0.05918598175048828; -0.6620364785194397; -0.5726116895675659; 0.7864727973937988; -0.19143715500831604; 
70; -1.392539620399475; -0.19554364681243896; -0.8834839463233948; -0.6162596940994263; 0.7900930047035217; -0.2872928977012634; 
81; -1.313593864440918; -0.33548301458358765; -0.6230385303497314; -0.6865865588188171; 1.054956316947937; -0.167853444814682; 
74; -1.566912293434143; -0.12376797199249268; -0.4958549439907074; -0.813683032989502; 0.867002010345459; -0.25613513588905334; 
79; -1.1062793731689453; -0.48018789291381836; -0.5102518200874329; -0.788001537322998; 0.9469785094261169; 0.008330464363098145; 
78; -1.6280386447906494; -0.5876402258872986; -0.029040992259979248; -0.454384982585907; 0.7896766066551208; -0.07779254764318466; 
73; -1.5637071132659912; -0.18220849335193634; -0.25942277908325195; -0.6061414480209351; 0.9178832769393921; -0.15015703439712524; 
87; -1.234644889831543; -0.34698486328125; -0.36004719138145447; -0.48625272512435913; 1.1111323833465576; -0.19989043474197388; 
80; -1.130475401878357; -0.13298296928405762; -0.28095635771751404; -0.4663122892379761; 0.9047244191169739; -0.15200448036193848; 
99; -1.4287526607513428; -0.12475219368934631; -0.7568337917327881; -0.6499797105789185; 0.9088942408561707; -0.0005243420600891113; 
72; -1.5561089515686035; -0.31904783844947815; -0.5216788649559021; -0.5821069478988647; 0.9698443412780762; -0.19515317678451538; 
75; -1.5036802291870117; -0.45944803953170776; -0.40301671624183655; -0.37463313341140747; 1.2096004486083984; -0.18528395891189575; 
66; -1.5644762516021729; -0.40772128105163574; -0.636648416519165; -0.6503431797027588; 0.9745557308197021; -0.20369328558444977; 
55; -2.3362765312194824; -0.20405730605125427; -0.7436511516571045; -0.8506589531898499; 0.8264081478118896; -0.27249741554260254; 
67; -1.9752557277679443; -0.4446202516555786; -0.07299736142158508; -0.566240668296814; 0.8227910995483398; -0.1801232099533081; 
68; -1.522613525390625; -0.15012596547603607; -0.44463732838630676; -0.6094395518302917; 0.9979158639907837; -0.09621307253837585; 
85; -1.1695935726165771; -0.1211417019367218; -0.6363268494606018; -0.49856746196746826; 0.8346984386444092; -0.4014556407928467; 
102; -1.8134119510650635; -0.21547475457191467; -0.4638325572013855; -0.7004098892211914; 1.0342676639556885; -0.26637890934944153; 
101; -0.8666096925735474; -0.12440463900566101; -0.13872352242469788; -0.4800424873828888; 0.8138318657875061; -0.15991604328155518; 
83; -1.4117748737335205; -0.17409475147724152; -0.6048504114151001; -0.3512040376663208; 0.9698380827903748; -0.1565847396850586; 
112; -1.2623906135559082; -0.23412305116653442; -0.5991775393486023; -0.45411360263824463; 0.9053972363471985; -0.1507175713777542; 
109; -1.601123571395874; -0.27831578254699707; -0.19772791862487793; -0.5886680483818054; 0.9807828068733215; -0.33699285984039307; 
105; -0.9303427934646606; -0.32855042815208435; -0.34809204936027527; -0.6523842215538025; 1.0003085136413574; -0.17675766348838806; 
117; -1.4683278799057007; -0.227823868393898; -0.767805814743042; -0.5598092079162598; 0.857749342918396; -0.03874637931585312; 
107; -0.9769910573959351; -0.196285218000412; -0.3296157419681549; -0.4608556628227234; 1.0095624923706055; -0.2611890435218811; 
119; -1.879730224609375; -0.31013748049736023; -0.5504792928695679; -0.7389795184135437; 0.7238997220993042; -0.325320839881897; 
114; -1.475388526916504; 0.04131251573562622; -0.5444917678833008; -0.5531484484672546; 0.8806688785552979; -0.12729552388191223; 
108; -1.3602268695831299; -0.009036839008331299; -0.2934008240699768; -0.5285876393318176; 0.9089943170547485; -0.16012468934059143; 
111; -1.9146268367767334; -0.49168094992637634; -0.7053929567337036; -0.48515599966049194; 0.8580341935157776; -0.11630275845527649; 
116; -1.3421963453292847; -0.09040337800979614; -0.4447838366031647; -0.6231406331062317; 0.7978206872940063; -0.27711740136146545; 
130; -1.5484039783477783; -0.1978108286857605; -0.5692254304885864; -0.44812309741973877; 0.915018618106842; -0.22386689484119415; 
113; -1.6101828813552856; -0.2623353600502014; -0.3405807614326477; -0.5375761985778809; 1.0838452577590942; 0.054320693016052246; 
103; -1.1406176090240479; -0.018583238124847412; -0.734230101108551; -0.5388914346694946; 0.7912562489509583; -0.2532212734222412; 
115; -1.2452149391174316; -0.2149592489004135; -0.4509522318840027; -0.5325783491134644; 0.9304876923561096; 0.020695701241493225; 
110; -1.4675930738449097; -0.19625870883464813; -0.714964747428894; -0.585421085357666; 0.9521359205245972; 0.00632573664188385; 
118; -1.461116909980774; -0.14707183837890625; -0.4306434988975525; -0.6796391606330872; 0.7250869274139404; -0.336550235748291; 
106; -2.0804460048675537; -0.5176675319671631; -0.5678592324256897; -0.6750938296318054; 0.9067176580429077; -0.18587014079093933; 
129; -2.2031607627868652; -0.3302897810935974; -0.8047569394111633; -0.5367334485054016; 1.1283652782440186; -0.1893213391304016; 
131; -1.2250182628631592; -0.41265058517456055; -0.28202444314956665; -0.5391437411308289; 0.805246114730835; -0.289842814207077; 
123; -1.5024617910385132; 0.15666607022285461; -0.32286518812179565; -0.5864695310592651; 0.9722528457641602; -0.2767598628997803; 
121; -1.358893871307373; -0.3995087742805481; -0.8943402767181396; -0.5097572207450867; 0.9424667954444885; 0.04636780917644501; 
124; -1.5723718404769897; 0.08681455254554749; -0.4818769097328186; -0.5142452120780945; 0.817578911781311; -0.24751338362693787; 
122; -1.2952044010162354; -0.4051129221916199; -0.7241002321243286; -0.6607637405395508; 0.8372134566307068; -0.09768003225326538; 
125; -2.134164333343506; 0.13684067130088806; -0.3759252429008484; -0.4576925039291382; 0.7182874083518982; 0.016301751136779785; 
128; -1.4952375888824463; -0.13712576031684875; -0.8821119070053101; -0.6639997959136963; 0.8552316427230835; -0.1468132883310318; 
147; -1.8881115913391113; -0.46873632073402405; -0.3545740246772766; -0.6698702573776245; 0.9403485059738159; -0.22000855207443237; 
126; -2.0809149742126465; -0.10304027795791626; -0.7866661548614502; -0.5564279556274414; 0.6518728733062744; -0.09168639779090881; 
120; -1.074927806854248; 0.13813836872577667; -0.44717729091644287; -0.4519435465335846; 1.014651894569397; -0.14025001227855682; 
127; -2.3074817657470703; -0.4642515778541565; -0.3724762201309204; -0.47815677523612976; 0.8514543175697327; -0.189669668674469; 
148; -1.3175249099731445; -0.08254140615463257; -0.25794315338134766; -0.40529853105545044; 0.9274219274520874; -0.15709897875785828; 
136; -1.3945019245147705; -0.08211413025856018; -0.007377147674560547; -0.5408843755722046; 0.8877067565917969; -0.2991223931312561; 
132; -1.257049560546875; -0.7125455141067505; -0.8746541142463684; -0.8311478495597839; 1.0986216068267822; -0.1234191358089447; 
146; -1.567504644393921; -0.2258642315864563; -0.7174579501152039; -0.5663453340530396; 0.8520519137382507; -0.13346651196479797; 
135; -1.6809598207473755; -0.7100652456283569; -0.4799138903617859; -0.43574798107147217; 0.8627597093582153; -0.12135645747184753; 
144; -1.4532572031021118; -0.2532774806022644; -0.7203794717788696; -0.5243569016456604; 1.0613818168640137; -0.14488594233989716; 
104; -0.9209766387939453; -0.3222729563713074; -0.4148111641407013; -0.539329469203949; 1.030667781829834; -0.42093273997306824; 
137; -1.326759696006775; 0.04690045118331909; -0.4905908405780792; -0.4688339829444885; 0.9379732012748718; -0.24792131781578064; 
134; -1.5221439599990845; -0.6097054481506348; 0.01896914839744568; -0.48073625564575195; 0.9812725782394409; -0.04328526556491852; 
133; -1.6362206935882568; -0.5120304822921753; -0.6635171175003052; -0.6358776092529297; 0.8454833626747131; -0.2387681007385254; 
141; -1.487937569618225; -0.22000938653945923; -0.5421130657196045; -0.4973588287830353; 0.8536632061004639; -0.0648343414068222; 
138; -1.3328173160552979; -0.503677248954773; -0.7095327377319336; -0.5643069744110107; 1.0339645147323608; -0.0884651318192482; 
142; -1.1492958068847656; -0.2250554859638214; -0.17994162440299988; -0.658888041973114; 0.8106688261032104; -0.25260984897613525; 
152; -1.233108401298523; -0.1573742777109146; -0.9982096552848816; -0.6647787094116211; 0.902287483215332; -0.36107969284057617; 
140; -1.2379904985427856; -0.0119381844997406; -0.6215897798538208; -0.7697003483772278; 0.900579571723938; -0.02370631694793701; 
145; -1.295868992805481; -0.09063650667667389; -0.2056521773338318; -0.4444822072982788; 0.8086744546890259; -0.0904296338558197; 
154; -1.3407213687896729; -0.2609444260597229; -0.5264822244644165; -0.7142179608345032; 0.9515823721885681; 0.03370442986488342; 
153; -2.094561815261841; -0.3401389718055725; -0.440412700176239; -0.5968183279037476; 0.8231490254402161; -0.13155171275138855; 
150; -0.9776145219802856; -0.5740000009536743; -0.6028886437416077; -0.6459100842475891; 0.8823446035385132; -0.23562070727348328; 
167; -1.5026553869247437; -0.33631110191345215; -0.4759957492351532; -0.650786280632019; 1.0274932384490967; -0.11213706433773041; 
159; -1.4875452518463135; -0.5572630167007446; -0.339616060256958; -0.6449506282806396; 1.0314139127731323; -0.2908916175365448; 
158; -0.7381665706634521; -0.5026259422302246; -0.46306079626083374; -0.5164374709129333; 1.218514084815979; -0.10694155097007751; 
169; -2.0859334468841553; -0.24230699241161346; -0.7616645097732544; -0.6002327799797058; 0.85579514503479; -0.32129335403442383; 
166; -1.2341630458831787; -0.7087846994400024; -0.4811199903488159; -0.7510200142860413; 0.9489455223083496; -0.2381446659564972; 
165; -1.7554439306259155; -0.2022916078567505; -0.7898170948028564; -0.5273510217666626; 0.8090879917144775; -0.17087382078170776; 
151; -0.9565328359603882; -0.008715301752090454; -0.04476866126060486; -0.5869845747947693; 0.9984251856803894; -0.16183127462863922; 
168; -1.3345507383346558; -0.04611259698867798; -0.0791989266872406; -0.6191821694374084; 0.9703825116157532; -0.18411991000175476; 
175; -1.964245319366455; -0.5080114006996155; -0.8950761556625366; -0.6616647839546204; 0.9150426387786865; -0.24975527822971344; 
143; -1.2518527507781982; -0.5939971208572388; -0.6115696430206299; -0.5281089544296265; 0.7419980764389038; -0.16092219948768616; 
139; -0.9401103258132935; -0.42125558853149414; -0.3403213322162628; -0.572792112827301; 0.9307569265365601; -0.15387952327728271; 
162; -1.167401909828186; -0.2215375155210495; -0.5531713962554932; -0.584761381149292; 0.7634505033493042; -0.17802035808563232; 
163; -1.365943193435669; -0.4004785716533661; -0.6819908022880554; -0.6896849274635315; 0.9160963296890259; -0.16342242062091827; 
170; -2.0702245235443115; -0.03333726525306702; -0.5666381120681763; -0.7158347368240356; 0.9278539419174194; -0.302381306886673; 
171; -1.390113115310669; -0.5947214365005493; -0.5385769605636597; -0.5165119171142578; 0.931071937084198; -0.00996650755405426; 
180; -0.9749325513839722; -0.41234537959098816; -0.2055797129869461; -0.6130535006523132; 0.9129238128662109; -0.2846880257129669; 
160; -1.031646490097046; -0.7478435039520264; -0.5463652610778809; -0.49446558952331543; 0.9490114450454712; -0.16687452793121338; 
164; -1.153222918510437; -0.04735159873962402; -0.656167209148407; -0.5366345047950745; 1.159496784210205; -0.2686741352081299; 
157; -1.6269114017486572; -0.4566609859466553; -0.9843847751617432; -0.6581153869628906; 0.8622304201126099; -0.2078123390674591; 
156; -1.2105227708816528; -0.09134021401405334; -0.46497905254364014; -0.4272332191467285; 0.8821727633476257; -0.2296680212020874; 
192; -1.2560598850250244; -0.06568093597888947; -0.571716845035553; -0.5857897996902466; 0.9388992190361023; -0.18241611123085022; 
188; -1.095375895500183; 0.07080152630805969; -0.351887971162796; -0.6862285733222961; 0.894839346408844; -0.05144168436527252; 
181; -1.3772587776184082; -0.33399760723114014; -0.7185851335525513; -0.6597089767456055; 0.7876144647598267; -0.07270696759223938; 
177; -1.394695520401001; -0.5255389213562012; -0.4444074034690857; -0.6687316298484802; 0.9462999105453491; -0.3653098940849304; 
191; -1.6347191333770752; -0.8061338663101196; -0.6745515465736389; -0.5271990895271301; 0.9668903946876526; -0.25494247674942017; 
184; -1.5151870250701904; -0.12959587574005127; -0.4893893599510193; -0.48090678453445435; 0.7600005865097046; -0.10129387676715851; 
183; -1.411864995956421; 0.11425161361694336; -0.6512145400047302; -0.6921029686927795; 0.7852305769920349; -0.15560898184776306; 
193; -1.5150871276855469; -0.39840933680534363; -0.23574957251548767; -0.48449844121932983; 0.9773738384246826; -0.08139985799789429; 
186; -2.157175064086914; -0.4135010242462158; -0.6191622614860535; -0.6638622283935547; 0.7879314422607422; -0.23958201706409454; 
161; -1.4498209953308105; 0.07774877548217773; -0.6275806427001953; -0.4352375268936157; 0.901500403881073; -0.006263598799705505; 
189; -1.2426252365112305; -0.27128487825393677; -0.3344431221485138; -0.4788811206817627; 1.0610480308532715; -0.21429815888404846; 
194; -1.4962711334228516; -0.035750001668930054; -0.2687875032424927; -0.5825144648551941; 0.9123768210411072; -0.140507310628891; 
174; -1.2926843166351318; -0.16050389409065247; -0.7457913160324097; -0.6349592804908752; 1.0981889963150024; -0.4051850438117981; 
173; -1.2935651540756226; -0.03356415033340454; -0.5516206622123718; -0.6383568048477173; 0.8659833073616028; -0.5058739185333252; 
172; -1.3006784915924072; -0.45563605427742004; -0.6142058372497559; -0.686793327331543; 0.6109374165534973; -0.16938349604606628; 
179; -1.5623805522918701; -0.31699469685554504; -0.3363076150417328; -0.5438547730445862; 1.0630254745483398; -0.13880415260791779; 
187; -1.1655640602111816; -0.021726489067077637; -0.7188271284103394; -0.4235469698905945; 1.0382658243179321; -0.031764671206474304; 
176; -1.077480673789978; -0.056102752685546875; -0.6227954626083374; -0.644551157951355; 0.7949682474136353; -0.14176054298877716; 
185; -0.9963245391845703; -0.349139541387558; -0.1779448390007019; -0.6253643035888672; 0.7790699601173401; -0.1444886028766632; 
195; -1.618487000465393; -0.19026091694831848; -0.136572003364563; -0.48761385679244995; 0.7756878733634949; -0.11258772760629654; 
155; -1.1097321510314941; -0.29901090264320374; -0.36620694398880005; -0.6851872205734253; 1.0275150537490845; -0.06981522589921951; 
190; -1.5940253734588623; -0.18296560645103455; -0.5212539434432983; -0.5630824565887451; 0.8333674073219299; -0.1460351049900055; 
197; -1.3947442770004272; 0.176305890083313; -0.4080793857574463; -0.5748041868209839; 0.7842608690261841; -0.17793738842010498; 
178; -0.705321729183197; -0.2809240221977234; -0.7352772355079651; -0.6545650959014893; 0.8597670793533325; -0.15468858182430267; 
199; -1.8812177181243896; -0.2749665081501007; -0.4597720801830292; -0.544642984867096; 0.915605366230011; -0.1882501244544983; 
198; -1.6090354919433594; -0.2910435199737549; -0.4661894738674164; -0.43465131521224976; 0.7718068361282349; -0.30802488327026367; 
196; -1.1774020195007324; -0.44953134655952454; -0.827743649482727; -0.5670152306556702; 0.926354169845581; -0.2156061828136444; 
200; -1.6159107685089111; -0.5039474964141846; 0.05196148157119751; -0.689518928527832; 0.9975981712341309; -0.16921748220920563; 
182; -1.2293682098388672; 0.05725735425949097; -0.3190741240978241; -0.6787045001983643; 0.8021470904350281; -0.3763614296913147; 
149; -1.7145605087280273; -0.22820770740509033; -0.393056720495224; -0.595096230506897; 0.8551473617553711; -0.040813520550727844; 
213; -1.3444492816925049; -0.41351354122161865; -0.6123760342597961; -0.7087231874465942; 0.9062215089797974; -0.19630511105060577; 
241; -1.5329272747039795; -0.3980998694896698; -0.30616962909698486; -0.5139293074607849; 0.9216720461845398; -0.20951159298419952; 
202; -1.2304894924163818; -0.29543250799179077; -0.952410101890564; -0.5473464727401733; 0.810492992401123; -0.19091075658798218; 
212; -1.3709685802459717; 0.0636836588382721; -0.6833348274230957; -0.7234811782836914; 0.9765512943267822; -0.04744218289852142; 
223; -0.9200825095176697; 0.12867683172225952; -0.8117455244064331; -0.6426196098327637; 1.1530723571777344; -0.4864345192909241; 
240; -1.8585660457611084; -0.331177294254303; -0.4077925682067871; -0.6868848204612732; 0.9649378657341003; -0.34589332342147827; 
204; -1.6503512859344482; -0.36174267530441284; -0.2139163762331009; -0.4827728867530823; 0.7808263301849365; -0.15762285888195038; 
200; -1.6159110069274902; -0.5039474964141846; 0.0519615113735199; -0.689518928527832; 0.9975980520248413; -0.16921748220920563; 
244; -1.268862247467041; -0.4379005432128906; -0.7446975708007812; -0.615196943283081; 0.81148761510849; -0.183676615357399; 
221; -1.4063607454299927; -0.25168877840042114; -0.26635339856147766; -0.614212691783905; 1.182118535041809; -0.10304538905620575; 
205; -1.4277225732803345; -0.5753581523895264; -0.9247556328773499; -0.5674945116043091; 0.931562602519989; -0.21989810466766357; 
216; -1.7855138778686523; -0.410965234041214; -0.34706994891166687; -0.47280263900756836; 0.9986569285392761; -0.1450125277042389; 
224; -0.7545236349105835; 0.07936149835586548; -0.253317654132843; -0.4330035448074341; 0.9492813348770142; -0.263825386762619; 
226; -1.1808264255523682; -0.2539450228214264; -0.31755536794662476; -0.7315285205841064; 0.8472962379455566; -0.05135050415992737; 
237; -1.9671590328216553; -0.022710174322128296; -0.34443625807762146; -0.5832506418228149; 1.0298070907592773; -0.1408056914806366; 
248; -1.1338961124420166; -0.34874358773231506; -0.13857853412628174; -0.44549560546875; 0.9455274343490601; -0.11889831721782684; 
236; -0.957077145576477; -0.050536900758743286; -0.2972376048564911; -0.5782324075698853; 0.9120917916297913; -0.11113998293876648; 
227; -1.448173999786377; -0.2974785566329956; -0.5155584812164307; -0.6510131359100342; 1.0035969018936157; -0.26041650772094727; 
243; -1.5719202756881714; -0.25019437074661255; -0.7106303572654724; -0.5355619192123413; 0.8720550537109375; -0.13247518241405487; 
238; -1.5910696983337402; -0.4165157377719879; -0.4707983732223511; -0.6217602491378784; 0.8139503002166748; -0.2704399526119232; 
214; -1.2249605655670166; -0.35096731781959534; -0.6630377173423767; -0.5227950215339661; 0.8498424887657166; -0.23250050842761993; 
206; -1.5121159553527832; 0.02925640344619751; -0.056439757347106934; -0.7450007796287537; 1.0598692893981934; -0.20923812687397003; 
231; -1.8871889114379883; -0.16045954823493958; -1.2707269191741943; -0.6162296533584595; 1.1450552940368652; -0.1600860059261322; 
229; -1.6641870737075806; -0.1582525372505188; -0.8539652824401855; -0.6876065135002136; 0.8060617446899414; -0.11066151410341263; 
228; -1.4737658500671387; -0.48727965354919434; -0.4843084514141083; -0.654024600982666; 0.9805945158004761; -0.27764764428138733; 
234; -1.164590835571289; -0.504055380821228; -0.7574630379676819; -0.5268782377243042; 0.8655602931976318; -0.29087695479393005; 
235; -1.3272076845169067; -0.08578644692897797; -0.12258563935756683; -0.35151752829551697; 1.0231657028198242; -0.09352819621562958; 
251; -1.2028788328170776; -0.1561601608991623; -0.47889217734336853; -0.4809582233428955; 0.9173003435134888; -0.38295865058898926; 
225; -1.8542265892028809; -0.31410613656044006; -0.7888463735580444; -0.5846191048622131; 0.8147934675216675; -0.3183337152004242; 
209; -1.6317386627197266; -0.07813015580177307; -0.42208975553512573; -0.7045727968215942; 0.8652581572532654; -0.05442662537097931; 
253; -1.14309561252594; 0.1023053228855133; -0.43710988759994507; -0.5727494359016418; 1.0561861991882324; -0.14331544935703278; 
261; -0.9493755102157593; -0.22739699482917786; -0.260978639125824; -0.5094539523124695; 0.7685242891311646; -0.12174198031425476; 
220; -1.4522422552108765; -0.17024467885494232; -0.630649209022522; -0.6469245553016663; 1.0097486972808838; 0.0004932582378387451; 
207; -1.669541597366333; -0.3743082582950592; -0.6405829787254333; -0.6650957465171814; 0.7116936445236206; -0.23085302114486694; 
239; -1.9457508325576782; -0.29833197593688965; -0.05301043391227722; -0.32051804661750793; 0.9501920342445374; -0.14689676463603973; 
245; -1.5029709339141846; -0.2519843578338623; -0.43379470705986023; -0.6671474575996399; 0.8948160409927368; -0.2231304794549942; 
222; -1.010334849357605; -0.35655754804611206; -0.7584798336029053; -0.47657597064971924; 0.9344409704208374; -0.18190160393714905; 
256; -2.0938005447387695; -0.2737829387187958; -0.06105431914329529; -0.525505781173706; 0.854009211063385; -0.14655692875385284; 
258; -1.2765488624572754; -0.49153172969818115; -0.6904979944229126; -0.816110372543335; 0.9023793935775757; -0.1683458387851715; 
215; -1.3446792364120483; -0.37102413177490234; -0.6936936378479004; -0.7935341596603394; 0.7112776637077332; -0.06749856472015381; 
219; -1.4143216609954834; -0.008678257465362549; -0.5467351675033569; -0.6616789102554321; 0.9640994071960449; -0.40023112297058105; 
218; -1.5139986276626587; -0.30972906947135925; -0.08873222768306732; -0.4456278085708618; 0.8357817530632019; -0.11792933940887451; 
210; -1.7574207782745361; -0.26424235105514526; -0.6410095691680908; -0.7961063981056213; 0.7596056461334229; -0.3393631875514984; 
208; -1.1417973041534424; -0.2374821901321411; -0.37761765718460083; -0.7814220786094666; 0.8058311939239502; -0.24862134456634521; 
275; -1.207584023475647; -0.07500749826431274; -0.8532336950302124; -0.5733964443206787; 0.8464187979698181; -0.30971962213516235; 
264; -1.650930404663086; -0.6101306676864624; -0.7059870958328247; -0.5562840700149536; 0.8880214691162109; -0.16435563564300537; 
203; -1.0078043937683105; -0.0434243381023407; -0.31775617599487305; -0.45026978850364685; 1.1536178588867188; -0.09341654181480408; 
246; -1.9089570045471191; -0.15988963842391968; -0.32865142822265625; -0.6968305110931396; 0.8272948265075684; -0.2527327239513397; 
249; -1.5975306034088135; -0.7556734085083008; -0.6867908835411072; -0.8610799908638; 0.9151650071144104; -0.11263743042945862; 
232; -1.0664148330688477; -0.38529717922210693; -0.16767919063568115; -0.7305492758750916; 0.8221401572227478; -0.186961367726326; 
269; -1.327939748764038; -0.2511877417564392; -0.7366232872009277; -0.722710371017456; 0.9187562465667725; -0.17430029809474945; 
211; -1.4998447895050049; -0.46676427125930786; -0.20362065732479095; -0.5049138069152832; 1.027033805847168; -0.15140685439109802; 
266; -1.628372311592102; -0.19057582318782806; -0.2707512080669403; -0.5342116355895996; 0.9700015783309937; -0.2311737835407257; 
260; -1.551276683807373; 0.138821542263031; -0.3512534499168396; -0.27280837297439575; 0.8243374228477478; -0.3524090051651001; 
267; -1.2959645986557007; -0.18468622863292694; -1.101989984512329; -0.49436086416244507; 1.0047516822814941; -0.23092436790466309; 
265; -1.5312385559082031; -0.37325870990753174; -0.6430227756500244; -0.47565120458602905; 0.8484436273574829; -0.2170957624912262; 
252; -1.625684142112732; -0.21764226257801056; -0.23677852749824524; -0.6623547673225403; 0.9110171794891357; -0.3419058918952942; 
294; -0.5784367918968201; -0.3888818919658661; -0.39864176511764526; -0.425716757774353; 0.9896140694618225; -0.28973591327667236; 
201; -1.9211149215698242; -0.48400798439979553; -0.8748183250427246; -0.6406826972961426; 0.8399996757507324; -0.4571646451950073; 
217; -1.4416390657424927; -0.3957022726535797; -0.3941221535205841; -0.5018018484115601; 0.8963008522987366; -0.01230725646018982; 
276; -1.4587132930755615; -0.7553377151489258; -0.2392910271883011; -0.6185410022735596; 0.6731008291244507; -0.21570977568626404; 
262; -1.2016266584396362; -0.33236396312713623; -0.38801121711730957; -0.3738872706890106; 0.9538556933403015; -0.08898448944091797; 
274; -1.4482381343841553; -0.0561029314994812; -0.29087546467781067; -0.6822816133499146; 1.0303175449371338; -0.1655730903148651; 
279; -1.3366011381149292; -0.2847941815853119; -0.4295748174190521; -0.5657321214675903; 1.0127938985824585; -0.09153150767087936; 
293; -1.2930619716644287; 0.07536599040031433; -0.7011103630065918; -0.5738608241081238; 0.7458388805389404; -0.22235627472400665; 
263; -1.3413288593292236; -0.39473190903663635; -0.660722017288208; -0.5846967697143555; 1.0947991609573364; -0.289980947971344; 
254; -1.172910213470459; 0.037641704082489014; -0.2996053397655487; -0.4762312173843384; 0.9182690978050232; -0.1665627658367157; 
300; -1.1124229431152344; -0.14150269329547882; -0.3086209297180176; -0.4342246353626251; 0.8695998787879944; -0.12523573637008667; 
285; -1.346250057220459; -0.6595540046691895; -0.4204772412776947; -0.7142550945281982; 0.7792724967002869; -0.02210816740989685; 
270; -1.1538625955581665; -0.1895267814397812; -0.5103259086608887; -0.44057202339172363; 0.7864179015159607; -0.27871638536453247; 
286; -1.3046549558639526; -0.20379215478897095; -0.4594520330429077; -0.5121700763702393; 1.1370092630386353; -0.19025664031505585; 
287; -1.7630748748779297; -0.12576580047607422; -0.5012406706809998; -0.7034134268760681; 1.0000553131103516; -0.14733104407787323; 
291; -1.5788830518722534; -0.5886133313179016; -0.7027819156646729; -0.5368702411651611; 1.035817265510559; -0.20374128222465515; 
302; -1.3114416599273682; -0.10276679694652557; -0.32699498534202576; -0.6116989850997925; 0.8840821981430054; -0.14744552969932556; 
281; -2.175187587738037; 0.09533190727233887; -0.7524532079696655; -0.7168068885803223; 1.0547561645507812; -0.23392677307128906; 
292; -1.6577770709991455; -0.2035539746284485; -0.6639160513877869; -0.5738683342933655; 0.9832485914230347; -0.26703155040740967; 
290; -1.5764634609222412; -0.16736340522766113; -0.3544692099094391; -0.6785113215446472; 0.7957636117935181; -0.2093392312526703; 
298; -1.5266324281692505; -0.4560565948486328; -0.09560590982437134; -0.6009693741798401; 0.8371020555496216; -0.1348225474357605; 
250; -1.1813609600067139; -0.5998378992080688; -0.6376075744628906; -0.7373488545417786; 1.0461506843566895; -0.1996186524629593; 
283; -1.326493263244629; -0.5016822814941406; -0.38427403569221497; -0.43699735403060913; 0.9002782106399536; -0.11478735506534576; 
306; -2.011017322540283; -0.5483790636062622; -0.5539149641990662; -0.761552095413208; 0.794868528842926; -0.30819594860076904; 
289; -1.8550763130187988; -0.20072686672210693; -0.6002981066703796; -0.4852881133556366; 0.9785536527633667; -0.2842586934566498; 
296; -1.3934354782104492; -0.706118106842041; -0.253814160823822; -0.6911410093307495; 0.7197526097297668; -0.47948339581489563; 
277; -1.639912486076355; -0.6219632625579834; -0.392205148935318; -0.5378437042236328; 0.9680073857307434; -0.20866258442401886; 
230; -1.1792945861816406; -0.37668123841285706; -0.7272005081176758; -0.5879145264625549; 0.9826642870903015; -0.2671927213668823; 
282; -0.7359996438026428; -0.11211007833480835; -0.41138073801994324; -0.5978751182556152; 0.9563484191894531; -0.013144657015800476; 
284; -1.4062912464141846; -0.44558316469192505; -0.18489804863929749; -0.47369444370269775; 0.7548363208770752; -0.4773918092250824; 
247; -1.1053348779678345; -0.4373645782470703; -0.5018119215965271; -0.6233192682266235; 0.9657436609268188; -0.10293315351009369; 
315; -1.0008069276809692; -0.26834332942962646; -0.8555440902709961; -0.7350890636444092; 1.0541408061981201; -0.456351101398468; 
308; -1.3199769258499146; -0.054164111614227295; -0.2069973647594452; -0.5921428203582764; 1.0512365102767944; -0.17951726913452148; 
233; -0.9914432168006897; -0.3538171947002411; -0.3453257083892822; -0.5916334390640259; 1.1739139556884766; -0.014669075608253479; 
307; -1.5603692531585693; -0.3368127644062042; -0.6224504113197327; -0.6057578325271606; 0.8175201416015625; -0.21354079246520996; 
309; -1.6985137462615967; -0.02609923481941223; -0.33004093170166016; -0.35468342900276184; 0.925325334072113; -0.20760667324066162; 
278; -1.5736267566680908; -0.44601839780807495; -0.37920206785202026; -0.510685384273529; 0.898438572883606; -0.20128406584262848; 
280; -1.3577839136123657; -0.3090590834617615; -0.342714786529541; -0.6759704351425171; 1.0133559703826904; -0.335720419883728; 
297; -1.2418856620788574; -0.7003458142280579; -0.33522921800613403; -0.564010739326477; 1.020635962486267; -0.16315193474292755; 
301; -1.6102559566497803; -0.14332741498947144; -0.7928453683853149; -0.8147462010383606; 0.8799283504486084; -0.3161567449569702; 
257; -0.7397360801696777; 0.07007208466529846; -0.11790412664413452; -0.5791295170783997; 0.8881808519363403; -0.231938898563385; 
312; -1.848419189453125; -0.28036928176879883; -0.6156874299049377; -0.6218166351318359; 0.9282681941986084; -0.34771278500556946; 
304; -1.4132996797561646; -0.20920570194721222; -0.4408969283103943; -0.43081560730934143; 1.0241016149520874; -0.09729266166687012; 
268; -1.3577461242675781; 0.31794315576553345; -0.15256497263908386; -0.46966552734375; 0.9410285949707031; -0.18275858461856842; 
310; -1.6178913116455078; -0.40870100259780884; -0.30674928426742554; -0.5828182697296143; 1.03774094581604; 0.010125458240509033; 
323; -1.245061993598938; -0.011732012033462524; -0.5786027312278748; -0.45704010128974915; 0.9777978658676147; -0.1969166100025177; 
305; -1.8235291242599487; -0.2161116749048233; -0.4793790876865387; -0.6383193135261536; 0.7715305089950562; -0.19816100597381592; 
288; -1.4647862911224365; -0.05463501811027527; -0.11042574048042297; -0.42150962352752686; 0.8374230861663818; -0.1823512613773346; 
314; -1.7079534530639648; -0.24930983781814575; -0.2476441115140915; -0.6181536912918091; 1.0182064771652222; -0.19106155633926392; 
272; -1.360559344291687; 0.03829324245452881; -0.42738592624664307; -0.4759520888328552; 0.9124172329902649; -0.049111686646938324; 
316; -1.4294992685317993; -0.08218193054199219; -0.6430821418762207; -0.5249321460723877; 0.9366564154624939; -0.3012813627719879; 
331; -1.440545916557312; -0.18021714687347412; -0.6567239165306091; -0.6089003682136536; 0.9477694034576416; -0.22771084308624268; 
311; -1.5319472551345825; -0.24990545213222504; -0.47183918952941895; -0.7992281913757324; 0.8609395623207092; -0.2776414752006531; 
326; -1.47474205493927; -0.5750901103019714; -0.7659825086593628; -0.5149722099304199; 0.8399913311004639; -0.03908468782901764; 
327; -1.0296826362609863; -0.460357129573822; -0.42287299036979675; -0.8679475784301758; 0.7869268655776978; -0.2707614302635193; 
313; -1.2591137886047363; 0.004678577184677124; -0.4279659390449524; -0.5431198477745056; 0.8667681217193604; -0.29624253511428833; 
273; -2.5615768432617188; -0.36448681354522705; -0.04980294406414032; -0.4222238063812256; 0.8311273455619812; -0.12035461515188217; 
341; -1.4260199069976807; -0.1772902011871338; -0.03645457327365875; -0.5963876247406006; 0.8498863577842712; -0.24406377971172333; 
259; -1.5690171718597412; -0.06443861126899719; -0.8033211827278137; -0.5056976079940796; 0.7494483590126038; -0.28184980154037476; 
299; -1.3808717727661133; -0.4971916377544403; -0.4164559543132782; -0.5367556810379028; 1.0234342813491821; -0.12189953029155731; 
334; -1.4011731147766113; -0.2843204736709595; -0.5917031168937683; -0.6684988141059875; 0.7898867726325989; -0.17928695678710938; 
317; -1.2490860223770142; 0.24661025404930115; -0.5880226492881775; -0.37400269508361816; 0.7298560738563538; -0.2729839086532593; 
328; -1.8021295070648193; -0.48325684666633606; -0.2368934005498886; -0.4387071430683136; 0.8185052275657654; 0.0023676306009292603; 
319; -1.4698033332824707; -0.5876207947731018; -0.13149183988571167; -0.6489239931106567; 0.8691474795341492; -0.2222619354724884; 
330; -1.648193359375; 0.008278876543045044; -0.2337777018547058; -0.6827867031097412; 0.9060505628585815; -0.4108957350254059; 
336; -1.4353221654891968; -0.3361653685569763; -0.3933505713939667; -0.6467955112457275; 0.8057931065559387; -0.2851041257381439; 
295; -1.4374979734420776; -0.27788928151130676; -0.6135163307189941; -0.5214162468910217; 1.0672624111175537; -0.15957334637641907; 
332; -1.1645300388336182; -0.0999835729598999; -0.10120289027690887; -0.3030380606651306; 0.774355411529541; -0.06853388249874115; 
325; -1.2776089906692505; -0.11760729551315308; -0.7305158376693726; -0.7145737409591675; 0.8906345963478088; -0.16848772764205933; 
255; -1.5723013877868652; 0.014565110206604004; -0.11539052426815033; -0.665780246257782; 0.8133302927017212; -0.21273064613342285; 
271; -1.1534113883972168; -0.3461879789829254; -0.3407880961894989; -0.4009125232696533; 1.0434819459915161; -0.246026411652565; 
320; -1.3017513751983643; -0.24281343817710876; -0.48062363266944885; -0.5675159096717834; 0.9782475233078003; -0.0640508383512497; 
357; -0.959962010383606; 0.009585559368133545; -0.4158712923526764; -0.5738809704780579; 0.9376621246337891; -0.014724403619766235; 
329; -1.2784923315048218; -0.3507551848888397; -0.6337626576423645; -0.7318101525306702; 0.7919161915779114; -0.3660966455936432; 
324; -1.6201449632644653; -0.11517876386642456; -0.5427757501602173; -0.6702994704246521; 0.9271907806396484; -0.0032255202531814575; 
303; -1.3070039749145508; -0.18190406262874603; -0.5743892788887024; -0.45639604330062866; 0.711379885673523; -0.26526331901550293; 
318; -1.4017486572265625; -0.3666773736476898; -0.6301025152206421; -0.39945435523986816; 1.0223560333251953; -0.3050391972064972; 
366; -2.0425424575805664; -0.16830980777740479; -0.7700759172439575; -0.6343966722488403; 0.9184491634368896; -0.25801488757133484; 
351; -1.261364459991455; -0.4648328423500061; -0.24685004353523254; -0.6199621558189392; 1.070446491241455; -0.17052283883094788; 
335; -1.5423948764801025; -0.20132890343666077; -0.5079900026321411; -0.6031928062438965; 0.8319734334945679; -0.3565349876880646; 
322; -1.8001453876495361; 0.1964302957057953; -0.42211639881134033; -0.5178521871566772; 0.9271101951599121; -0.018746711313724518; 
337; -1.6430680751800537; -0.20151421427726746; -0.19045552611351013; -0.5179389715194702; 0.9268209338188171; 0.05969979614019394; 
339; -0.6742626428604126; 0.017067432403564453; -0.14595384895801544; -0.6140064597129822; 0.8021599054336548; -0.21180066466331482; 
343; -1.3477470874786377; -0.15267324447631836; -0.49779248237609863; -0.6586340665817261; 0.905397891998291; -0.06969200074672699; 
356; -1.8016324043273926; -0.25013285875320435; -0.5434383153915405; -0.7209585905075073; 1.0309221744537354; -0.23052187263965607; 
352; -1.4749314785003662; -0.1359441727399826; -0.3814980983734131; -0.790141761302948; 0.8139470219612122; -0.3949365019798279; 
347; -1.1676158905029297; -0.535449743270874; -0.36317750811576843; -0.5931605696678162; 0.8922829031944275; -0.16061073541641235; 
350; -1.51456618309021; 0.03581678867340088; -0.598775327205658; -0.6422761678695679; 0.7170377969741821; -0.30538928508758545; 
344; -2.0538330078125; -0.3789466321468353; -0.5524915456771851; -0.5500398874282837; 0.7975246906280518; -0.3356650173664093; 
349; -1.149207353591919; -0.26242852210998535; -0.5457199811935425; -0.5968029499053955; 0.8696275353431702; -0.07144223153591156; 
348; -1.692919135093689; -0.1180206835269928; -0.5747824311256409; -0.6422300338745117; 0.9307359457015991; -0.1139335185289383; 
346; -0.8608335256576538; -0.11131668090820312; -0.596932590007782; -0.5898734927177429; 0.9637228846549988; -0.11313463747501373; 
338; -1.3236967325210571; -0.6607949137687683; -0.5308539271354675; -0.5399831533432007; 0.8257164359092712; -0.24951989948749542; 
360; -2.129211902618408; 0.058961570262908936; -0.814532458782196; -0.600731372833252; 0.8896418213844299; -0.44747716188430786; 
369; -1.2287405729293823; -0.3868286609649658; -0.3956834077835083; -0.5658420920372009; 0.8498258590698242; -0.20100165903568268; 
367; -1.076338529586792; 0.4186115264892578; -0.04344820976257324; -0.6115005016326904; 1.0439800024032593; -0.3049127757549286; 
342; -1.3252859115600586; -0.43324705958366394; -0.15088510513305664; -0.4392511248588562; 0.8476051092147827; -0.08415775001049042; 
345; -1.540564775466919; -0.553887665271759; -0.4789881706237793; -0.6263095140457153; 0.9134647846221924; -0.1103709414601326; 
355; -1.0047897100448608; -0.20530056953430176; -0.27379244565963745; -0.5735249519348145; 0.9767590761184692; -0.1776137351989746; 
364; -0.8208503127098083; 0.3121858537197113; -0.38555946946144104; -0.5924416780471802; 0.9921473264694214; -0.08487780392169952; 
379; -1.541090488433838; -0.12786629796028137; -0.7799323797225952; -0.6317710280418396; 0.8840424418449402; -0.22105799615383148; 
354; -1.7146133184432983; -0.06510674953460693; -0.40377163887023926; -0.503570556640625; 0.9972941279411316; -0.07188236713409424; 
353; -1.989046573638916; -0.3913039267063141; -0.2788662910461426; -0.6886311769485474; 0.8170700073242188; -0.35869529843330383; 
368; -1.1030194759368896; -0.07041999697685242; -0.6933261156082153; -0.7594883441925049; 0.9783787727355957; -0.3314265310764313; 
372; -1.7501800060272217; 0.04494953155517578; -0.014400333166122437; -0.5816633701324463; 0.9302197694778442; -0.2348477840423584; 
370; -1.649926781654358; -0.2884281277656555; -0.6899141073226929; -0.6160770654678345; 0.839725911617279; -0.33634495735168457; 
377; -1.4261027574539185; -0.20342610776424408; -0.6968531012535095; -0.5004807114601135; 1.0002250671386719; -0.1241583526134491; 
333; -1.8465240001678467; -0.05548626184463501; -0.06669154763221741; -0.666708767414093; 0.932214081287384; -0.34972715377807617; 
391; -1.1897201538085938; -0.27257290482521057; -0.36028629541397095; -0.500927746295929; 0.9643059968948364; -0.15231001377105713; 
375; -1.9864434003829956; -0.6483111381530762; -0.4757858216762543; -0.7703044414520264; 0.8055827021598816; -0.3287043869495392; 
380; -1.3471835851669312; -0.2642501890659332; -0.7484269142150879; -0.7252680063247681; 0.8399469256401062; -0.2831580340862274; 
373; -1.3728504180908203; -0.47725820541381836; -0.5087836980819702; -0.4156228303909302; 1.0318615436553955; -0.2299240380525589; 
374; -1.0823774337768555; -0.2032170593738556; -0.6831673383712769; -0.5122110843658447; 0.9956097602844238; 0.029113009572029114; 
397; -1.1752963066101074; -0.25507652759552; -0.33486926555633545; -0.5866856575012207; 0.9641129970550537; -0.13592924177646637; 
362; -1.7042276859283447; 0.11804315447807312; -0.6130342483520508; -0.4675482511520386; 1.0174181461334229; -0.0240354984998703; 
376; -1.9929578304290771; -0.1907612681388855; -0.39296984672546387; -0.8272937536239624; 0.8262107372283936; -0.3505368232727051; 
363; -1.6772918701171875; -0.24955187737941742; -0.6547092795372009; -0.6346133947372437; 0.8160459399223328; -0.20297586917877197; 
385; -1.7628153562545776; -0.4956236779689789; -0.4346802532672882; -0.7673255205154419; 0.8424097895622253; -0.1387200802564621; 
403; -1.3784387111663818; -0.3061176538467407; -0.543056845664978; -0.5654385089874268; 0.855170726776123; -0.1481209099292755; 
390; -1.96491277217865; -0.1244482696056366; -0.6126917600631714; -0.6858792901039124; 1.0396989583969116; -0.41697436571121216; 
340; -1.2141720056533813; 0.11506932973861694; -0.22245573997497559; -0.4444389045238495; 1.0856595039367676; -0.16316428780555725; 
389; -1.5897996425628662; -0.08625960350036621; -1.2118371725082397; -0.5302501320838928; 0.9956746101379395; -0.08913604170084; 
321; -0.8635639548301697; -0.6027190089225769; -0.8658644556999207; -0.4940875470638275; 0.8937094211578369; -0.2958574891090393; 
378; -1.4846711158752441; -0.036027491092681885; -0.27986788749694824; -0.5736867189407349; 0.8624131083488464; -0.365192711353302; 
393; -1.9131112098693848; -0.3778999149799347; -0.6449575424194336; -0.600877046585083; 0.7347111701965332; -0.16031625866889954; 
388; -1.3353421688079834; 0.1666983664035797; -0.22462071478366852; -0.608052670955658; 0.8089078664779663; -0.09554921835660934; 
395; -1.3802275657653809; -0.19027934968471527; -0.3066539466381073; -0.4939090609550476; 0.9409397840499878; -0.10369767993688583; 
402; -1.6184048652648926; -0.28037121891975403; -0.4534341096878052; -0.511689305305481; 1.0231573581695557; -0.30671513080596924; 
404; -1.3562471866607666; -0.5298281311988831; -0.44581329822540283; -0.6793975234031677; 0.8246868848800659; -0.12099383771419525; 
371; -1.208742618560791; -0.15299250185489655; -0.3972271978855133; -0.7189232110977173; 1.0324668884277344; 0.004076898097991943; 
384; -1.2317748069763184; -0.24557971954345703; -0.6015227437019348; -0.6022588610649109; 1.0046300888061523; -0.15742161870002747; 
382; -0.8335424661636353; -0.3567456901073456; -0.5680049657821655; -0.6218087077140808; 0.8581326007843018; -0.27306801080703735; 
420; -1.0267360210418701; -0.44845500588417053; -0.7634423971176147; -0.4858914017677307; 0.8600119352340698; -0.4082409143447876; 
409; -2.1990387439727783; -0.39901968836784363; -0.47869986295700073; -0.6109713912010193; 0.875379204750061; -0.12448758631944656; 
418; -1.62677800655365; -0.19683024287223816; -0.6330479979515076; -0.46448975801467896; 1.0667521953582764; -0.192066490650177; 
406; -1.5032362937927246; -0.5014764070510864; -0.7233222723007202; -0.5837497115135193; 0.940462589263916; -0.30721205472946167; 
411; -1.0419137477874756; -0.13332422077655792; -0.16005472838878632; -0.40904444456100464; 0.8280185461044312; -0.2173604667186737; 
361; -1.1505992412567139; -0.20297366380691528; -0.4101759195327759; -0.4739571809768677; 0.7968758940696716; -0.08612756431102753; 
383; -1.3409559726715088; -0.03988879919052124; -0.4313521087169647; -0.6454092264175415; 0.9745615720748901; -0.22925086319446564; 
398; -1.066545009613037; -0.07206407189369202; -0.0635228157043457; -0.7354854941368103; 0.8552114963531494; -0.08299869298934937; 
413; -2.578773021697998; -0.06164327263832092; -0.20565059781074524; -0.5787723064422607; 0.8612569570541382; -0.22388584911823273; 
358; -1.5635316371917725; -0.14986258745193481; -1.0575520992279053; -0.47878360748291016; 0.989334762096405; -0.4684789478778839; 
359; -1.5688486099243164; -0.21862778067588806; -0.5853975415229797; -0.590977668762207; 0.7316542863845825; -0.34439340233802795; 
392; -1.2498807907104492; 0.054883867502212524; 0.015022307634353638; -0.6396802067756653; 0.8410404324531555; -0.15746380388736725; 
412; -1.3932318687438965; -0.27736786007881165; -0.4651663899421692; -0.5025443434715271; 0.7588478326797485; -0.02357611060142517; 
396; -1.918317437171936; -0.6247438192367554; -0.09288069605827332; -0.3575545847415924; 0.817588210105896; -0.12208129465579987; 
421; -1.147165060043335; -0.14341147243976593; -0.01068127155303955; -0.8269803524017334; 0.8863174915313721; -0.10130717605352402; 
422; -0.952880859375; -0.35575857758522034; -0.5540463924407959; -0.441418319940567; 0.8373299837112427; -0.09048759192228317; 
410; -0.8799676895141602; -0.009934008121490479; -0.2025044560432434; -0.5513273477554321; 0.9090719819068909; -0.04130580276250839; 
428; -1.3371893167495728; -0.32298439741134644; -0.6885911822319031; -0.5608218908309937; 0.7316530346870422; -0.012442931532859802; 
425; -1.4615209102630615; -0.11042878031730652; -0.735079288482666; -0.5882707238197327; 0.9180153608322144; -0.18855518102645874; 
417; -1.42933988571167; -0.5669974684715271; -0.6510085463523865; -0.5735143423080444; 1.0136667490005493; -0.3168112337589264; 
427; -1.5639941692352295; -0.39692020416259766; -0.5372323989868164; -0.5783015489578247; 0.8374443650245667; -0.30871066451072693; 
407; -1.2274186611175537; -0.19406521320343018; -0.5000331997871399; -0.5922036170959473; 0.9175702333450317; -0.2185434103012085; 
438; -1.3886305093765259; -0.41994255781173706; -0.6904906630516052; -0.6627440452575684; 0.785833477973938; -0.20355145633220673; 
400; -0.9506654739379883; -0.6970069408416748; -0.19380031526088715; -0.4797676205635071; 1.129992127418518; -0.34708690643310547; 
426; -1.0434154272079468; -0.25495150685310364; -0.15665772557258606; -0.5007711052894592; 0.9162469506263733; -0.17037254571914673; 
405; -1.5051689147949219; -0.30545151233673096; -0.21685269474983215; -0.5273088216781616; 0.9248162508010864; -0.2828691601753235; 
419; -1.8354294300079346; -0.4664403200149536; -0.6160557270050049; -0.4086328148841858; 0.84536212682724; -0.2454972118139267; 
434; -1.2207928895950317; -0.3697695732116699; -0.9350873231887817; -0.5156657099723816; 0.9407631158828735; 0.07934331148862839; 
394; -1.3860113620758057; -0.29007089138031006; -0.867348849773407; -0.809970498085022; 0.7958101630210876; -0.18679143488407135; 
431; -0.9734692573547363; -0.44515228271484375; -1.0701229572296143; -0.3502447307109833; 0.7603909969329834; -0.1483246088027954; 
381; -1.8342697620391846; -0.282265841960907; -0.6172701120376587; -0.479830265045166; 0.878922700881958; -0.2882217764854431; 
423; -1.7282915115356445; -0.028923124074935913; -0.4776744246482849; -0.6968457102775574; 0.9005553722381592; -0.14624789357185364; 
443; -1.8662139177322388; -0.18035638332366943; -0.7681074142456055; -0.5327901840209961; 0.9663422703742981; -0.11022645235061646; 
442; -1.1583616733551025; -0.24302156269550323; -0.5798990726470947; -0.6559709310531616; 0.9735884070396423; -0.1572231948375702; 
365; -1.9527995586395264; -0.28109025955200195; -0.9946820735931396; -0.4654005765914917; 0.9575996994972229; -0.20490118861198425; 
444; -1.5079610347747803; -0.4610213339328766; -0.7619826793670654; -0.582644522190094; 0.8244302272796631; -0.2137790322303772; 
432; -1.281454086303711; -0.3985893726348877; -0.6135674715042114; -0.5796087980270386; 0.965806782245636; -0.3273314833641052; 
436; -1.8897061347961426; -0.341481477022171; -0.693869948387146; -0.5535397529602051; 0.8324122428894043; -0.4111257791519165; 
439; -1.3302509784698486; -0.0575331449508667; -0.43102148175239563; -0.7179100513458252; 0.7934255599975586; -0.13771335780620575; 
445; -1.6289865970611572; -0.3442043364048004; -0.697246789932251; -0.6753082275390625; 0.8799721002578735; -0.23692969977855682; 
437; -1.2470909357070923; -0.1463509202003479; -0.6744335889816284; -0.567299485206604; 0.8236179947853088; -0.16127023100852966; 
459; -1.1414029598236084; -0.23383036255836487; -0.22109544277191162; -0.48737436532974243; 0.9112045764923096; -0.21369247138500214; 
440; -1.4201087951660156; -0.31548941135406494; -0.8112843036651611; -0.5211320519447327; 0.8155936598777771; -0.25437918305397034; 
387; -1.30967378616333; -0.25708281993865967; -0.6383536458015442; -0.6670452952384949; 0.8069522380828857; -0.15272904932498932; 
454; -1.354905605316162; -0.2688542604446411; -0.4015439748764038; -0.6200253963470459; 1.0519622564315796; -0.15582683682441711; 
399; -1.6526094675064087; -0.3612227141857147; -0.4967913329601288; -0.4441266655921936; 0.8846719264984131; -0.3008122444152832; 
452; -0.7449532747268677; -0.28589290380477905; -0.5664387941360474; -0.7236164808273315; 0.6679670810699463; -0.13133268058300018; 
468; -2.0180106163024902; -0.42157915234565735; -0.6555377244949341; -0.6852753162384033; 0.9612991213798523; -0.1708453893661499; 
408; -1.4642338752746582; 0.012892276048660278; 0.20825445652008057; -0.42280298471450806; 0.8820530772209167; -0.15725412964820862; 
401; -1.792131781578064; -0.21485744416713715; -0.2456197589635849; -0.6909319162368774; 1.0542839765548706; -0.39770814776420593; 
453; -1.2448475360870361; -0.36117416620254517; -0.18324622511863708; -0.5489115715026855; 0.849207878112793; -0.02813136577606201; 
474; -1.2027966976165771; -0.1972416639328003; -0.20565837621688843; -0.553238034248352; 0.8123495578765869; -0.1436609923839569; 
448; -1.2252280712127686; 0.15193602442741394; -0.2098998874425888; -0.5474065542221069; 0.8280548453330994; -0.0864553451538086; 
467; -0.8705046772956848; -0.38411253690719604; -1.1097133159637451; -0.5516399145126343; 0.8380759954452515; -0.131550133228302; 
476; -1.5332951545715332; -0.35484233498573303; -0.7045685648918152; -0.5665388107299805; 0.9813442826271057; -0.13786771893501282; 
441; -1.3913227319717407; -0.286939799785614; -0.6302964091300964; -0.7130828499794006; 0.856133759021759; -0.1126512885093689; 
480; -2.0645320415496826; -0.11019857227802277; -0.36501428484916687; -0.647844672203064; 1.0056363344192505; -0.04566469043493271; 
450; -1.253302812576294; -0.2362329661846161; -0.3181321918964386; -0.4434768855571747; 0.9090308547019958; -0.20846323668956757; 
457; -1.3236445188522339; -0.4253898561000824; -0.9744806289672852; -0.5902366638183594; 0.8614834547042847; -0.09701015055179596; 
458; -0.9390190839767456; -0.218051016330719; -0.38071325421333313; -0.4520907402038574; 0.7496650815010071; 0.03606754541397095; 
463; -1.275755763053894; -0.32824549078941345; -0.3168599307537079; -0.6413288712501526; 0.9010372757911682; -0.1604715883731842; 
416; -1.267422080039978; -0.10947099328041077; -0.5743907690048218; -0.6607377529144287; 1.0389583110809326; -0.12104524672031403; 
470; -1.365958333015442; 0.1132514476776123; -0.086392343044281; -0.4711202085018158; 0.8295950293540955; -0.08153730630874634; 
455; -1.153883695602417; -0.1798628866672516; -1.1725564002990723; -0.6417452096939087; 0.9574170708656311; -0.11097042262554169; 
466; -1.414554238319397; -0.6715878248214722; -0.7089442610740662; -0.6562827825546265; 1.090634822845459; -0.2619040012359619; 
456; -1.084456443786621; -0.29606205224990845; -0.2952191233634949; -0.5281611084938049; 0.8657879829406738; -0.3501153290271759; 
461; -1.5500333309173584; -0.7227340936660767; -0.8259502649307251; -0.4150402545928955; 1.126453161239624; -0.17061489820480347; 
449; -1.2277048826217651; -0.36463311314582825; -0.4574766755104065; -0.667934775352478; 0.7393609881401062; -0.0440719872713089; 
460; -1.755002737045288; -0.24055378139019012; -0.4545820355415344; -0.6045297384262085; 0.7907000780105591; -0.19438926875591278; 
451; -1.4729300737380981; -0.35025277733802795; -0.3777782618999481; -0.6176415085792542; 0.8304239511489868; -0.2372460812330246; 
464; -1.2835369110107422; 0.10574114322662354; -0.14265501499176025; -0.7102346420288086; 0.8915881514549255; -0.2754533290863037; 
433; -1.4681466817855835; -0.27301979064941406; -0.3997511863708496; -0.6959489583969116; 0.9001743793487549; -0.08597684651613235; 
414; -1.2341046333312988; 0.09039390087127686; -0.1629042625427246; -0.6749516725540161; 0.9391481876373291; -0.14902199804782867; 
469; -1.1501281261444092; -0.08809718489646912; -0.42506933212280273; -0.5067898035049438; 0.8761577606201172; -0.06355223804712296; 
430; -1.6947954893112183; -0.4467865228652954; -0.21474599838256836; -0.5106257796287537; 0.740556001663208; -0.10129249095916748; 
487; -1.3716375827789307; -0.412869393825531; -0.27454084157943726; -0.572312593460083; 0.8681358695030212; 0.010608702898025513; 
483; -1.1395655870437622; 0.045665442943573; -0.42178601026535034; -0.4679669737815857; 1.0329864025115967; -0.1821925938129425; 
386; -1.6863676309585571; -0.705707848072052; -0.34149038791656494; -0.5447121262550354; 0.9750597476959229; -0.24159175157546997; 
477; -1.9564170837402344; -0.24455279111862183; -0.33303940296173096; -0.6627082824707031; 0.8603759407997131; -0.2835771441459656; 
462; -1.4923675060272217; -0.1761755645275116; -0.5952705144882202; -0.5734509825706482; 0.8068298697471619; -0.15448416769504547; 
447; -1.8513720035552979; -0.23748214542865753; -0.14464804530143738; -0.4529916048049927; 0.9052209854125977; -0.2127981036901474; 
475; -1.5354962348937988; -0.437737375497818; -0.41465020179748535; -0.5005732178688049; 0.9196046590805054; -0.28852853178977966; 
472; -1.4239352941513062; -0.13439694046974182; -0.35822901129722595; -0.6416468620300293; 1.0148138999938965; -0.12076729536056519; 
471; -1.4308686256408691; -0.37552663683891296; -0.6402933597564697; -0.6642351746559143; 0.8426817059516907; -0.2643696367740631; 
424; -1.317944049835205; -0.1374756544828415; -0.3907783627510071; -0.48176661133766174; 0.8929260969161987; -0.15448570251464844; 
415; -1.2585344314575195; -0.34611278772354126; -1.07826828956604; -0.4860004186630249; 0.7008543014526367; -0.2085878551006317; 
496; -1.4190897941589355; -0.3649209141731262; -0.49111831188201904; -0.46481484174728394; 1.0278687477111816; -0.2810942530632019; 
479; -2.0443029403686523; -0.2577129006385803; -0.2616170048713684; -0.5366990566253662; 0.8898935914039612; -0.04633961617946625; 
465; -1.7323188781738281; -0.32500290870666504; -0.4738527834415436; -0.5905752182006836; 1.0363610982894897; -0.21723572909832; 
435; -1.5086963176727295; -0.2764764726161957; -0.6018224954605103; -0.5177100896835327; 0.7877727746963501; -0.159879669547081; 
484; -1.5643514394760132; -0.054421037435531616; -0.4275765120983124; -0.4731460213661194; 0.7061328887939453; -0.21866033971309662; 
485; -1.8624348640441895; -0.3763921558856964; -0.40521907806396484; -0.5789393782615662; 0.8425241112709045; -0.26030102372169495; 
491; -1.376266598701477; -0.5693690776824951; -0.49041181802749634; -0.7501235008239746; 0.8722027540206909; -0.07862605154514313; 
488; -1.5443968772888184; -0.29037877917289734; -0.8058388829231262; -0.5406776070594788; 0.9761186838150024; -0.29500988125801086; 
486; -1.3518166542053223; -0.3052522540092468; -0.6219749450683594; -0.45498329401016235; 0.8195838928222656; -0.03829854726791382; 
473; -1.1413202285766602; 0.12020859122276306; -0.4411470592021942; -0.6007439494132996; 0.9008661508560181; -0.037420302629470825; 
481; -1.8656337261199951; -0.3590708076953888; -0.774304211139679; -0.6361374855041504; 0.6831604242324829; -0.2335069328546524; 
429; -1.0334908962249756; 0.0019797980785369873; -0.4543614983558655; -0.6424596905708313; 1.0654780864715576; -0.18771444261074066; 
493; -2.2647178173065186; -0.4908682703971863; -0.6399482488632202; -0.427581250667572; 0.7978857159614563; -0.17299982905387878; 
499; -1.5844428539276123; -0.44549888372421265; -0.8813368082046509; -0.5202431678771973; 0.8866993188858032; -0.12027961760759354; 
497; -1.3028532266616821; -0.5833470225334167; -0.5606424808502197; -0.4461178779602051; 0.8590267300605774; -0.24714946746826172; 
495; -1.0654067993164062; 0.14213308691978455; -0.06584343314170837; -0.5512449145317078; 0.9368607401847839; -0.25961199402809143; 
478; -1.3146710395812988; -0.4130297899246216; -0.33504682779312134; -0.6228564381599426; 0.9568182229995728; -0.12569761276245117; 
446; -0.7890923023223877; 0.12558940052986145; -0.6342330574989319; -0.49237602949142456; 0.8881568908691406; -0.32321324944496155; 
490; -1.934963345527649; -0.3916417360305786; -0.6214353442192078; -0.5920173525810242; 0.7414414882659912; -0.28213346004486084; 
489; -1.4309756755828857; -0.43168506026268005; -0.6259034276008606; -0.7582718729972839; 1.0936654806137085; -0.2028740793466568; 
498; -1.3700367212295532; -0.13087552785873413; -0.24569110572338104; -0.8717104196548462; 0.9047818183898926; -0.1309080421924591; 
482; -1.5117000341415405; -0.43469640612602234; -0.3982231616973877; -0.5712571144104004; 1.1298799514770508; -0.054414406418800354; 
492; -1.1518990993499756; -0.10081721842288971; -0.1659715175628662; -0.45189031958580017; 0.878203809261322; -0.14158141613006592; 
494; -1.7413203716278076; -0.017780393362045288; -0.4445710778236389; -0.6413002014160156; 0.8766195774078369; -0.17194603383541107; 
