26; -1.231143593788147; -0.15601792931556702; -0.3048620820045471; -0.5893735289573669; 0.848707914352417; -0.14376039803028107; 
35; -1.3810603618621826; -0.05612534284591675; -0.5172924399375916; -0.44680237770080566; 0.8188835382461548; -0.18167303502559662; 
40; -1.4187572002410889; -0.13374464213848114; -0.5668976306915283; -0.4988287091255188; 0.7688232064247131; -0.11122511327266693; 
9; -1.2099847793579102; -0.3065592050552368; -0.529853343963623; -0.4654971957206726; 0.9195116758346558; -0.1537713259458542; 
25; -1.2399954795837402; 0.11515101790428162; -0.591498613357544; -0.5086406469345093; 0.8585604429244995; -0.31053781509399414; 
20; -1.0263830423355103; -0.09312573075294495; -0.4553321599960327; -0.4956386387348175; 1.0153319835662842; -0.12609638273715973; 
3; -1.2458704710006714; -0.019477546215057373; -0.5411958694458008; -0.5040801167488098; 0.8985406160354614; -0.16503949463367462; 
0; -1.2265256643295288; -0.1318180412054062; -0.07336761057376862; -0.5486598014831543; 0.9870741367340088; -0.13167372345924377; 
29; -0.9720975160598755; -0.06997132301330566; -0.249537855386734; -0.4726543724536896; 0.9833040237426758; -0.15197260677814484; 
21; -1.2123486995697021; -0.3712640106678009; -0.3065588176250458; -0.5356497764587402; 0.84071284532547; -0.07938840240240097; 
24; -1.2688064575195312; -0.07869714498519897; -0.27092158794403076; -0.6059760451316833; 0.8066796660423279; -0.08582166582345963; 
13; -1.3766851425170898; -0.5657961368560791; 0.04289671778678894; -0.5651370882987976; 0.8981090188026428; -0.041443705558776855; 
33; -1.3453049659729004; -0.014455646276473999; -0.2279355376958847; -0.5198580026626587; 0.8767372965812683; -0.13505719602108002; 
39; -1.4609143733978271; -0.4150752127170563; -0.401812881231308; -0.5945573449134827; 0.9876923561096191; -0.16092249751091003; 
38; -1.3280740976333618; 0.08600866794586182; -0.5829695463180542; -0.5123738050460815; 0.9046182632446289; -0.16068077087402344; 
36; -1.385496735572815; 0.006848245859146118; -0.3899841010570526; -0.45009684562683105; 0.8297253251075745; -0.14129866659641266; 
6; -1.1148998737335205; 0.16054955124855042; -0.5367239713668823; -0.4771244525909424; 0.8987116813659668; -0.1761808693408966; 
47; -1.1791565418243408; -0.20351456105709076; -0.2532137632369995; -0.46694421768188477; 0.9218125343322754; -0.14156952500343323; 
49; -1.207621455192566; 0.1239524781703949; -0.24580217897891998; -0.6634235382080078; 0.9940791130065918; -0.044572144746780396; 
19; -1.5699827671051025; -0.43778836727142334; -0.46153777837753296; -0.4993059039115906; 1.0009976625442505; -0.07608999311923981; 
8; -1.3864846229553223; -0.6753280162811279; -0.5814079642295837; -0.6048603653907776; 1.0349571704864502; -0.25459009408950806; 
37; -1.9056543111801147; -0.25593599677085876; -0.4528829753398895; -0.5649908781051636; 0.8848248720169067; -0.05550236999988556; 
15; -2.056448459625244; -0.25711333751678467; -0.32448244094848633; -0.5354043841362; 0.842999279499054; -0.17242366075515747; 
28; -1.3379958868026733; -0.04773208498954773; -0.2263992726802826; -0.5030726194381714; 0.8610434532165527; -0.2528136074542999; 
41; -1.4085192680358887; -0.1678360402584076; -0.18193650245666504; -0.5641969442367554; 0.7515984773635864; -0.04129528999328613; 
43; -1.1075704097747803; -0.15992270410060883; -0.23130521178245544; -0.5159934759140015; 0.9206877946853638; -0.21027176082134247; 
18; -1.5230087041854858; -0.23444277048110962; -1.077065110206604; -0.5274225473403931; 0.878034234046936; -0.1379915475845337; 
10; -1.4284151792526245; -0.21160736680030823; -0.9261481761932373; -0.5115765333175659; 0.8860007524490356; -0.11374324560165405; 
7; -2.008671283721924; -0.25071951746940613; -0.0955606997013092; -0.42645418643951416; 0.942021369934082; -0.10836133360862732; 
46; -2.004420280456543; -0.06913790106773376; -0.07385186851024628; -0.5219780206680298; 0.9582042098045349; -0.2360198199748993; 
34; -0.9851894378662109; 0.05364435911178589; -0.4996536374092102; -0.45216265320777893; 0.9148268699645996; -0.24078044295310974; 
23; -1.0121153593063354; -0.13066686689853668; -0.42798370122909546; -0.48840996623039246; 0.9918266534805298; -0.09880423545837402; 
2; -1.7304024696350098; -0.014568030834197998; -0.5681182742118835; -0.5439574718475342; 0.8005259037017822; -0.2853071093559265; 
42; -1.6584362983703613; -0.1732431948184967; -0.6043713092803955; -0.5566988587379456; 0.9814636707305908; -0.20975261926651; 
45; -1.190272569656372; 0.005346626043319702; -0.25401291251182556; -0.5714261531829834; 0.8259249329566956; -0.13748612999916077; 
4; -1.299424171447754; -0.2672705352306366; -0.37002724409103394; -0.6208857297897339; 1.0394662618637085; -0.1685616821050644; 
30; -1.1005486249923706; -0.2090098261833191; -0.6501936316490173; -0.42621368169784546; 1.1919773817062378; -0.05854611098766327; 
14; -1.1625715494155884; -0.22178469598293304; -0.2130952626466751; -0.567521333694458; 0.8783410787582397; -0.2785184979438782; 
22; -1.3719991445541382; -0.2849311828613281; -0.6292885541915894; -0.4934045374393463; 0.7499147653579712; -0.012137368321418762; 
5; -1.6402065753936768; -0.08003972470760345; -0.31083911657333374; -0.6457803845405579; 1.0130807161331177; -0.22804749011993408; 
48; -1.5442012548446655; -0.21371857821941376; -0.09823325276374817; -0.49947530031204224; 0.9712734818458557; -0.26498353481292725; 
11; -1.3973685503005981; -0.316828191280365; -0.16656343638896942; -0.4486845135688782; 0.737463653087616; -0.12557855248451233; 
27; -1.7461035251617432; -0.07522010803222656; -0.45545604825019836; -0.3918607234954834; 0.9747872352600098; -0.04742811620235443; 
16; -1.5280122756958008; 0.15344402194023132; -0.49455568194389343; -0.6377919316291809; 0.9661399126052856; -0.20744240283966064; 
1; -1.112753987312317; -0.13113254308700562; -0.3970351219177246; -0.5659648180007935; 0.9258633852005005; -0.11295487731695175; 
32; -1.0971828699111938; -0.41597241163253784; -0.48132652044296265; -0.3685402572154999; 0.9612507224082947; -0.2346625030040741; 
12; -1.2540065050125122; 0.038493603467941284; -0.3987920582294464; -0.5717912912368774; 0.7811402082443237; 0.06374168395996094; 
31; -1.0942089557647705; -0.10397252440452576; -0.4138581156730652; -0.5995354652404785; 0.8660315871238708; -0.2180592119693756; 
17; -1.2533307075500488; 0.021323680877685547; -0.6098810434341431; -0.48902618885040283; 0.8823479413986206; -0.153086319565773; 
44; -1.102829933166504; -0.05374136567115784; -0.16364236176013947; -0.5989589095115662; 1.0288838148117065; -0.09599807858467102; 
50; -1.1638708114624023; -0.035303354263305664; -0.4793529510498047; -0.6815330386161804; 0.8569401502609253; -0.10910328477621078; 
88; -1.8713486194610596; -0.10091188549995422; -0.5163183808326721; -0.4673221707344055; 0.9356505870819092; 0.002726726233959198; 
51; -1.3705518245697021; -0.008766621351242065; -0.559344470500946; -0.4641246795654297; 0.8350870609283447; -0.18244393169879913; 
54; -1.2782399654388428; -0.4120407998561859; -0.43664902448654175; -0.5293569564819336; 0.9956389665603638; -0.18227575719356537; 
52; -1.179842233657837; -0.20135542750358582; -0.427895188331604; -0.36394304037094116; 0.901681661605835; -0.11001171916723251; 
59; -1.5284453630447388; -0.21666929125785828; -0.3718799352645874; -0.5991920828819275; 0.9812852144241333; -0.19698408246040344; 
96; -1.443655252456665; -0.24558497965335846; -0.4718266725540161; -0.6115144491195679; 0.890526533126831; -0.20920884609222412; 
94; -0.8022679090499878; -0.24297666549682617; -0.2387068122625351; -0.4786161184310913; 0.9878185987472534; -0.2556910216808319; 
95; -1.0522968769073486; -0.32165780663490295; -0.1717020869255066; -0.5309317111968994; 1.087819218635559; -0.10311760753393173; 
100; -1.2886006832122803; -0.2630872428417206; -0.18165868520736694; -0.5164320468902588; 0.8126438856124878; -0.11324043571949005; 
98; -1.5003057718276978; -0.3851318061351776; -0.341196209192276; -0.5693565607070923; 1.011508584022522; -0.20049692690372467; 
97; -1.6937527656555176; -0.09090331196784973; -0.4019603729248047; -0.5831998586654663; 0.7884773015975952; -0.09897567331790924; 
65; -1.142972707748413; 0.09086620807647705; -0.2869657874107361; -0.49385982751846313; 0.9971779584884644; -0.18652434647083282; 
63; -1.4046822786331177; -0.018924742937088013; -0.15800991654396057; -0.5958998799324036; 1.0260050296783447; -0.09493929147720337; 
56; -1.598547339439392; -0.49793267250061035; -0.5187005400657654; -0.5214037299156189; 0.8512782454490662; -0.1351029872894287; 
60; -1.6433138847351074; -0.21531927585601807; -0.15435446798801422; -0.5670028924942017; 0.9463958740234375; -0.09288585931062698; 
58; -1.2113673686981201; -0.2194460928440094; -0.2742697298526764; -0.8050172924995422; 0.9247894883155823; -0.16226617991924286; 
61; -1.139244556427002; -0.43130484223365784; -0.19225183129310608; -0.6169087886810303; 1.0210227966308594; -0.17679977416992188; 
57; -1.2119734287261963; -0.21445833146572113; -0.43155544996261597; -0.5062409043312073; 0.9961183667182922; -0.11894606053829193; 
62; -1.1337476968765259; -0.235096275806427; -0.3922088146209717; -0.4777396321296692; 0.980026364326477; -0.07667194306850433; 
71; -1.7251431941986084; -0.05036306381225586; -0.3992576599121094; -0.5680822134017944; 0.8731278777122498; -0.13316580653190613; 
64; -1.170210361480713; 0.014285236597061157; -0.4487839639186859; -0.6330807209014893; 1.023922085762024; -0.07475325465202332; 
91; -1.487636685371399; 0.10052093863487244; -0.38377878069877625; -0.5280728340148926; 0.8481181263923645; -0.19879335165023804; 
77; -1.3307055234909058; -0.19937826693058014; -0.247389554977417; -0.3863869309425354; 0.9374896287918091; -0.1132819801568985; 
93; -1.2805306911468506; -0.03583258390426636; -0.1657700538635254; -0.5233418345451355; 0.9581395983695984; -0.16174620389938354; 
86; -1.6569218635559082; 0.0035569071769714355; -0.8495995402336121; -0.4602380096912384; 0.9633623361587524; -0.159041628241539; 
89; -1.510094404220581; -0.018701225519180298; -0.5114666223526001; -0.4747045040130615; 1.0518863201141357; -0.23256808519363403; 
76; -1.0135632753372192; -0.15362975001335144; -0.18905481696128845; -0.5338656902313232; 0.852260947227478; -0.060069821774959564; 
92; -1.224060297012329; 0.006011754274368286; -0.2946655750274658; -0.5244768261909485; 0.7910429239273071; -0.15515092015266418; 
90; -1.1762187480926514; -0.5503218770027161; -0.26778024435043335; -0.5080984234809875; 0.8088175654411316; -0.033789344131946564; 
84; -1.5639228820800781; -0.16611362993717194; -0.6212239265441895; -0.6046830415725708; 0.9025127291679382; -0.1663985401391983; 
82; -1.7434568405151367; -0.1271391212940216; -0.23502589762210846; -0.5759546160697937; 1.0315306186676025; -0.046959780156612396; 
69; -1.3474302291870117; -0.11003205180168152; -0.6603200435638428; -0.5919182300567627; 0.899175763130188; -0.023085325956344604; 
70; -1.4305323362350464; 0.04229411482810974; -0.782672643661499; -0.5026087760925293; 0.809712827205658; -0.19351011514663696; 
74; -1.1942771673202515; -0.026816874742507935; -0.47223585844039917; -0.6333496570587158; 1.0112468004226685; -0.1502530425786972; 
53; -1.2655158042907715; -0.3221186399459839; -0.508793830871582; -0.359424889087677; 1.0161020755767822; -0.08441746979951859; 
99; -1.209463357925415; -0.2724061906337738; -0.34785982966423035; -0.6006513237953186; 0.8425657749176025; -0.1060669869184494; 
78; -1.2182015180587769; -0.6019213199615479; -0.08651244640350342; -0.36570268869400024; 0.8368831276893616; -0.2739320993423462; 
87; -1.3712034225463867; -0.06987790763378143; -0.20562100410461426; -0.5021138191223145; 1.1169391870498657; -0.09306913614273071; 
73; -1.3504009246826172; -0.42980560660362244; -0.14334553480148315; -0.5631603598594666; 0.9545846581459045; -0.19938567280769348; 
81; -1.0100208520889282; 0.09727773070335388; -0.38841521739959717; -0.5862185955047607; 1.0158889293670654; -0.20775863528251648; 
80; -1.0984442234039307; -0.07735031843185425; -0.3116320073604584; -0.5264396667480469; 0.9390422105789185; -0.22232851386070251; 
79; -1.2891886234283447; -0.16871894896030426; -0.3499915599822998; -0.6313990950584412; 0.840172290802002; 0.03892746567726135; 
72; -1.691673994064331; -0.39090824127197266; -0.5344305038452148; -0.5063068866729736; 0.891856849193573; -0.30032578110694885; 
55; -1.913327932357788; 0.11175832152366638; -0.3837432265281677; -0.6718907952308655; 0.9783651232719421; -0.0859355702996254; 
75; -1.1599197387695312; -0.2973918914794922; -0.5541160106658936; -0.42705848813056946; 1.137661337852478; -0.09845377504825592; 
66; -1.635750412940979; -0.374249666929245; -0.5318109393119812; -0.5370545983314514; 0.9985899329185486; -0.1375824213027954; 
68; -1.150848150253296; -0.266924113035202; -0.4035501778125763; -0.5930178165435791; 1.0643965005874634; -0.1274615079164505; 
67; -1.6283410787582397; -0.2843920588493347; -0.1348915696144104; -0.4657551050186157; 0.9129573106765747; -0.21666371822357178; 
85; -1.2434340715408325; -0.28988024592399597; -0.6352980732917786; -0.44467031955718994; 0.8832224011421204; -0.2941521406173706; 
83; -1.2413638830184937; -0.2669098973274231; -0.5103449821472168; -0.4424378573894501; 1.0212615728378296; -0.052112773060798645; 
102; -1.582533597946167; -0.25422829389572144; -0.5232394337654114; -0.39031651616096497; 0.938424825668335; -0.13087297976016998; 
101; -0.8238210678100586; -0.06427614390850067; 0.011992603540420532; -0.5213943123817444; 0.8306493759155273; -0.10185128450393677; 
109; -1.4043583869934082; -0.11914287507534027; -0.18014943599700928; -0.5190213322639465; 0.9595247507095337; -0.1455693244934082; 
112; -1.1783881187438965; -0.34295275807380676; -0.8900296688079834; -0.5564209222793579; 0.8764922022819519; -0.25009647011756897; 
105; -0.7468898892402649; -0.28322577476501465; -0.20231130719184875; -0.5906041264533997; 0.9522762894630432; -0.19544224441051483; 
107; -0.9710283279418945; -0.29331281781196594; -0.20283614099025726; -0.48188653588294983; 0.9136881828308105; -0.10384240001440048; 
117; -1.5065423250198364; -0.17950370907783508; -0.8179115653038025; -0.5459132194519043; 0.9069786667823792; -0.00460372120141983; 
114; -1.6120034456253052; -0.11428338289260864; -0.5503383278846741; -0.5053461790084839; 0.9080032706260681; -0.0811426043510437; 
119; -1.7417124509811401; -0.34060922265052795; -0.6222432851791382; -0.6500307321548462; 0.789617121219635; -0.23473544418811798; 
108; -1.33109450340271; 0.0645761489868164; -0.2759881913661957; -0.6604191660881042; 0.9821805953979492; -0.19172543287277222; 
116; -1.352838158607483; -0.15273524820804596; -0.11283089220523834; -0.5087094902992249; 0.9635874032974243; -0.24995362758636475; 
103; -1.3153605461120605; 0.005450785160064697; -0.4007002115249634; -0.5202937126159668; 0.8293378949165344; -0.12624482810497284; 
115; -1.1362733840942383; -0.2078900933265686; -0.3151191174983978; -0.5334752798080444; 1.0280108451843262; 0.035220637917518616; 
113; -1.3488675355911255; -0.34851348400115967; -0.11485931277275085; -0.47236180305480957; 0.9527509212493896; -0.0223308727145195; 
111; -1.628239393234253; -0.21229681372642517; -0.30615559220314026; -0.46982717514038086; 0.9196836948394775; -0.1061331108212471; 
110; -1.0623142719268799; -0.29040148854255676; -0.6153117418289185; -0.48658135533332825; 0.9160138964653015; -0.0022287070751190186; 
130; -1.6280555725097656; -0.0431978702545166; -0.4457438886165619; -0.49322396516799927; 0.931374192237854; -0.17133808135986328; 
106; -2.006606340408325; -0.13751697540283203; -0.2789515554904938; -0.5034608840942383; 1.1547564268112183; -0.06258141994476318; 
118; -1.385594367980957; 0.049242496490478516; -0.39414557814598083; -0.5758281946182251; 0.909952700138092; -0.25978174805641174; 
123; -1.4481176137924194; -0.01972520351409912; -0.3036963939666748; -0.5351995229721069; 0.8999408483505249; -0.1851087063550949; 
131; -0.9967693090438843; -0.2006615549325943; -0.35158872604370117; -0.44713497161865234; 0.885658860206604; -0.15996713936328888; 
124; -1.5999342203140259; 0.17189782857894897; -0.4909602403640747; -0.43235117197036743; 0.9468737840652466; -0.19657905399799347; 
129; -1.8023450374603271; -0.139982670545578; -0.6573321223258972; -0.5625291466712952; 1.1053117513656616; -0.11394152790307999; 
120; -1.217362880706787; -0.04626649618148804; -0.46602192521095276; -0.5984560251235962; 1.0828495025634766; -0.08940701931715012; 
128; -1.4845166206359863; -0.044934868812561035; -0.7197638750076294; -0.5981608033180237; 0.8753872513771057; -0.1201912984251976; 
122; -1.2275563478469849; -0.2671281695365906; -0.6548035144805908; -0.5907503366470337; 0.9740627408027649; -0.041907891631126404; 
104; -1.0163681507110596; -0.12583348155021667; -0.3472832143306732; -0.5315746068954468; 0.9741319417953491; -0.2311224341392517; 
121; -1.2256437540054321; -0.2749364376068115; -0.7947351336479187; -0.6202988028526306; 1.0170226097106934; -0.08249448984861374; 
125; -1.528188705444336; 0.31046262383461; -0.25729525089263916; -0.43708521127700806; 0.9542908668518066; -0.06761524826288223; 
126; -2.0725085735321045; 0.010488182306289673; -0.5446242094039917; -0.5205419063568115; 0.7699439525604248; -0.09845888614654541; 
127; -2.050100088119507; -0.46582621335983276; -0.40674903988838196; -0.4856147766113281; 0.8716082572937012; -0.15601113438606262; 
132; -0.9153875112533569; -0.42834562063217163; -0.6981198191642761; -0.7060547471046448; 1.1301610469818115; -0.07766751945018768; 
147; -1.6123815774917603; -0.2552769184112549; -0.26136571168899536; -0.5059257745742798; 0.9211032390594482; -0.14245101809501648; 
146; -1.4649733304977417; -0.07820478081703186; -0.6532899141311646; -0.5024232864379883; 0.9899575710296631; -0.2485414743423462; 
148; -1.2575196027755737; -0.10456471145153046; -0.5510655045509338; -0.3639671206474304; 0.9154245257377625; -0.20038247108459473; 
136; -1.4114115238189697; -0.16634507477283478; -0.025263696908950806; -0.47705626487731934; 0.965736985206604; -0.20131796598434448; 
133; -1.430096983909607; -0.2610176205635071; -0.3835047781467438; -0.4903685748577118; 0.9123128652572632; -0.13022975623607635; 
135; -1.5743162631988525; -0.28505271673202515; -0.43570104241371155; -0.5709688663482666; 0.9307166337966919; -0.2649837136268616; 
134; -1.284488558769226; -0.5652928948402405; -0.13262328505516052; -0.44461339712142944; 0.9867376685142517; -0.020475417375564575; 
137; -1.285380244255066; -0.10905857384204865; -0.28871801495552063; -0.5502489805221558; 0.9026549458503723; -0.18026292324066162; 
144; -1.3866052627563477; 0.011705905199050903; -0.657680869102478; -0.5393609404563904; 0.9851202964782715; -0.19791318476200104; 
138; -1.1659306287765503; -0.3897939920425415; -0.3581979274749756; -0.5678781270980835; 0.8720581531524658; -0.08166555315256119; 
141; -1.1869304180145264; -0.20160113275051117; -0.40583768486976624; -0.4203423261642456; 0.9396031498908997; -0.0005778372287750244; 
142; -1.1415917873382568; 0.22369883954524994; -0.14150609076023102; -0.6171636581420898; 0.8693163394927979; -0.10440976917743683; 
140; -1.3018767833709717; 0.08978322148323059; -0.6597042679786682; -0.7387093305587769; 1.0246539115905762; -0.03801412135362625; 
152; -1.2145776748657227; -0.11933302879333496; -0.8473525643348694; -0.6430135369300842; 0.9562591314315796; -0.24329502880573273; 
145; -1.2342579364776611; 0.005414783954620361; -0.34179309010505676; -0.41820859909057617; 0.75688636302948; -0.07433685660362244; 
154; -0.9786579608917236; -0.15191610157489777; -0.2721146047115326; -0.4946231544017792; 0.8997158408164978; 0.000639498233795166; 
153; -1.9573029279708862; -0.36721599102020264; -0.4105933904647827; -0.4971581995487213; 0.810285210609436; -0.07676974684000015; 
150; -0.9513015151023865; -0.3194313049316406; -0.46937453746795654; -0.6398842334747314; 1.1012282371520996; -0.15479524433612823; 
159; -1.4865883588790894; -0.5358538031578064; -0.3643414378166199; -0.6208226680755615; 0.9559212327003479; -0.20883744955062866; 
167; -1.2713313102722168; -0.12827765941619873; -0.2612874507904053; -0.6273780465126038; 1.0256614685058594; -0.12484200298786163; 
143; -1.3882546424865723; -0.22985729575157166; -0.27395373582839966; -0.3950769305229187; 0.8653959631919861; -0.12188340723514557; 
158; -0.7659699320793152; -0.30605530738830566; -0.40223419666290283; -0.4599002003669739; 1.1168919801712036; -0.11146567761898041; 
166; -1.2450404167175293; -0.4356004595756531; -0.29306983947753906; -0.6175421476364136; 0.9881628155708313; -0.21398237347602844; 
139; -1.0001195669174194; -0.17697124183177948; -0.3234179615974426; -0.5132894515991211; 0.9716826677322388; -0.08277532458305359; 
165; -1.4779951572418213; -0.22661654651165009; -0.7314584851264954; -0.5095183253288269; 0.9992231130599976; -0.1238558441400528; 
162; -1.2299164533615112; -0.05846637487411499; -0.5867757797241211; -0.5373520851135254; 0.8928437232971191; -0.12010553479194641; 
151; -1.0016156435012817; 0.20873066782951355; -0.12812703847885132; -0.5196586847305298; 0.9576078653335571; 0.0214424729347229; 
169; -1.810164213180542; -0.09718471765518188; -0.5135422945022583; -0.5029731392860413; 0.9257813096046448; -0.09067782759666443; 
168; -1.274025797843933; 0.12550845742225647; -0.09345586597919464; -0.49850815534591675; 0.864753246307373; -0.2212499976158142; 
164; -1.262499451637268; 0.12853789329528809; -0.5202993154525757; -0.47554001212120056; 1.1353787183761597; -0.1740720272064209; 
156; -1.3040438890457153; -0.03584396839141846; -0.5872997045516968; -0.4479556381702423; 0.9223573207855225; -0.1362876445055008; 
163; -1.1538945436477661; -0.24175581336021423; -0.35140976309776306; -0.5887076258659363; 1.0589371919631958; -0.14967943727970123; 
157; -1.4098775386810303; -0.2627737820148468; -1.004410982131958; -0.6279723048210144; 0.8348562717437744; -0.21341845393180847; 
160; -1.2923349142074585; -0.3140246570110321; -0.4024374186992645; -0.3914332687854767; 0.8851645588874817; -0.11154025048017502; 
170; -1.7759299278259277; -0.07236826419830322; -0.5357811450958252; -0.5531081557273865; 1.0341488122940063; -0.26472553610801697; 
175; -1.6042581796646118; -0.2623288035392761; -0.72647625207901; -0.4338028132915497; 0.9030023813247681; -0.22501735389232635; 
180; -0.868241548538208; -0.4493543803691864; -0.24682055413722992; -0.4780949652194977; 0.9246616363525391; -0.19692543148994446; 
171; -1.2220734357833862; -0.4626072645187378; -0.24505028128623962; -0.4220702052116394; 0.8874234557151794; -0.031328439712524414; 
177; -1.3888530731201172; -0.08657002449035645; -0.2606270909309387; -0.600669264793396; 0.9591006636619568; -0.2110583782196045; 
161; -1.4740387201309204; 0.08475321531295776; -0.5040494799613953; -0.27481240034103394; 0.9238342046737671; -0.06425728648900986; 
188; -1.1516759395599365; -0.09190140664577484; -0.28416579961776733; -0.5704728364944458; 1.0398406982421875; -0.13607634603977203; 
181; -1.105410099029541; -0.16552728414535522; -0.5629209280014038; -0.5834169983863831; 0.8542752861976624; -0.05627433955669403; 
192; -1.1468944549560547; -0.23083330690860748; -0.5589669942855835; -0.38403522968292236; 0.8802589178085327; -0.2383962869644165; 
174; -1.302053451538086; 0.0652361810207367; -0.5119360089302063; -0.6003848910331726; 1.0352342128753662; -0.1826181411743164; 
184; -1.5366079807281494; -0.21241331100463867; -0.3645859360694885; -0.4895057678222656; 0.8577008247375488; -0.1496182531118393; 
189; -1.192063570022583; -0.3924338221549988; -0.4626172184944153; -0.5920365452766418; 0.8942135572433472; -0.2730664312839508; 
186; -1.5732693672180176; -0.11292710900306702; -0.3930797278881073; -0.48362118005752563; 0.8877054452896118; -0.17127320170402527; 
193; -1.3596690893173218; -0.3022427260875702; -0.0730644166469574; -0.5054651498794556; 0.9017360210418701; -0.12017287313938141; 
183; -1.1847738027572632; 0.12400972843170166; -0.3320843577384949; -0.5756722688674927; 0.9144124388694763; -0.08247184008359909; 
191; -1.368417739868164; -0.4797259569168091; -0.55808424949646; -0.37083008885383606; 0.8908991813659668; -0.20820271968841553; 
172; -1.2949557304382324; -0.18372906744480133; -0.32754743099212646; -0.5022631883621216; 0.8524135947227478; -0.11184775829315186; 
194; -1.254885196685791; 0.06876745820045471; -0.24962028861045837; -0.578268826007843; 0.9159202575683594; -0.09279125928878784; 
173; -1.1165356636047363; 0.1120886504650116; -0.5343822836875916; -0.6211845874786377; 0.9337248206138611; -0.37219905853271484; 
187; -1.148034930229187; 0.210113525390625; -0.37729892134666443; -0.2559571862220764; 1.0166375637054443; -0.08138467371463776; 
179; -1.255062460899353; -0.08380699157714844; -0.13689501583576202; -0.5165889859199524; 1.0776333808898926; -0.021448403596878052; 
185; -0.970320463180542; -0.26019740104675293; -0.17480354011058807; -0.5705026388168335; 0.8130242824554443; -0.06497694551944733; 
176; -1.1406642198562622; -0.20353978872299194; -0.49217963218688965; -0.5304917097091675; 0.7920001745223999; -0.15109054744243622; 
195; -1.5631335973739624; 0.09214475750923157; -0.068448007106781; -0.558285653591156; 0.9524900913238525; -0.05160203576087952; 
155; -1.130062460899353; -0.19777889549732208; -0.21071121096611023; -0.6329315900802612; 0.9331834316253662; -0.07241084426641464; 
197; -1.4290690422058105; 0.1378999948501587; -0.4029385447502136; -0.5119155645370483; 0.7668958306312561; -0.1679011881351471; 
190; -1.3670350313186646; 0.04342183470726013; -0.1907559186220169; -0.602672815322876; 1.0049018859863281; -0.10419037193059921; 
178; -0.6257009506225586; -0.14205381274223328; -0.6111623048782349; -0.5284284353256226; 0.9132229089736938; -0.12172865867614746; 
199; -1.6401547193527222; -0.35092872381210327; -0.5393030047416687; -0.45222315192222595; 0.9389560222625732; -0.15361790359020233; 
196; -1.1238733530044556; -0.16762590408325195; -0.7129547595977783; -0.4616656005382538; 0.941420316696167; -0.17306354641914368; 
182; -1.3440308570861816; 0.16532295942306519; -0.05056086182594299; -0.5878764390945435; 0.8533613085746765; -0.29092150926589966; 
198; -1.4549334049224854; 0.007027536630630493; -0.3368651866912842; -0.4772951006889343; 0.9469408988952637; -0.178938627243042; 
149; -1.34678316116333; -0.08271025121212006; -0.1437099575996399; -0.5751882791519165; 0.9868361353874207; -0.10775324702262878; 
200; -1.4943315982818604; -0.2562485337257385; -0.08018013834953308; -0.7088354825973511; 0.9138814210891724; -0.23064400255680084; 
213; -1.1777031421661377; -0.2881573438644409; -0.4061874449253082; -0.699920654296875; 0.8490583896636963; -0.1388089656829834; 
202; -1.2015129327774048; -0.1748121827840805; -0.9305530786514282; -0.4419809579849243; 0.8364309668540955; -0.2358587384223938; 
241; -1.2757651805877686; -0.1595713496208191; -0.23293766379356384; -0.39441239833831787; 0.8436313271522522; -0.22396472096443176; 
223; -1.1223058700561523; 0.11479452252388; -0.42315933108329773; -0.5825960636138916; 0.8997859954833984; -0.30491137504577637; 
204; -1.3681972026824951; -0.3057366609573364; -0.3363095819950104; -0.4683718681335449; 0.857692539691925; 0.01658964902162552; 
212; -1.2889543771743774; 0.05641612410545349; -0.5594151616096497; -0.6036689281463623; 1.001784086227417; -0.08250706642866135; 
240; -1.596467137336731; -0.0647101104259491; -0.384229838848114; -0.5313922166824341; 0.9824628829956055; -0.29142457246780396; 
221; -1.6361140012741089; -0.14585378766059875; -0.3649207353591919; -0.6292950510978699; 1.0356183052062988; -0.062233805656433105; 
205; -1.1396552324295044; -0.47366395592689514; -0.4371661841869354; -0.5589691996574402; 0.9377163648605347; -0.14858141541481018; 
200; -1.4943315982818604; -0.2562485337257385; -0.08018016815185547; -0.7088354825973511; 0.9138814210891724; -0.23064395785331726; 
244; -1.2672955989837646; -0.3137178122997284; -0.5136745572090149; -0.6307523250579834; 0.7999536991119385; -0.19491615891456604; 
216; -1.6868454217910767; -0.2523680031299591; -0.6601513624191284; -0.45939767360687256; 0.8990678787231445; -0.17022070288658142; 
224; -0.6653575897216797; 0.03751447796821594; -0.3119017481803894; -0.446485698223114; 1.0047677755355835; -0.29002100229263306; 
243; -1.3924152851104736; -0.01789642870426178; -0.6826725006103516; -0.5814559459686279; 0.9371383786201477; -0.11360231041908264; 
237; -1.8960665464401245; 0.06778493523597717; -0.4142962396144867; -0.5833583474159241; 1.025071382522583; -0.15110822021961212; 
227; -1.4758899211883545; -0.14966626465320587; -0.4280943274497986; -0.5475239753723145; 1.1081517934799194; -0.1193292886018753; 
226; -1.1598023176193237; -0.19844140112400055; -0.28118056058883667; -0.614781379699707; 0.8551766872406006; 0.06440459191799164; 
206; -1.4162724018096924; -0.015901565551757812; -0.06135594844818115; -0.695725679397583; 0.969307005405426; -0.18531480431556702; 
238; -1.9070383310317993; -0.18335598707199097; -0.23881301283836365; -0.5425237417221069; 0.9306305646896362; -0.20500560104846954; 
236; -0.9395765066146851; 0.008069276809692383; -0.2331061214208603; -0.5849217772483826; 0.9555304050445557; -0.12436346709728241; 
228; -1.3278989791870117; -0.22180886566638947; -0.271676629781723; -0.56584233045578; 0.9960249662399292; -0.20709720253944397; 
229; -1.4302717447280884; 0.0953359603881836; -0.7128199338912964; -0.6748308539390564; 0.9412211775779724; -0.16018535196781158; 
248; -1.3247041702270508; -0.3152567446231842; -0.19049769639968872; -0.5125449895858765; 0.9236541986465454; -0.17623136937618256; 
214; -1.3797869682312012; -0.20496484637260437; -0.4667970538139343; -0.556299090385437; 1.006111741065979; -0.17080463469028473; 
231; -1.7483060359954834; -0.013933569192886353; -0.8476098775863647; -0.5301201939582825; 1.0145097970962524; -0.12721489369869232; 
220; -1.0493210554122925; -0.2566777467727661; -0.5449580550193787; -0.5252882242202759; 1.0561649799346924; -0.017383664846420288; 
222; -0.9478499889373779; -0.1571158766746521; -0.6731280088424683; -0.47855931520462036; 0.9569826722145081; -0.20819485187530518; 
209; -1.6184728145599365; -0.15812985599040985; -0.4526124596595764; -0.6258992552757263; 0.9136366844177246; -0.10381624102592468; 
234; -1.1540603637695312; -0.5012872815132141; -0.7759029269218445; -0.43709850311279297; 1.0635993480682373; -0.18640360236167908; 
225; -1.6302778720855713; -0.05481114983558655; -0.5545467138290405; -0.6207284927368164; 0.8802782297134399; -0.24826033413410187; 
235; -1.1172534227371216; -0.2437833845615387; -0.3141157925128937; -0.4830782115459442; 1.0036802291870117; -0.04417964071035385; 
218; -1.3127377033233643; -0.37156081199645996; -0.36257466673851013; -0.48388150334358215; 0.8381739258766174; -0.01402372121810913; 
210; -1.6188148260116577; -0.12939667701721191; -0.3264366388320923; -0.6649554967880249; 0.8080042600631714; -0.22660642862319946; 
251; -1.2348474264144897; -0.22304439544677734; -0.5072327852249146; -0.45332545042037964; 0.9215710759162903; -0.3103123903274536; 
203; -1.050967812538147; 0.09404700994491577; -0.22707264125347137; -0.3790378272533417; 1.0158720016479492; -0.04723402112722397; 
215; -1.2341967821121216; -0.14872528612613678; -0.2624608278274536; -0.711121678352356; 0.891665518283844; 0.06770938634872437; 
207; -1.4431664943695068; -0.15940706431865692; -0.35355085134506226; -0.5727198123931885; 0.8148107528686523; -0.14133666455745697; 
253; -1.1977925300598145; -0.1175486147403717; -0.4229821264743805; -0.4645257592201233; 1.0792951583862305; -0.1459847241640091; 
211; -1.8153908252716064; -0.24625851213932037; -0.14982804656028748; -0.5788944959640503; 0.9814251065254211; -0.07042402029037476; 
208; -1.2111579179763794; -0.26244083046913147; -0.29448816180229187; -0.5951032638549805; 0.9121512174606323; -0.16200979053974152; 
258; -1.2958195209503174; -0.3028942048549652; -0.5875107049942017; -0.611882209777832; 0.8726546168327332; -0.047815993428230286; 
239; -1.7473386526107788; -0.2348339855670929; -0.08963339030742645; -0.3674171566963196; 0.9580300450325012; -0.15356561541557312; 
256; -1.690255045890808; -0.21532829105854034; -0.043983668088912964; -0.5645407438278198; 0.8642919063568115; -0.19599321484565735; 
245; -1.2624019384384155; -0.05494934320449829; -0.3317573070526123; -0.5429252982139587; 0.8671982288360596; -0.09016568213701248; 
219; -1.3603886365890503; 0.1085343062877655; -0.2848926782608032; -0.6012623310089111; 0.899594247341156; -0.2831987738609314; 
261; -1.0634984970092773; -0.4033140242099762; -0.4848088324069977; -0.5720807909965515; 0.8913418650627136; -0.13537482917308807; 
232; -1.0930086374282837; -0.5221467018127441; -0.21644660830497742; -0.6778127551078796; 1.0000596046447754; -0.2617625594139099; 
201; -1.6259698867797852; -0.13323387503623962; -0.45943039655685425; -0.5288446545600891; 0.8890544176101685; -0.27791208028793335; 
246; -1.8538092374801636; 0.023213565349578857; -0.16425713896751404; -0.5239148139953613; 0.9574843049049377; -0.20037522912025452; 
264; -1.4204612970352173; -0.40756645798683167; -0.7096877098083496; -0.46544378995895386; 0.9952679872512817; -0.02782527357339859; 
217; -1.4663230180740356; -0.3822486698627472; -0.5119985938072205; -0.4368758797645569; 0.9875315427780151; -0.0064491406083106995; 
275; -1.3770298957824707; -0.04642769694328308; -0.6462928056716919; -0.4793543219566345; 0.8792697787284851; -0.2014683187007904; 
249; -1.5212812423706055; -0.39076587557792664; -0.36335667967796326; -0.7652705311775208; 1.0093327760696411; -0.0709393247961998; 
269; -1.554322600364685; -0.15721693634986877; -0.6153761148452759; -0.6016188859939575; 0.8379435539245605; -0.280781090259552; 
252; -1.4987518787384033; 0.06923840939998627; -0.34946611523628235; -0.47842299938201904; 1.1502699851989746; -0.18040208518505096; 
266; -1.566981554031372; -0.258588045835495; -0.5266644358634949; -0.475324809551239; 0.9484000205993652; -0.21359293162822723; 
242; -1.2887051105499268; -0.36371171474456787; -0.18414895236492157; -0.47088655829429626; 1.0257148742675781; -0.09455613791942596; 
230; -1.1054437160491943; -0.1811979115009308; -0.4628240466117859; -0.5779896378517151; 0.9821293354034424; -0.24894529581069946; 
267; -1.3773293495178223; -0.26166218519210815; -0.8953030109405518; -0.5636141300201416; 0.9622715711593628; -0.185310959815979; 
260; -1.365889310836792; 0.14668095111846924; -0.374886155128479; -0.41016772389411926; 0.8311344385147095; -0.3626938462257385; 
265; -1.524990439414978; -0.527218222618103; -0.4920746982097626; -0.5136405229568481; 0.8472148776054382; -0.13637575507164001; 
276; -1.4210107326507568; -0.5154080390930176; -0.30330634117126465; -0.5527836084365845; 0.7825605869293213; -0.178148552775383; 
262; -1.3654862642288208; -0.2560657262802124; -0.3506166636943817; -0.4304483234882355; 0.9191327095031738; -0.1886889636516571; 
233; -1.1586287021636963; -0.28182393312454224; -0.20320306718349457; -0.509554922580719; 1.0255546569824219; -0.13061285018920898; 
254; -1.0589678287506104; 0.023132622241973877; -0.15854638814926147; -0.3774489164352417; 0.8966021537780762; -0.20382075011730194; 
294; -0.6227909326553345; -0.038438886404037476; -0.2420312762260437; -0.5235593914985657; 1.0065194368362427; -0.32780104875564575; 
293; -1.3725476264953613; 0.07881325483322144; -0.6628835201263428; -0.5006477236747742; 0.8503128886222839; -0.13364560902118683; 
282; -0.832146406173706; -0.0003267824649810791; -0.5153693556785583; -0.39043131470680237; 0.8966333270072937; -0.08617237955331802; 
263; -1.2554055452346802; -0.18992726504802704; -0.6321139335632324; -0.5512645244598389; 1.0007257461547852; -0.21769092977046967; 
274; -1.3423564434051514; -0.1499248743057251; -0.396528959274292; -0.6345595121383667; 1.0491046905517578; -0.1284475028514862; 
270; -1.2391644716262817; -0.08867327868938446; -0.4106661081314087; -0.5298980474472046; 0.9510669112205505; -0.2323266565799713; 
250; -1.0183143615722656; -0.5424306392669678; -0.42610442638397217; -0.5387865304946899; 0.9516561031341553; -0.23265452682971954; 
247; -0.9974415302276611; -0.3267875909805298; -0.4058424234390259; -0.5655249357223511; 0.9880846738815308; -0.07642865180969238; 
285; -1.208088755607605; -0.5632224678993225; -0.21191762387752533; -0.7094327807426453; 0.8271859884262085; 0.02832295000553131; 
279; -1.500200867652893; -0.08726276457309723; -0.2795811891555786; -0.499150812625885; 1.0004847049713135; -0.13449183106422424; 
287; -1.5745255947113037; 0.08553674817085266; -0.2594597339630127; -0.6747397780418396; 0.9979445338249207; -0.21199540793895721; 
290; -1.3656785488128662; 0.010013222694396973; -0.19634360074996948; -0.5924120545387268; 0.925631046295166; -0.0791551023721695; 
291; -1.266203761100769; -0.380098819732666; -0.3833238482475281; -0.4044076204299927; 1.1160948276519775; -0.10667292028665543; 
300; -1.2854351997375488; -0.24920004606246948; -0.4771836996078491; -0.49616074562072754; 0.807320237159729; -0.24339866638183594; 
281; -1.8638696670532227; -0.002264648675918579; -0.5567824840545654; -0.6581003665924072; 1.0869598388671875; -0.23527249693870544; 
298; -1.5038495063781738; -0.44957435131073; -0.0452190637588501; -0.6096339225769043; 0.9582796692848206; -0.07531080394983292; 
286; -1.0025649070739746; 0.037248075008392334; -0.45706886053085327; -0.49564245343208313; 1.0356167554855347; -0.2246672362089157; 
289; -1.5313620567321777; -0.21114420890808105; -0.4987381398677826; -0.4850464165210724; 1.034321665763855; -0.19394291937351227; 
283; -1.1585655212402344; -0.44611656665802; -0.3369376063346863; -0.5413543581962585; 0.943406879901886; -0.06996390223503113; 
302; -1.002976655960083; -0.07689963281154633; -0.06656263768672943; -0.5297852158546448; 0.9751702547073364; -0.21834662556648254; 
292; -1.472193956375122; -0.15972235798835754; -0.4933975636959076; -0.5717288255691528; 0.9914252161979675; -0.20313338935375214; 
277; -1.4878108501434326; -0.5373923778533936; -0.445438951253891; -0.46317219734191895; 1.0121406316757202; -0.1886570155620575; 
268; -1.1565276384353638; 0.30537721514701843; -0.009817361831665039; -0.47658002376556396; 0.9304164052009583; -0.16111843287944794; 
306; -1.880157470703125; -0.3361997604370117; -0.32665419578552246; -0.7502184510231018; 0.8334680199623108; -0.3349319100379944; 
296; -1.2501994371414185; -0.4121970534324646; -0.11280825734138489; -0.5405179262161255; 0.9079078435897827; -0.27915453910827637; 
278; -1.4850858449935913; -0.19208523631095886; -0.27885112166404724; -0.4782233238220215; 0.9772509932518005; -0.1543896645307541; 
257; -0.7050803303718567; 0.007176637649536133; -0.022472023963928223; -0.4667294919490814; 0.8142233490943909; -0.3149980306625366; 
284; -1.258026361465454; -0.19613634049892426; -0.05244719982147217; -0.5928512811660767; 0.8637455701828003; -0.25104835629463196; 
272; -1.3286973237991333; 0.06629908084869385; -0.4653211832046509; -0.5468283295631409; 0.9528651833534241; -0.05122312158346176; 
308; -1.083387851715088; 0.049656808376312256; -0.2017955332994461; -0.491455078125; 1.0945123434066772; -0.17166389524936676; 
273; -2.261239528656006; -0.2252628207206726; -0.04667714238166809; -0.5213659405708313; 0.8476723432540894; -0.15600070357322693; 
280; -1.071866512298584; 0.12204420566558838; -0.2641827464103699; -0.5159257054328918; 1.114120364189148; -0.21421821415424347; 
315; -1.0826722383499146; -0.07331991195678711; -0.5500272512435913; -0.5776170492172241; 1.0007256269454956; -0.3463866710662842; 
259; -1.4277329444885254; 0.07869499921798706; -0.5944134593009949; -0.4922095835208893; 0.8851850628852844; -0.20852841436862946; 
307; -1.2959429025650024; -0.17479318380355835; -0.6847414374351501; -0.6084315180778503; 1.0091314315795898; -0.13341882824897766; 
297; -1.2445491552352905; -0.520244836807251; -0.3936581015586853; -0.49401137232780457; 0.9689875841140747; -0.06949453055858612; 
309; -1.4828227758407593; -0.03162503242492676; -0.35793641209602356; -0.47994524240493774; 0.9206635355949402; -0.15290825068950653; 
310; -1.413799524307251; -0.26902490854263306; -0.03270038962364197; -0.4588143229484558; 1.0182552337646484; -0.03569776564836502; 
288; -1.276418924331665; -0.20089347660541534; -0.08023729920387268; -0.48031967878341675; 0.8791813254356384; -0.2091234028339386; 
301; -1.4874274730682373; 0.15097123384475708; -0.46329522132873535; -0.6758950352668762; 0.9835814237594604; -0.2278355062007904; 
304; -1.3761751651763916; -0.2366824448108673; -0.42534658312797546; -0.48008835315704346; 0.90384840965271; -0.15600448846817017; 
312; -1.6881484985351562; -0.2189544439315796; -0.3287454843521118; -0.5689064264297485; 0.986562967300415; -0.26639461517333984; 
305; -1.6073052883148193; -0.049753352999687195; -0.38898593187332153; -0.5257019996643066; 0.8974509239196777; 0.021555982530117035; 
255; -1.3314523696899414; 0.043573975563049316; -0.3004235327243805; -0.5591630935668945; 0.8787804245948792; -0.22600466012954712; 
271; -0.9985347390174866; -0.33950182795524597; -0.22226956486701965; -0.4140026569366455; 1.0178520679473877; -0.17736928164958954; 
295; -1.2761237621307373; -0.07573381066322327; -0.3774242699146271; -0.49159368872642517; 1.083808183670044; -0.18986548483371735; 
316; -1.2087119817733765; 0.07612192630767822; -0.2996004819869995; -0.4725306034088135; 1.048067331314087; -0.09082402288913727; 
314; -1.3485486507415771; 0.015047341585159302; -0.16761651635169983; -0.6324170231819153; 0.9260453581809998; -0.14343276619911194; 
299; -1.4375901222229004; -0.3721543848514557; -0.45228710770606995; -0.4363015592098236; 1.0320059061050415; -0.10310376435518265; 
323; -1.120562195777893; 0.05819788575172424; -0.610337495803833; -0.5404860973358154; 1.061017632484436; -0.19491977989673615; 
331; -1.2935938835144043; -0.2690282166004181; -0.5981773734092712; -0.47588396072387695; 0.9561818242073059; -0.12745092809200287; 
326; -1.192508339881897; -0.5086731910705566; -0.5105315446853638; -0.47387945652008057; 0.9686687588691711; -0.11829707771539688; 
311; -1.472064733505249; -0.10832925140857697; -0.2013857215642929; -0.6242357492446899; 0.9298665523529053; -0.2651936411857605; 
313; -1.171891450881958; -0.15644463896751404; -0.8294163942337036; -0.5078218579292297; 0.9442862272262573; -0.27411454916000366; 
327; -0.8992581963539124; -0.48223745822906494; -0.4356177747249603; -0.6667123436927795; 0.8868247270584106; -0.11956796795129776; 
341; -1.4541656970977783; -0.2511725127696991; 0.18194633722305298; -0.5783023238182068; 0.9547411799430847; -0.08379434049129486; 
334; -1.1108293533325195; -0.1450798511505127; -0.38265174627304077; -0.5551480650901794; 1.0102996826171875; -0.1985102891921997; 
319; -1.4093360900878906; -0.4236050248146057; -0.3046763241291046; -0.5464046597480774; 0.9547191262245178; -0.18268857896327972; 
330; -1.6633055210113525; -0.06026741862297058; -0.2515107989311218; -0.507735550403595; 0.9334486722946167; -0.1959322839975357; 
317; -1.1865670680999756; 0.04030904173851013; -0.43693292140960693; -0.5262629985809326; 0.9460583925247192; -0.2149079144001007; 
328; -1.746783971786499; -0.5378962755203247; -0.23337200284004211; -0.473633348941803; 0.8299857974052429; -0.0017981529235839844; 
336; -1.3285694122314453; -0.14287568628787994; -0.4059981107711792; -0.5118769407272339; 0.8384209275245667; -0.1361585557460785; 
332; -1.179677128791809; -0.07720693945884705; -0.2222166806459427; -0.48565417528152466; 0.7717748880386353; -0.13804183900356293; 
303; -1.2863097190856934; -0.22544226050376892; -0.4710068702697754; -0.5019421577453613; 0.7787377834320068; -0.24030253291130066; 
325; -1.3927677869796753; 0.052792370319366455; -0.44923752546310425; -0.5846774578094482; 1.0254552364349365; -0.1161368116736412; 
320; -1.3752585649490356; -0.3092055320739746; -0.4008156955242157; -0.6918478012084961; 1.0167145729064941; -0.20270998775959015; 
324; -1.5239949226379395; 0.012483865022659302; -0.626695454120636; -0.6697553396224976; 0.9743010401725769; -0.06365280598402023; 
318; -1.4152681827545166; -0.36228564381599426; -0.37856486439704895; -0.4703260064125061; 0.8775806427001953; -0.106800377368927; 
329; -1.1843315362930298; -0.25493526458740234; -0.4439261853694916; -0.5280983448028564; 0.9122737646102905; -0.27950090169906616; 
322; -1.6850918531417847; -0.18211811780929565; -0.3553909659385681; -0.4360398054122925; 0.9535409808158875; -0.09631858766078949; 
357; -0.9087543487548828; 0.04165157675743103; -0.3540559709072113; -0.5186147689819336; 0.9242508411407471; -0.09708099812269211; 
335; -1.2128820419311523; -0.1388198882341385; -0.5847102403640747; -0.5924625396728516; 0.8708642721176147; -0.26844561100006104; 
351; -1.0736725330352783; -0.23317815363407135; -0.22152751684188843; -0.6719733476638794; 1.052890658378601; -0.15171079337596893; 
337; -1.508986473083496; -0.17732825875282288; -0.3401446044445038; -0.6140608787536621; 0.9329017400741577; 0.017771810293197632; 
356; -1.6034808158874512; -0.17911787331104279; -0.4822295904159546; -0.606418788433075; 1.0279576778411865; -0.19079887866973877; 
343; -0.9936389923095703; 0.0819079577922821; -0.5496902465820312; -0.6278820633888245; 0.9911819100379944; -0.12937751412391663; 
339; -0.8403161764144897; 0.022647395730018616; -0.2565409243106842; -0.524988055229187; 0.9798865914344788; -0.1796063482761383; 
366; -1.5537800788879395; 0.25711822509765625; -0.6037103533744812; -0.5644177198410034; 1.0268882513046265; -0.3102465867996216; 
352; -1.1684929132461548; -0.27357518672943115; -0.4397822618484497; -0.5987144708633423; 0.8180850744247437; -0.37035858631134033; 
349; -1.2800301313400269; -0.16373708844184875; -0.3284996449947357; -0.5846210718154907; 0.8693832159042358; -0.08017551153898239; 
344; -1.5675358772277832; -0.26999351382255554; -0.1410869061946869; -0.4946051836013794; 0.9326174855232239; -0.23293888568878174; 
347; -1.2011828422546387; -0.25590574741363525; -0.28355884552001953; -0.4887843132019043; 0.9678494334220886; -0.16827799379825592; 
346; -1.0952343940734863; 0.0034232735633850098; -0.5109066963195801; -0.5183009505271912; 0.872451663017273; -0.15291211009025574; 
350; -1.3052791357040405; 0.3188163936138153; -0.17993098497390747; -0.5260636806488037; 0.8036222457885742; -0.23465918004512787; 
338; -1.2289974689483643; -0.4514116942882538; -0.6569240093231201; -0.5582994222640991; 0.7444612383842468; -0.19956888258457184; 
348; -1.4212720394134521; -0.27963513135910034; -0.6269054412841797; -0.5668624043464661; 0.8783113360404968; -0.20822060108184814; 
369; -1.0621275901794434; -0.09096521139144897; -0.21029022336006165; -0.45884448289871216; 0.9554103016853333; -0.11315698176622391; 
342; -1.1644389629364014; -0.42638567090034485; 0.09126126766204834; -0.3800313472747803; 0.912871241569519; -0.08883142471313477; 
360; -1.7318992614746094; 0.1050807535648346; -0.48659569025039673; -0.5850980281829834; 0.9277558922767639; -0.3221190273761749; 
345; -1.3482879400253296; -0.2524488866329193; -0.33405858278274536; -0.6506943702697754; 0.9538533687591553; -0.030835114419460297; 
355; -1.1820019483566284; -0.1985679715871811; -0.3619213104248047; -0.6634111404418945; 0.8831086158752441; -0.1854444444179535; 
372; -1.5507705211639404; -0.027551770210266113; -0.05091699957847595; -0.45466792583465576; 0.9538570642471313; -0.11528954654932022; 
370; -1.4675203561782837; -0.02394711971282959; -0.6065704822540283; -0.6038770079612732; 1.0088796615600586; -0.20327895879745483; 
364; -1.022451639175415; 0.418915718793869; -0.3198409974575043; -0.49761855602264404; 0.9560966491699219; -0.10096374899148941; 
368; -1.1813561916351318; -0.001834869384765625; -0.5189477801322937; -0.701539933681488; 0.9869001507759094; -0.15167547762393951; 
367; -1.1097091436386108; 0.1507975459098816; -0.08071717619895935; -0.47833389043807983; 0.9554008841514587; -0.193796768784523; 
379; -1.373867154121399; -0.16971001029014587; -0.42170050740242004; -0.660776674747467; 0.9853468537330627; -0.12211740016937256; 
354; -1.4566574096679688; 0.15211975574493408; -0.2162800431251526; -0.4852883219718933; 1.1010369062423706; -0.11627160012722015; 
333; -1.6528863906860352; -0.036336809396743774; 0.011849552392959595; -0.6740538477897644; 0.8218258023262024; -0.33781158924102783; 
377; -1.4594242572784424; 0.1044996976852417; -0.42999234795570374; -0.5422496199607849; 0.9572389125823975; -0.12135741114616394; 
353; -1.6820569038391113; -0.11895081400871277; -0.28354498744010925; -0.5981701612472534; 0.9385432004928589; -0.348041832447052; 
321; -0.5731005668640137; -0.35135120153427124; -0.7085269689559937; -0.5473537445068359; 1.092965841293335; -0.1167195737361908; 
362; -1.6460235118865967; 0.03597018122673035; -0.3320534825325012; -0.5743486881256104; 1.0469186305999756; -0.08231986314058304; 
340; -1.1443270444869995; -0.026078760623931885; -0.2884597182273865; -0.44024837017059326; 1.0649949312210083; -0.14581355452537537; 
376; -1.7639106512069702; -0.038039594888687134; -0.23860451579093933; -0.729720950126648; 1.0011202096939087; -0.2178952842950821; 
373; -1.436173915863037; -0.34589797258377075; -0.3115546405315399; -0.4178936183452606; 1.0780519247055054; -0.10063157975673676; 
375; -1.8210281133651733; -0.4596651494503021; -0.29654353857040405; -0.5970293283462524; 0.9533893465995789; -0.20450009405612946; 
391; -1.2573323249816895; -0.2457875907421112; -0.2880464494228363; -0.446605384349823; 1.0333192348480225; -0.19179312884807587; 
363; -1.436056137084961; -0.14440184831619263; -0.614549994468689; -0.48275139927864075; 0.8280818462371826; -0.26815351843833923; 
378; -1.2583333253860474; 0.24790161848068237; -0.21619813144207; -0.4530550241470337; 0.9172051548957825; -0.2737644910812378; 
380; -1.1456210613250732; -0.1904689520597458; -0.5582546591758728; -0.55959552526474; 0.9228328466415405; -0.24178029596805573; 
374; -1.1626617908477783; -0.1510917842388153; -0.5514118671417236; -0.5556033253669739; 0.891859233379364; -0.11229179054498672; 
397; -1.1772137880325317; -0.253499299287796; -0.44632411003112793; -0.6126982569694519; 0.9646334648132324; -0.10777796804904938; 
388; -1.2838611602783203; 0.29078298807144165; -0.30047807097435; -0.7339613437652588; 0.8361373543739319; -0.14760571718215942; 
385; -1.3683701753616333; -0.3153235912322998; -0.2900102734565735; -0.5826724767684937; 0.9468990564346313; -0.10407005250453949; 
389; -1.4549447298049927; -0.003015577793121338; -0.8623234629631042; -0.4620139002799988; 1.0750190019607544; -0.1728532612323761; 
371; -1.2850228548049927; -0.13193558156490326; -0.14633624255657196; -0.6598376035690308; 0.9357526898384094; -0.10584796220064163; 
390; -1.561801552772522; -0.16460901498794556; -0.5587853193283081; -0.5177479982376099; 0.957941472530365; -0.2673344910144806; 
403; -1.423193097114563; -0.2558397352695465; -0.513563334941864; -0.5297556519508362; 0.9917173385620117; -0.1549573689699173; 
395; -1.2068922519683838; -0.218873530626297; -0.20575456321239471; -0.44699349999427795; 0.9312317371368408; -0.07953516393899918; 
359; -1.2729161977767944; -0.008898437023162842; -0.50776207447052; -0.5663788914680481; 0.8539040088653564; -0.24741148948669434; 
393; -1.5564804077148438; -0.09314608573913574; -0.5875824689865112; -0.5411745309829712; 0.8519055843353271; -0.1475001871585846; 
382; -0.9955849647521973; -0.47108790278434753; -0.4402725100517273; -0.7145571708679199; 0.8940390944480896; -0.3041326403617859; 
402; -1.3703820705413818; -0.13469666242599487; -0.4041854441165924; -0.48768770694732666; 0.9859495162963867; -0.23197902739048004; 
404; -1.3231943845748901; -0.413676917552948; -0.44234132766723633; -0.6424229741096497; 0.9582267999649048; -0.11627410352230072; 
384; -0.9590402841567993; -0.09361052513122559; -0.4986823797225952; -0.48258981108665466; 0.963569164276123; -0.20331968367099762; 
361; -1.1613314151763916; -0.042153745889663696; -0.44629010558128357; -0.4664492607116699; 0.833781898021698; -0.12981873750686646; 
358; -1.5043494701385498; -0.06299030780792236; -1.0767220258712769; -0.5392715930938721; 0.9711752533912659; -0.2918509244918823; 
383; -1.3006036281585693; 0.0029020607471466064; -0.24248133599758148; -0.5233043432235718; 1.006531000137329; -0.24791333079338074; 
420; -1.0575761795043945; -0.11241526901721954; -0.5999200344085693; -0.4389093220233917; 0.8818383812904358; -0.17094552516937256; 
418; -1.6554263830184937; 0.02100387215614319; -0.4695468544960022; -0.532257080078125; 1.006633996963501; -0.024014011025428772; 
392; -1.209214448928833; -0.07890141010284424; -0.07249879837036133; -0.5327888131141663; 0.8472446203231812; -0.12782026827335358; 
409; -1.8550411462783813; -0.11970435082912445; -0.34470033645629883; -0.6649832725524902; 0.865869402885437; 0.00422881543636322; 
398; -1.00679349899292; -0.1010359674692154; -0.201040118932724; -0.6478801965713501; 0.8185403347015381; -0.10219643265008926; 
406; -1.5380803346633911; -0.3784087300300598; -0.6184765100479126; -0.579120397567749; 0.8658274412155151; -0.24788852035999298; 
411; -1.11978018283844; -0.2295844703912735; -0.23228496313095093; -0.4886074662208557; 1.0132019519805908; -0.20872709155082703; 
413; -2.3571248054504395; 0.07717922329902649; -0.19605068862438202; -0.4740396738052368; 0.9214789867401123; -0.1815456748008728; 
381; -1.5030367374420166; -0.11370834708213806; -0.479327917098999; -0.4732592701911926; 0.9283871650695801; -0.2712073028087616; 
425; -1.330079436302185; 0.013913363218307495; -0.8755682706832886; -0.5658186674118042; 0.9194760322570801; -0.24775058031082153; 
365; -1.536001443862915; -0.13910561800003052; -1.0364917516708374; -0.46540018916130066; 1.0035817623138428; -0.13803495466709137; 
394; -1.2065446376800537; -0.2782534956932068; -0.6609134674072266; -0.6465783715248108; 0.8976629972457886; -0.16454291343688965; 
412; -1.3378574848175049; -0.1290859878063202; -0.48705166578292847; -0.43446874618530273; 0.8200566172599792; -0.037321336567401886; 
396; -1.5458645820617676; -0.269162118434906; 0.22231075167655945; -0.46997255086898804; 0.9543445706367493; 0.014933355152606964; 
400; -1.0280563831329346; -0.5565968751907349; -0.369205117225647; -0.4878091812133789; 0.9602648019790649; -0.29715555906295776; 
410; -1.088645100593567; -0.019090265035629272; -0.041587620973587036; -0.6352129578590393; 0.842924177646637; -0.05628620833158493; 
405; -1.500590443611145; -0.006886005401611328; -0.2750271260738373; -0.4503099322319031; 0.9763432145118713; -0.2017536759376526; 
407; -1.2475981712341309; -0.0882483422756195; -0.28719478845596313; -0.537302553653717; 1.001766324043274; -0.20205961167812347; 
427; -1.433450698852539; -0.3787914216518402; -0.28741103410720825; -0.5484436750411987; 0.9603662490844727; -0.22663620114326477; 
421; -1.2151789665222168; -0.18180999159812927; -0.20180660486221313; -0.7282856106758118; 0.8643789291381836; -0.11707940697669983; 
422; -0.944027304649353; -0.36710283160209656; -0.353613018989563; -0.5055767297744751; 0.9831595420837402; -0.11969541013240814; 
428; -1.105818748474121; -0.2895447611808777; -0.5254697799682617; -0.5975354313850403; 0.8493590950965881; -0.18515467643737793; 
419; -1.535027265548706; -0.3375312089920044; -0.4781572222709656; -0.4295603036880493; 0.8675624132156372; -0.2754761278629303; 
417; -1.3517630100250244; -0.2953418493270874; -0.5341809988021851; -0.623215913772583; 0.9200811386108398; -0.2579914927482605; 
426; -1.0061547756195068; -0.24684464931488037; -0.1301478147506714; -0.4546205401420593; 1.001879096031189; -0.22318950295448303; 
434; -1.3664813041687012; -0.22723016142845154; -0.9910712242126465; -0.49132418632507324; 0.9136216044425964; 0.011629216372966766; 
438; -1.3162953853607178; -0.08985379338264465; -0.13803508877754211; -0.4279901385307312; 0.9682831764221191; -0.19531424343585968; 
431; -1.0193572044372559; -0.08448809385299683; -0.7225903272628784; -0.5137309432029724; 0.8218425512313843; -0.060566604137420654; 
401; -1.3554250001907349; -0.07376685738563538; -0.3958512544631958; -0.5662188529968262; 1.0362149477005005; -0.24634376168251038; 
442; -1.1039797067642212; -0.26038795709609985; -0.585462749004364; -0.6036550402641296; 1.0648996829986572; -0.042683184146881104; 
423; -1.5194969177246094; -0.046621084213256836; -0.515794575214386; -0.5846884846687317; 0.8969564437866211; -0.08926079422235489; 
387; -1.0976500511169434; 0.00035578012466430664; -0.44875824451446533; -0.6251053810119629; 0.861270010471344; -0.15877240896224976; 
443; -1.4340511560440063; -0.12747594714164734; -0.7555269598960876; -0.5100246667861938; 0.9447007179260254; -0.04647894203662872; 
444; -1.3748782873153687; -0.16948628425598145; -0.4006684124469757; -0.6245542764663696; 0.9602215886116028; -0.10302527993917465; 
432; -0.9902212619781494; -0.378426194190979; -0.7627743482589722; -0.5915700197219849; 0.9308868646621704; -0.28309640288352966; 
399; -1.647376298904419; -0.30056115984916687; -0.3992936611175537; -0.4977126717567444; 0.9571565389633179; -0.14816398918628693; 
437; -1.5384089946746826; -0.3033946752548218; -0.643014669418335; -0.5943677425384521; 0.8469539880752563; -0.18844754993915558; 
436; -1.382704257965088; 0.024615496397018433; -0.4840511381626129; -0.4905276298522949; 0.9250733852386475; -0.2404533475637436; 
439; -1.1755974292755127; 0.00430750846862793; -0.3230501115322113; -0.6562919020652771; 0.8960244059562683; -0.24678531289100647; 
408; -1.4612711668014526; 0.15022248029708862; 0.04179665446281433; -0.45650529861450195; 0.9028492569923401; -0.16172268986701965; 
445; -1.426398754119873; -0.10700085759162903; -0.6279334425926208; -0.6322969794273376; 0.8237298130989075; -0.17442256212234497; 
440; -1.2357538938522339; -0.07732313871383667; -0.5591030120849609; -0.5240535140037537; 0.7914671897888184; -0.1064780056476593; 
414; -1.108115553855896; 0.4149235785007477; 0.05738091468811035; -0.48490190505981445; 1.0067622661590576; -0.1256629079580307; 
386; -1.872972846031189; -0.5580657124519348; -0.2636585235595703; -0.6050569415092468; 0.9433203339576721; -0.3288422226905823; 
459; -1.27268648147583; -0.08783593773841858; -0.2056073695421219; -0.4753130078315735; 0.9688669443130493; -0.134206160902977; 
454; -1.260847806930542; -0.17324714362621307; -0.4940394163131714; -0.5648986101150513; 0.9840567708015442; -0.05299028754234314; 
452; -0.7774146795272827; -0.22577029466629028; -0.5645990371704102; -0.6597718000411987; 0.6123406887054443; -0.11768165975809097; 
430; -1.50807785987854; -0.26732221245765686; -0.13570824265480042; -0.5069129467010498; 0.9571971893310547; -0.05479583144187927; 
441; -1.1686770915985107; -0.15351122617721558; -0.2216070145368576; -0.5154142379760742; 0.8487867116928101; -0.14675405621528625; 
450; -1.1942622661590576; -0.28681644797325134; -0.3933227062225342; -0.45488858222961426; 1.0619876384735107; -0.17930924892425537; 
448; -1.1638637781143188; 0.1406269371509552; -0.29861050844192505; -0.6143209934234619; 0.8480817079544067; -0.0048600733280181885; 
468; -1.9718379974365234; -0.023931950330734253; -0.4923211932182312; -0.5300777554512024; 1.0220952033996582; -0.1254398226737976; 
474; -1.2578620910644531; -0.2185051441192627; -0.24051618576049805; -0.5771344304084778; 0.9250017404556274; -0.07868744432926178; 
416; -1.3626213073730469; -0.08306673169136047; -0.4322161078453064; -0.43355247378349304; 0.9413312077522278; -0.08112639933824539; 
467; -1.0467702150344849; -0.2545718550682068; -0.6553544998168945; -0.437694251537323; 0.9290754795074463; -0.1283990740776062; 
453; -1.1904102563858032; -0.24020859599113464; -0.16899821162223816; -0.5075989365577698; 1.0237607955932617; -0.05448583513498306; 
433; -1.4812586307525635; -0.28539806604385376; -0.31872427463531494; -0.5554878115653992; 0.9371769428253174; -0.13699327409267426; 
458; -1.027421474456787; -0.1857743263244629; -0.22025763988494873; -0.4268854260444641; 0.812946081161499; -0.09764539450407028; 
476; -1.527761697769165; -0.27737322449684143; -0.5305124521255493; -0.520980954170227; 0.9599042534828186; -0.10805346816778183; 
457; -1.370174765586853; -0.2411850392818451; -0.5607563257217407; -0.44020384550094604; 0.873705267906189; -0.08870092034339905; 
480; -2.11615252494812; -0.13631336390972137; -0.16813786327838898; -0.6419345140457153; 1.014249563217163; -0.07645458728075027; 
449; -0.8638383150100708; -0.38494348526000977; -0.3905811011791229; -0.5752555131912231; 0.823992908000946; -0.14343765377998352; 
455; -0.9044408798217773; -0.2044755518436432; -0.6290351152420044; -0.5682390928268433; 1.099642038345337; -0.11461582779884338; 
463; -1.0177018642425537; -0.22647053003311157; 0.004755944013595581; -0.5887834429740906; 0.9368321895599365; -0.21876142919063568; 
456; -1.3066611289978027; -0.03218089044094086; -0.3240774869918823; -0.6608596444129944; 0.8270005583763123; -0.23188532888889313; 
415; -1.252332329750061; -0.17595398426055908; -0.9174445867538452; -0.578893780708313; 0.7778346538543701; -0.1801854521036148; 
451; -1.2424942255020142; -0.12823383510112762; -0.3180156350135803; -0.609546422958374; 0.9804661870002747; -0.18773344159126282; 
470; -1.429593801498413; 0.10537993907928467; -0.17531128227710724; -0.491166353225708; 0.8060905933380127; -0.06484372913837433; 
466; -1.3512459993362427; -0.6460385322570801; -0.6048026084899902; -0.6432955861091614; 1.0381743907928467; -0.15669488906860352; 
460; -1.4153343439102173; -0.1242525577545166; -0.29713669419288635; -0.5640274286270142; 0.9232181310653687; -0.15060868859291077; 
447; -1.431191086769104; -0.1251562386751175; -0.02517428994178772; -0.45981091260910034; 1.0668163299560547; -0.18297156691551208; 
461; -1.6148128509521484; -0.6662903428077698; -0.8007234334945679; -0.5706471800804138; 1.0131157636642456; -0.17765983939170837; 
464; -1.126794695854187; -0.33238399028778076; -0.2927693724632263; -0.6808630228042603; 0.8522883653640747; -0.30003172159194946; 
462; -1.522886037826538; -0.16290079057216644; -0.5510349273681641; -0.5796921849250793; 0.8691638112068176; -0.14155828952789307; 
435; -1.1235594749450684; -0.38694095611572266; -0.5512703657150269; -0.5002228021621704; 0.8391829133033752; -0.198281392455101; 
487; -1.1270685195922852; -0.29216134548187256; -0.22743374109268188; -0.48002511262893677; 0.9077243208885193; -0.14061342179775238; 
469; -1.1249780654907227; 0.05201536417007446; -0.45400992035865784; -0.4102379083633423; 0.8209882378578186; -0.07825326174497604; 
424; -1.244879961013794; -0.15911968052387238; -0.2066136598587036; -0.5363366603851318; 0.9139273762702942; -0.11375561356544495; 
483; -1.2003029584884644; 0.20272457599639893; -0.28099796175956726; -0.36030101776123047; 1.0928804874420166; -0.18555699288845062; 
477; -1.9009573459625244; -0.030103445053100586; -0.18943628668785095; -0.5523862838745117; 0.8675582408905029; -0.25081849098205566; 
472; -1.424880027770996; 0.09241199493408203; -0.21889527142047882; -0.6438136696815491; 0.9697939157485962; -0.06166677922010422; 
471; -1.4433809518814087; -0.2366245985031128; -0.5729976296424866; -0.6134212017059326; 0.8142940998077393; -0.22802872955799103; 
475; -1.7106752395629883; -0.12656638026237488; -0.36053261160850525; -0.44009286165237427; 1.0234378576278687; -0.25128379464149475; 
484; -1.3814281225204468; 0.0064085423946380615; -0.23211105167865753; -0.35970479249954224; 0.8143735527992249; -0.24670428037643433; 
479; -1.834135890007019; -0.15960727632045746; -0.3703896701335907; -0.6641945838928223; 0.824241578578949; -0.07969504594802856; 
465; -1.5423439741134644; -0.0834936648607254; -0.37081870436668396; -0.5182411670684814; 0.8988358974456787; -0.10378462821245193; 
429; -1.4361915588378906; 0.12636083364486694; -0.5607524514198303; -0.5203605890274048; 1.0620381832122803; -0.17011775076389313; 
485; -1.913785696029663; -0.14612962305545807; -0.3506823778152466; -0.5161107182502747; 0.8954262733459473; -0.2118775099515915; 
496; -1.3342273235321045; -0.11692258715629578; -0.5709385871887207; -0.37970197200775146; 0.9231035709381104; -0.2940894067287445; 
486; -1.3157025575637817; -0.135696142911911; -0.5496628880500793; -0.4980723261833191; 0.9086461663246155; -0.138456791639328; 
473; -1.2676873207092285; -0.07843700051307678; -0.5686229467391968; -0.6632063388824463; 0.9380249381065369; -0.12214452028274536; 
481; -1.6904816627502441; -0.19410479068756104; -0.6476865410804749; -0.482676237821579; 0.8630712628364563; -0.06483098864555359; 
491; -1.1056689023971558; -0.2922836244106293; -0.31135302782058716; -0.6729838252067566; 0.9406347870826721; -0.14381089806556702; 
446; -0.7549925446510315; 0.13673123717308044; -0.5379725694656372; -0.4770330488681793; 0.9608431458473206; -0.1956237554550171; 
488; -1.465649127960205; -0.10472410917282104; -0.4494721591472626; -0.45233988761901855; 0.9993577003479004; -0.12547975778579712; 
478; -1.1398390531539917; -0.34507080912590027; -0.4045592248439789; -0.5782493352890015; 0.9707528352737427; -0.12316830456256866; 
490; -1.799119472503662; -0.20201259851455688; -0.5715377330780029; -0.603323221206665; 0.843817412853241; -0.1493453085422516; 
493; -1.5695937871932983; -0.247391939163208; -0.2944336533546448; -0.49965664744377136; 1.0404655933380127; -0.13780713081359863; 
495; -1.1294150352478027; 0.16147097945213318; -0.34193986654281616; -0.5891737937927246; 1.072637915611267; -0.25744926929473877; 
499; -1.2776845693588257; 0.03114601969718933; -0.8301887512207031; -0.4829562306404114; 0.8858281373977661; -0.15978886187076569; 
489; -1.1732378005981445; -0.2887623608112335; -0.4570218026638031; -0.46656495332717896; 0.9913603663444519; -0.17771650850772858; 
497; -1.4480711221694946; -0.3862442970275879; -0.4630044102668762; -0.5445305109024048; 0.8983564972877502; -0.20488928258419037; 
482; -1.325385570526123; -0.2998257875442505; -0.1982601433992386; -0.5284364223480225; 1.087990164756775; -0.06459897011518478; 
498; -1.3423608541488647; -0.2116982638835907; -0.4360235631465912; -0.7737134695053101; 1.0025770664215088; -0.1641508787870407; 
494; -1.677302360534668; -0.003493756055831909; -0.28485408425331116; -0.5975879430770874; 0.9054455757141113; -0.13736732304096222; 
492; -1.1112651824951172; 0.08651283383369446; -0.4001113772392273; -0.5940233469009399; 0.9729287028312683; -0.024995163083076477; 
