26; -0.7758665084838867; 0.28549277782440186; 0.08580200374126434; -0.42349907755851746; 0.9968484044075012; -0.0027900375425815582; 
35; -0.9036720395088196; 0.31067270040512085; -0.13738982379436493; -0.28420114517211914; 0.9666435718536377; -0.04074569046497345; 
40; -0.9761385321617126; 0.1857801228761673; -0.260701447725296; -0.35515081882476807; 0.9186698198318481; 0.015627069398760796; 
9; -0.761403501033783; 0.0799076184630394; -0.1744478940963745; -0.32960817217826843; 1.052734136581421; -0.013985049910843372; 
25; -0.8206309080123901; 0.42315995693206787; -0.2358764111995697; -0.35823768377304077; 1.0208008289337158; -0.1619510054588318; 
20; -0.6584048271179199; 0.17796680331230164; -0.15340355038642883; -0.3712843954563141; 1.15739905834198; -0.002474846551194787; 
3; -0.7835828065872192; 0.31847095489501953; -0.1359696090221405; -0.35132792592048645; 1.0696136951446533; -0.026662210002541542; 
0; -0.873008131980896; 0.16932781040668488; 0.1960909515619278; -0.42568886280059814; 1.1152395009994507; -0.008657224476337433; 
29; -0.6356954574584961; 0.2649209797382355; 0.08326991647481918; -0.3499421179294586; 1.1183346509933472; -0.018992304801940918; 
21; -0.7254616022109985; 0.042409759014844894; 0.06175485998392105; -0.400433748960495; 0.9865081310272217; 0.06332426518201828; 
24; -0.8059490919113159; 0.2805221378803253; 0.0693390816450119; -0.44142428040504456; 0.9760929942131042; 0.08961034566164017; 
13; -0.9200146198272705; -0.14028234779834747; 0.41099637746810913; -0.4035916328430176; 1.0653859376907349; 0.1372791975736618; 
33; -0.907965898513794; 0.2690512239933014; 0.10614930093288422; -0.40596362948417664; 1.0374562740325928; 0.01811053790152073; 
39; -0.9565762281417847; -0.01795075461268425; 0.011647079139947891; -0.4531543254852295; 1.1323686838150024; -0.01332138478755951; 
38; -0.8393855690956116; 0.4096255600452423; -0.1861247569322586; -0.35304713249206543; 1.0538569688796997; -0.023629963397979736; 
36; -0.8827716112136841; 0.30920132994651794; -0.003979209810495377; -0.3101828098297119; 0.9639298915863037; 0.0070512969978153706; 
6; -0.6345292329788208; 0.47749069333076477; -0.13192138075828552; -0.34176161885261536; 1.0450206995010376; -0.027674369513988495; 
47; -0.7955918908119202; 0.16651718318462372; 0.0775553435087204; -0.33693093061447144; 1.039591908454895; -0.02032960206270218; 
49; -0.8194534182548523; 0.4274384081363678; 0.04922650381922722; -0.5101962089538574; 1.140211582183838; 0.07081685960292816; 
19; -1.098146915435791; -0.027069473639130592; -0.13435812294483185; -0.34048110246658325; 1.1553306579589844; 0.057239141315221786; 
8; -0.7900456786155701; -0.21035781502723694; -0.1330951601266861; -0.4184560477733612; 1.2253433465957642; -0.07867054641246796; 
37; -1.3716541528701782; 0.11999484896659851; -0.1133948266506195; -0.42444854974746704; 1.0242888927459717; 0.11066390573978424; 
15; -1.4834767580032349; 0.07494573295116425; 0.020897604525089264; -0.4002111852169037; 1.0159602165222168; -0.029838019981980324; 
28; -0.8095657229423523; 0.3386300802230835; 0.12052106857299805; -0.3424863815307617; 1.0496976375579834; -0.117191843688488; 
41; -0.91936194896698; 0.2311604619026184; 0.18859007954597473; -0.4015306830406189; 0.9084134101867676; 0.11965133249759674; 
43; -0.6697275042533875; 0.23065461218357086; 0.10734924674034119; -0.4024295508861542; 1.0725140571594238; -0.0852520763874054; 
18; -1.0457918643951416; 0.12404482811689377; -0.6777940988540649; -0.3889951705932617; 1.0287898778915405; 0.0339810773730278; 
10; -0.9596900939941406; 0.1116700991988182; -0.5211266279220581; -0.3465871214866638; 1.0526636838912964; 0.029833095148205757; 
7; -1.4830551147460938; 0.11582065373659134; 0.2099018692970276; -0.2879839837551117; 1.0912281274795532; 0.024212224408984184; 
46; -1.4792271852493286; 0.2565240263938904; 0.23522193729877472; -0.4065002202987671; 1.097703456878662; -0.11617070436477661; 
34; -0.6377066373825073; 0.39183899760246277; -0.14851273596286774; -0.31203436851501465; 1.072211742401123; -0.09336790442466736; 
23; -0.6033177375793457; 0.19727860391139984; -0.07138645648956299; -0.355617880821228; 1.181296944618225; 0.03744841739535332; 
2; -1.1268969774246216; 0.3639344871044159; -0.14448362588882446; -0.3644428849220276; 0.9827960729598999; -0.09806732833385468; 
42; -1.1902083158493042; 0.1958821713924408; -0.2498345971107483; -0.4106149971485138; 1.1155518293380737; -0.06899285316467285; 
45; -0.7135496139526367; 0.37089720368385315; 0.18591052293777466; -0.4116847515106201; 0.9933457374572754; 0.017930753529071808; 
4; -0.884698748588562; 0.052591174840927124; 0.018199890851974487; -0.4583624303340912; 1.16716468334198; -0.03523772582411766; 
30; -0.7320038080215454; 0.1072087287902832; -0.2815287113189697; -0.27469414472579956; 1.332798719406128; 0.09740999341011047; 
14; -0.6953547596931458; 0.13644631206989288; 0.17047061026096344; -0.4113658666610718; 1.0590484142303467; -0.12376748025417328; 
22; -0.8412202000617981; 0.0897754430770874; -0.23083925247192383; -0.34293729066848755; 0.9370579719543457; 0.1417616754770279; 
5; -1.0838029384613037; 0.23004154860973358; 0.054820552468299866; -0.5002084374427795; 1.1726411581039429; -0.09071310609579086; 
48; -1.0757958889007568; 0.11107711493968964; 0.18030986189842224; -0.3755228817462921; 1.1030728816986084; -0.13798029720783234; 
11; -0.9077373147010803; 0.03306063264608383; 0.1588679701089859; -0.28849703073501587; 0.9042891263961792; 0.007021971046924591; 
27; -1.2783812284469604; 0.27249518036842346; -0.11822810769081116; -0.2651727497577667; 1.1211268901824951; 0.07987301051616669; 
16; -1.0624330043792725; 0.49526914954185486; -0.124116450548172; -0.4930969178676605; 1.129095435142517; -0.05118284747004509; 
1; -0.7077890038490295; 0.18721169233322144; -0.05580606684088707; -0.41845476627349854; 1.0829380750656128; 0.016618436202406883; 
32; -0.6436654925346375; -0.06346772611141205; -0.11187651753425598; -0.20864205062389374; 1.1058647632598877; -0.07347609847784042; 
12; -0.8187024593353271; 0.38339585065841675; -0.03404587507247925; -0.41408249735832214; 0.9608662128448486; 0.24245710670948029; 
31; -0.6391528248786926; 0.24283555150032043; -0.11232974380254745; -0.4741802513599396; 1.0005110502243042; -0.0866844579577446; 
17; -0.7799844145774841; 0.379605233669281; -0.17388460040092468; -0.349665105342865; 1.0337635278701782; 0.010243399068713188; 
44; -0.5702953338623047; 0.2939092814922333; 0.20876432955265045; -0.4140479564666748; 1.2004437446594238; 0.07661780714988708; 
50; -0.7119934558868408; 0.3057832717895508; -0.03935787081718445; -0.5256462693214417; 1.0398961305618286; 0.049750737845897675; 
88; -1.3046233654022217; 0.2190733253955841; -0.14398205280303955; -0.326912522315979; 1.0869927406311035; 0.1126023605465889; 
51; -0.8917279839515686; 0.27993571758270264; -0.18242068588733673; -0.3008120059967041; 0.9954094290733337; -0.02328646555542946; 
54; -0.8688305616378784; -0.09237939119338989; -0.09198585897684097; -0.389224648475647; 1.138001799583435; -0.05457128584384918; 
52; -0.7848196029663086; 0.1328262984752655; -0.08643952757120132; -0.22381491959095; 1.0439022779464722; 0.013078139163553715; 
59; -0.9511373043060303; 0.14165911078453064; 0.01819911040365696; -0.4391900897026062; 1.1608116626739502; -0.04388396814465523; 
96; -0.93990558385849; 0.15171898901462555; -0.09819555282592773; -0.44981658458709717; 1.0539952516555786; -0.04144163057208061; 
94; -0.4539664387702942; 0.0880635678768158; 0.05961756780743599; -0.32353711128234863; 1.1689125299453735; -0.12435305118560791; 
95; -0.5968276262283325; 0.022263910621404648; 0.22222384810447693; -0.36751246452331543; 1.2575583457946777; 0.0620943084359169; 
100; -0.798488974571228; 0.10786676406860352; 0.1538579761981964; -0.3596532940864563; 0.9818031787872314; 0.033240217715501785; 
98; -0.9828782081604004; -0.00044660549610853195; 0.08024381846189499; -0.43509915471076965; 1.1516532897949219; -0.023476239293813705; 
97; -1.1490522623062134; 0.24965134263038635; -0.05461810901761055; -0.4252412021160126; 0.9446849226951599; 0.049714162945747375; 
65; -0.788502037525177; 0.39420515298843384; 0.045509565621614456; -0.3752738833427429; 1.1303616762161255; -0.06258335709571838; 
63; -0.9203321933746338; 0.3469979465007782; 0.22511988878250122; -0.4364951550960541; 1.1890312433242798; 0.06179766729474068; 
56; -1.1358076333999634; -0.10678485780954361; -0.11671992391347885; -0.38350626826286316; 1.0190205574035645; 0.02995738759636879; 
60; -1.1183851957321167; 0.1496356725692749; 0.20516519248485565; -0.4091953635215759; 1.1207548379898071; 0.06191263347864151; 
58; -0.7825442552566528; 0.14447498321533203; 0.09236391633749008; -0.6478566527366638; 1.0578383207321167; -0.03141685202717781; 
61; -0.6972797513008118; -0.07624715566635132; 0.15909314155578613; -0.47904953360557556; 1.1750578880310059; -0.023193929344415665; 
57; -0.8198543190956116; 0.09532119333744049; -0.11213253438472748; -0.38841283321380615; 1.1321598291397095; 0.023577140644192696; 
62; -0.7055204510688782; 0.054558154195547104; -0.013434185646474361; -0.3386041224002838; 1.136134386062622; 0.09139372408390045; 
71; -1.1288950443267822; 0.2737763822078705; -0.04531124234199524; -0.403243750333786; 1.0491127967834473; 0.0298326276242733; 
64; -0.782820999622345; 0.31469017267227173; -0.10728319734334946; -0.44459229707717896; 1.2046523094177246; 0.09061940014362335; 
91; -1.0014479160308838; 0.410904198884964; -0.01342644914984703; -0.3826497197151184; 1.0217413902282715; -0.0659443661570549; 
77; -0.9323886632919312; 0.111270472407341; 0.08999300003051758; -0.24820901453495026; 1.0829287767410278; 0.02321956679224968; 
93; -0.7658261060714722; 0.26790207624435425; 0.1795310080051422; -0.4023524224758148; 1.1046209335327148; -0.029148977249860764; 
86; -1.1619229316711426; 0.42489469051361084; -0.37087810039520264; -0.3049898147583008; 1.1441255807876587; -0.019342180341482162; 
89; -1.046447992324829; 0.30693238973617554; -0.19379550218582153; -0.35457855463027954; 1.1960017681121826; -0.09824789315462112; 
76; -0.6176400780677795; 0.1619386374950409; 0.13540932536125183; -0.39315104484558105; 1.0177733898162842; 0.08381771296262741; 
92; -0.7203644514083862; 0.3207496404647827; 0.1416255086660385; -0.3753661811351776; 0.9525817036628723; -0.009957489557564259; 
90; -0.7152154445648193; -0.17548228800296783; 0.10184195637702942; -0.367854505777359; 0.9509350061416626; 0.08718375116586685; 
84; -1.0843926668167114; 0.16076518595218658; -0.21535202860832214; -0.42651090025901794; 1.0636913776397705; -0.04180479794740677; 
82; -1.1620725393295288; 0.3131330609321594; 0.21244372427463531; -0.3739798069000244; 1.2226687669754028; 0.10859648138284683; 
69; -0.8529763221740723; 0.2702608108520508; -0.2802472710609436; -0.44323769211769104; 1.0581507682800293; 0.12150199711322784; 
70; -0.918368399143219; 0.2962602376937866; -0.48711875081062317; -0.38209769129753113; 0.9394510984420776; -0.0702156350016594; 
74; -0.7972856163978577; 0.29997795820236206; -0.05028523504734039; -0.4793957769870758; 1.1699103116989136; -0.02106165513396263; 
53; -0.8602984547615051; 0.011103305965662003; -0.19562508165836334; -0.2505977749824524; 1.1394513845443726; 0.02114436775445938; 
99; -0.8131324052810669; 0.05070028826594353; -0.02433556318283081; -0.469745934009552; 0.9882279634475708; 0.03475768491625786; 
78; -0.7260981202125549; -0.19390921294689178; 0.27317777276039124; -0.1953192949295044; 1.00973379611969; -0.10494183003902435; 
87; -0.983210027217865; 0.20357941091060638; 0.08016759157180786; -0.3886522948741913; 1.2441399097442627; 0.016657570376992226; 
73; -0.8812511563301086; -0.08285471796989441; 0.16871294379234314; -0.4218713939189911; 1.1050676107406616; -0.06549719721078873; 
81; -0.5647493600845337; 0.40558120608329773; -0.03410965949296951; -0.4393753707408905; 1.1880635023117065; -0.0685824379324913; 
80; -0.6720007061958313; 0.24321693181991577; 0.041298843920230865; -0.40482768416404724; 1.0947033166885376; -0.10225002467632294; 
79; -0.7561620473861694; 0.1524321585893631; -0.04471999779343605; -0.465866357088089; 1.003854751586914; 0.16955333948135376; 
72; -1.0225284099578857; 0.010892331600189209; -0.12209925055503845; -0.341050922870636; 1.0761349201202393; -0.11378877609968185; 
55; -1.4115993976593018; 0.3969077467918396; -0.07950011640787125; -0.5343485474586487; 1.1027885675430298; 0.05340207368135452; 
75; -0.8168857097625732; -0.010609250515699387; -0.19740073382854462; -0.29732605814933777; 1.270025610923767; 0.024915916845202446; 
66; -1.1106432676315308; 0.0363699309527874; -0.12390050292015076; -0.37142905592918396; 1.1768078804016113; 0.03175126388669014; 
68; -0.7623841166496277; 0.05993032455444336; -0.020694592967629433; -0.4623650014400482; 1.2242032289505005; 0.01869148388504982; 
67; -1.1841164827346802; 0.099938303232193; 0.22673049569129944; -0.30135810375213623; 1.0977598428726196; -0.07268748432397842; 
85; -0.7788709402084351; 0.12259948253631592; -0.20097409188747406; -0.28401845693588257; 1.0504266023635864; -0.1356147974729538; 
83; -0.7829002141952515; 0.05918780714273453; -0.1501457691192627; -0.3037049174308777; 1.186359167098999; 0.08384448289871216; 
102; -1.087469220161438; 0.14134915173053741; -0.09265679866075516; -0.2218845635652542; 1.1051331758499146; 0.037223223596811295; 
101; -0.4430992007255554; 0.20926909148693085; 0.36901235580444336; -0.3853760063648224; 0.9983786344528198; 0.021967250853776932; 
109; -0.9295958876609802; 0.17386160790920258; 0.1453653872013092; -0.3829644024372101; 1.13022780418396; 0.0019910037517547607; 
112; -0.7291755676269531; -0.011977724730968475; -0.49451494216918945; -0.4138261377811432; 1.0234636068344116; -0.1143413633108139; 
105; -0.4211498498916626; 0.017560303211212158; 0.1259712278842926; -0.45955729484558105; 1.0783861875534058; -0.08342880755662918; 
107; -0.5772542953491211; 0.0422172024846077; 0.13136433064937592; -0.34822753071784973; 1.0660347938537598; 0.06256642192602158; 
117; -1.0517910718917847; 0.14032146334648132; -0.38561272621154785; -0.39924079179763794; 1.0331064462661743; 0.10632842779159546; 
114; -1.1858751773834229; 0.25283023715019226; -0.2015298753976822; -0.348949670791626; 1.0535411834716797; 0.0753287822008133; 
119; -1.2509251832962036; 0.014477170072495937; -0.23998133838176727; -0.4896687865257263; 0.9317290186882019; -0.06358882784843445; 
108; -0.8681713342666626; 0.4549436569213867; 0.07155964523553848; -0.5012123584747314; 1.1480470895767212; -0.03173390030860901; 
116; -0.8566387295722961; 0.193235382437706; 0.2244894951581955; -0.34433513879776; 1.1154316663742065; -0.08991315215826035; 
103; -0.8368358016014099; 0.4033827483654022; -0.030983885750174522; -0.3937782943248749; 0.9856550097465515; 0.02234209142625332; 
115; -0.7299969792366028; 0.0989454984664917; 0.005081199109554291; -0.411035418510437; 1.1530073881149292; 0.1644638180732727; 
113; -0.9394832253456116; -0.006811313331127167; 0.22888946533203125; -0.34731757640838623; 1.092684268951416; 0.10886860638856888; 
111; -1.2023197412490845; 0.0600820854306221; -0.049038223922252655; -0.34401628375053406; 1.051028847694397; 0.040355511009693146; 
110; -0.6222763657569885; 0.07656633853912354; -0.1946573406457901; -0.3332468569278717; 1.1146314144134521; 0.18136009573936462; 
130; -1.0834722518920898; 0.2486858069896698; -0.05112815275788307; -0.3546392619609833; 1.078770637512207; -0.03141670301556587; 
106; -1.4322128295898438; 0.1931876838207245; 0.11416829377412796; -0.3570099472999573; 1.3464447259902954; 0.07993720471858978; 
118; -0.8819851875305176; 0.3085046708583832; -0.019025743007659912; -0.43469899892807007; 1.0226854085922241; -0.12630635499954224; 
123; -0.9771840572357178; 0.34499695897102356; 0.09509246796369553; -0.3809170424938202; 1.063816785812378; -0.020655306056141853; 
131; -0.5619996190071106; 0.21591080725193024; 0.07312293350696564; -0.2903946042060852; 1.0158178806304932; -0.01036010216921568; 
124; -1.0915069580078125; 0.5054610371589661; -0.08225829899311066; -0.26117727160453796; 1.1081260442733765; -0.021047132089734077; 
129; -1.257226586341858; 0.22774741053581238; -0.2817550003528595; -0.418800413608551; 1.2663767337799072; 0.04979216307401657; 
120; -0.7740440964698792; 0.268571138381958; -0.11947248131036758; -0.45442694425582886; 1.2327451705932617; 0.0447959378361702; 
128; -1.0476539134979248; 0.2916017770767212; -0.35845670104026794; -0.46413153409957886; 1.0106168985366821; -0.005017251707613468; 
122; -0.7551243901252747; 0.07743845880031586; -0.2895912230014801; -0.45692887902259827; 1.1284866333007812; 0.09541425108909607; 
104; -0.6161178350448608; 0.23545339703559875; 0.047524094581604004; -0.39952772855758667; 1.1170635223388672; -0.10959072411060333; 
121; -0.8394479751586914; 0.06196393072605133; -0.396615207195282; -0.4765251874923706; 1.1564363241195679; 0.056016065180301666; 
125; -1.0937873125076294; 0.6451044678688049; 0.10677571594715118; -0.27046287059783936; 1.1252312660217285; 0.09920177608728409; 
126; -1.5441170930862427; 0.31861671805381775; -0.22326885163784027; -0.3906753659248352; 0.9141515493392944; 0.035704776644706726; 
127; -1.4716564416885376; -0.09120302647352219; -0.05585944280028343; -0.35183224081993103; 1.051475167274475; -0.003278607502579689; 
132; -0.516694188117981; -0.09867270290851593; -0.3581985831260681; -0.5467467308044434; 1.2739514112472534; 0.034519340842962265; 
147; -1.1134483814239502; 0.13574384152889252; 0.14784486591815948; -0.3474319875240326; 1.094890832901001; -0.004804186522960663; 
146; -0.9959229230880737; 0.18925541639328003; -0.24251940846443176; -0.346282958984375; 1.1307413578033447; -0.10758849233388901; 
148; -0.774512529373169; 0.2237960547208786; -0.13488540053367615; -0.21878226101398468; 1.0797522068023682; -0.037140700966119766; 
136; -0.9538674354553223; 0.185990110039711; 0.28934988379478455; -0.3330657184123993; 1.135947585105896; -0.06828265637159348; 
133; -0.9974721074104309; 0.08702623099088669; -0.04082498699426651; -0.32384592294692993; 1.0640417337417603; 0.02834622748196125; 
135; -1.090846300125122; 0.09462661296129227; -0.022111810743808746; -0.4007066488265991; 1.0991020202636719; -0.09360736608505249; 
134; -0.8834342956542969; -0.22959885001182556; 0.17151033878326416; -0.3186664879322052; 1.1389188766479492; 0.10708184540271759; 
137; -0.8368906378746033; 0.22944863140583038; 0.07328814268112183; -0.37959784269332886; 1.1170817613601685; -0.02673739567399025; 
144; -0.9317424893379211; 0.3568081557750702; -0.28086939454078674; -0.4026578664779663; 1.137563705444336; -0.04470282420516014; 
138; -0.7390136122703552; -0.06192885339260101; 0.0037743886932730675; -0.4494550824165344; 1.029435634613037; 0.037512533366680145; 
141; -0.761114239692688; 0.1150098592042923; -0.032252099364995956; -0.28105658292770386; 1.0704399347305298; 0.16275863349437714; 
142; -0.7608054876327515; 0.46323224902153015; 0.1320367008447647; -0.48743870854377747; 1.0039565563201904; 0.039462532848119736; 
140; -0.7883332371711731; 0.4677124321460724; -0.3141847550868988; -0.6057032346725464; 1.180369257926941; 0.0859685093164444; 
152; -0.7035765647888184; 0.26361462473869324; -0.36968863010406494; -0.4583338499069214; 1.1180567741394043; -0.05542382225394249; 
145; -0.7949355840682983; 0.32216060161590576; 0.006365141831338406; -0.26543498039245605; 0.9091312885284424; 0.05022195726633072; 
154; -0.6273605823516846; 0.19070391356945038; 0.05136413499712944; -0.3510691225528717; 1.0678950548171997; 0.14569418132305145; 
153; -1.411975383758545; -0.04226718842983246; -0.08791185915470123; -0.3551367521286011; 0.9654289484024048; 0.042627498507499695; 
150; -0.5094112753868103; 0.06528961658477783; -0.1052631363272667; -0.4963533282279968; 1.2419111728668213; -0.010901635512709618; 
159; -0.9684300422668457; -0.14016421139240265; 0.0028118351474404335; -0.456731915473938; 1.1223715543746948; -0.06185906380414963; 
167; -0.8565248847007751; 0.2023448646068573; 0.08412784337997437; -0.48218944668769836; 1.1722450256347656; 0.01934868097305298; 
143; -0.8926847577095032; 0.08916104584932327; 0.04093625396490097; -0.2546581029891968; 0.9876554608345032; 0.024399608373641968; 
158; -0.4521414637565613; 0.001370308455079794; -0.08267126977443695; -0.3354369103908539; 1.2483850717544556; 0.018877264112234116; 
166; -0.7847949862480164; -0.07018030434846878; 0.0728243887424469; -0.47206416726112366; 1.1617772579193115; -0.04927420616149902; 
139; -0.555075466632843; 0.13661755621433258; -0.014743763953447342; -0.372762531042099; 1.1145379543304443; 0.052133724093437195; 
165; -1.0887113809585571; 0.09445925056934357; -0.3793739676475525; -0.3991594910621643; 1.1331130266189575; 0.005961712449789047; 
162; -0.7372448444366455; 0.2848811149597168; -0.1818847954273224; -0.36534178256988525; 1.0536764860153198; 0.03740192949771881; 
151; -0.4895036816596985; 0.571203887462616; 0.25994470715522766; -0.35568302869796753; 1.1350786685943604; 0.1770596206188202; 
169; -1.3411192893981934; 0.2019742727279663; -0.16096843779087067; -0.3559461832046509; 1.0660960674285889; 0.05760312080383301; 
168; -0.8339550495147705; 0.4236849248409271; 0.23360081017017365; -0.3269161880016327; 1.0397236347198486; -0.06039787083864212; 
164; -0.8418707251548767; 0.40063440799713135; -0.16953472793102264; -0.34036871790885925; 1.2704075574874878; -0.046013250946998596; 
156; -0.8298990726470947; 0.3205619156360626; -0.19724750518798828; -0.29878318309783936; 1.082830786705017; 0.006516752764582634; 
163; -0.7572656869888306; 0.06109128147363663; -0.02849254570901394; -0.45840516686439514; 1.1934199333190918; -0.019776616245508194; 
157; -0.9909411668777466; 0.09129098802804947; -0.5654744505882263; -0.47368502616882324; 1.00139582157135; -0.04502149671316147; 
160; -0.8951914310455322; 0.03109934739768505; -0.06819481402635574; -0.27167272567749023; 1.0305370092391968; 0.01696651615202427; 
170; -1.201549768447876; 0.27512073516845703; -0.11213420331478119; -0.375632643699646; 1.212356686592102; -0.11217973381280899; 
175; -1.1567926406860352; 0.10093504190444946; -0.34616535902023315; -0.31445324420928955; 1.0458972454071045; -0.09375528991222382; 
180; -0.4707533121109009; -0.04491230100393295; 0.17154119908809662; -0.33347445726394653; 1.087842345237732; -0.052584510296583176; 
171; -0.8016408085823059; -0.13566331565380096; 0.04055958241224289; -0.2955856919288635; 1.0237571001052856; 0.09751041233539581; 
177; -0.8109464645385742; 0.3316677212715149; 0.11054866015911102; -0.4443281590938568; 1.132757544517517; -0.04385284706950188; 
161; -0.9442303776741028; 0.46517062187194824; -0.07797688245773315; -0.12875641882419586; 1.0907714366912842; 0.08774980157613754; 
188; -0.7399234175682068; 0.22234515845775604; 0.06170200556516647; -0.416932076215744; 1.1914490461349487; 0.01640741527080536; 
181; -0.6620425581932068; 0.18450406193733215; -0.1887212097644806; -0.43356892466545105; 1.0038143396377563; 0.10917668044567108; 
192; -0.7502321004867554; 0.1125955730676651; -0.20521749556064606; -0.24123059213161469; 1.0375735759735107; -0.08036741614341736; 
174; -0.8240836262702942; 0.4085899293422699; -0.13982680439949036; -0.4317586421966553; 1.2199574708938599; -0.021699562668800354; 
184; -0.9952430725097656; 0.14108014106750488; -0.008986110799014568; -0.3428778648376465; 1.026421070098877; 0.0038228221237659454; 
189; -0.7729867100715637; -0.03639780357480049; -0.11151398718357086; -0.4439360797405243; 1.0544871091842651; -0.14234182238578796; 
186; -1.0629935264587402; 0.2660614252090454; -0.05978509038686752; -0.3078678250312805; 1.0495922565460205; -0.01531826052814722; 
193; -0.9255696535110474; 0.05495266988873482; 0.253639817237854; -0.3691539764404297; 1.059722661972046; 0.021866019815206528; 
183; -0.7304245829582214; 0.4220547080039978; 0.011026657186448574; -0.4554765820503235; 1.0493215322494507; 0.047606371343135834; 
191; -0.9406354427337646; -0.17018458247184753; -0.21702614426612854; -0.258362740278244; 1.0362168550491333; -0.09301585704088211; 
172; -0.8628301620483398; 0.2129146307706833; 0.0618293434381485; -0.35831424593925476; 1.0053836107254028; 0.03818163648247719; 
194; -0.8687011003494263; 0.3411959409713745; 0.03801364079117775; -0.4250774383544922; 1.0398799180984497; 0.031857240945100784; 
173; -0.7068829536437988; 0.4547984302043915; -0.17585007846355438; -0.4857843220233917; 1.0871278047561646; -0.23166127502918243; 
187; -0.7336169481277466; 0.481913685798645; -0.05970189720392227; -0.15006618201732635; 1.1604949235916138; 0.06548897922039032; 
179; -0.8319119215011597; 0.2062915861606598; 0.17720313370227814; -0.38073045015335083; 1.232048749923706; 0.11633487045764923; 
185; -0.6052479147911072; 0.041220247745513916; 0.1662525087594986; -0.43455958366394043; 0.9602917432785034; 0.07850982248783112; 
176; -0.7249240875244141; 0.15050610899925232; -0.10955217480659485; -0.4047173857688904; 0.9470169544219971; -0.012200203724205494; 
195; -1.0242847204208374; 0.40808549523353577; 0.29899364709854126; -0.3980274498462677; 1.0972243547439575; 0.10066092014312744; 
155; -0.7646685242652893; 0.10182379186153412; 0.10127684473991394; -0.5046827793121338; 1.0449012517929077; 0.04838402569293976; 
197; -0.9662941694259644; 0.4384465217590332; -0.0795929878950119; -0.3531634509563446; 0.954883873462677; -0.025719480589032173; 
190; -0.8637919425964355; 0.3473573625087738; 0.12309722602367401; -0.45776787400245667; 1.1458059549331665; 0.03272927552461624; 
178; -0.23176327347755432; 0.212365061044693; -0.2532558739185333; -0.3847639858722687; 1.043249249458313; 0.0035587074235081673; 
199; -1.0453389883041382; 0.024613143876194954; -0.10060923546552658; -0.2838785946369171; 1.1200209856033325; 0.022322487086057663; 
196; -0.7564793229103088; 0.14760693907737732; -0.32929036021232605; -0.3347386121749878; 1.1104816198349; -0.048222336918115616; 
182; -0.901715874671936; 0.5020594596862793; 0.3168931007385254; -0.44350913166999817; 1.0223740339279175; -0.14801159501075745; 
198; -0.973207414150238; 0.3449772000312805; -0.039054617285728455; -0.32653337717056274; 1.0868457555770874; -0.043702382594347; 
149; -0.9167464375495911; 0.20070891082286835; 0.21534320712089539; -0.451044499874115; 1.1631889343261719; 0.02516867406666279; 
200; -1.0465880632400513; 0.06513078510761261; 0.2786028981208801; -0.5444352626800537; 1.049039602279663; -0.06427797675132751; 
213; -0.6980946063995361; 0.05908900871872902; -0.03257163614034653; -0.5148129463195801; 1.0245875120162964; 0.00035700947046279907; 
202; -0.726296603679657; 0.12535785138607025; -0.49810394644737244; -0.3117910623550415; 0.9988502860069275; -0.09317567944526672; 
241; -0.8039333820343018; 0.2148890197277069; 0.12113364785909653; -0.24763977527618408; 0.9756821393966675; -0.08305339515209198; 
223; -0.6630803346633911; 0.47080448269844055; -0.026156814768910408; -0.40067896246910095; 1.090760588645935; -0.12574686110019684; 
204; -0.9669191837310791; -0.01974327862262726; -0.03902027755975723; -0.33401256799697876; 0.9904257655143738; 0.12492009997367859; 
212; -0.743600606918335; 0.37852755188941956; -0.14982682466506958; -0.4412381649017334; 1.1771137714385986; 0.07577987760305405; 
240; -1.1844825744628906; 0.3156534731388092; -0.012408945709466934; -0.3878161311149597; 1.1406556367874146; -0.12496431171894073; 
221; -1.1815747022628784; 0.22496163845062256; 0.007502084597945213; -0.5076037049293518; 1.1799911260604858; 0.07541206479072571; 
205; -0.7325211763381958; -0.13453194499015808; -0.09393934160470963; -0.42920660972595215; 1.0755336284637451; -0.019924499094486237; 
200; -1.0465880632400513; 0.06513078510761261; 0.2786029279232025; -0.5444352626800537; 1.049039602279663; -0.06427798420190811; 
244; -0.8255660533905029; 0.03847994655370712; -0.1736891120672226; -0.48031601309776306; 0.9495497345924377; -0.0673571452498436; 
216; -1.1494959592819214; 0.04135531187057495; -0.2577264904975891; -0.29205605387687683; 1.0478066205978394; -0.03036964125931263; 
224; -0.278082013130188; 0.38034504652023315; 0.08986921608448029; -0.2892100214958191; 1.1698486804962158; -0.1178118884563446; 
243; -1.0413991212844849; 0.22961051762104034; -0.34869584441185; -0.45829251408576965; 1.0847057104110718; 0.011780770495533943; 
237; -1.331383466720581; 0.38305050134658813; -0.043202850967645645; -0.44354191422462463; 1.17079496383667; -0.015734298154711723; 
227; -0.9894810318946838; 0.1808570772409439; -0.06628485023975372; -0.3965267539024353; 1.2849156856536865; 0.032825008034706116; 
226; -0.7307645082473755; 0.14722280204296112; 0.07735176384449005; -0.47457030415534973; 1.0039364099502563; 0.22211605310440063; 
206; -0.9208303093910217; 0.3065400719642639; 0.3177720308303833; -0.5684732794761658; 1.125136137008667; -0.049778051674366; 
238; -1.3003166913986206; 0.1409754455089569; 0.04881599545478821; -0.41283032298088074; 1.0917445421218872; -0.06229984760284424; 
236; -0.5365288257598877; 0.3070928752422333; 0.15307573974132538; -0.4409291446208954; 1.102997899055481; 0.004193766973912716; 
228; -0.9228665232658386; 0.09614048898220062; 0.08617136627435684; -0.4292714297771454; 1.1653237342834473; -0.06927140057086945; 
229; -1.0002497434616089; 0.4074273109436035; -0.30491042137145996; -0.5301479697227478; 1.0823984146118164; -0.012768943794071674; 
248; -0.7823628187179565; 0.06299969553947449; 0.19525709748268127; -0.3483189642429352; 1.0862468481063843; -0.017078222706913948; 
214; -0.8658066987991333; 0.18649572134017944; -0.07006573677062988; -0.4041837155818939; 1.1730551719665527; -0.01441002357751131; 
231; -1.2265599966049194; 0.30691370368003845; -0.45293715596199036; -0.40183401107788086; 1.1881340742111206; -0.00014473171904683113; 
220; -0.6550918221473694; 0.045214809477329254; -0.1227712333202362; -0.36295944452285767; 1.2085680961608887; 0.12511208653450012; 
222; -0.46593528985977173; 0.2643725275993347; -0.27728426456451416; -0.30222785472869873; 1.1491241455078125; -0.029118377715349197; 
209; -1.1909385919570923; 0.1384454220533371; -0.1406499594449997; -0.4899231493473053; 1.0544439554214478; 0.010569103993475437; 
234; -0.7150782942771912; -0.08685081452131271; -0.35058534145355225; -0.2819042503833771; 1.2257990837097168; -0.032490797340869904; 
225; -1.1513545513153076; 0.32830992341041565; -0.11572416871786118; -0.4797268211841583; 1.0306637287139893; -0.09348365664482117; 
235; -0.774712860584259; 0.022384168580174446; 0.05655064806342125; -0.3432377576828003; 1.1123169660568237; 0.0683220848441124; 
218; -0.8316287994384766; 0.018344415351748466; 0.06464860588312149; -0.3334909677505493; 0.996505081653595; 0.13730622828006744; 
210; -1.1384481191635132; 0.27311044931411743; 0.041019171476364136; -0.5276665687561035; 0.9616057872772217; -0.08850463479757309; 
251; -0.8116662502288818; 0.09446430206298828; -0.1674354374408722; -0.32693377137184143; 1.0762850046157837; -0.16615910828113556; 
203; -0.7311882972717285; 0.34422242641448975; 0.01994010992348194; -0.28427329659461975; 1.143876314163208; 0.04987948387861252; 
215; -0.8039993047714233; 0.16338171064853668; 0.05583317577838898; -0.5724031329154968; 1.0210014581680298; 0.1790647804737091; 
207; -1.012917399406433; 0.15248273313045502; -0.027771875262260437; -0.4410848319530487; 0.9576019048690796; -0.0099859107285738; 
253; -0.7605819702148438; 0.2253425121307373; -0.03077198937535286; -0.31277990341186523; 1.213287115097046; 0.00839364156126976; 
211; -1.2705751657485962; 0.07152144610881805; 0.1830034852027893; -0.4322642385959625; 1.141817331314087; 0.06434257328510284; 
208; -0.7991331219673157; 0.05924541503190994; 0.01650717854499817; -0.46042072772979736; 1.077560305595398; -0.03657301887869835; 
258; -0.7696394920349121; 0.1366540491580963; -0.14469824731349945; -0.43468478322029114; 1.0716546773910522; 0.1342536062002182; 
239; -1.2874691486358643; 0.07773894816637039; 0.22234393656253815; -0.24361702799797058; 1.0998775959014893; -0.011277119629085064; 
256; -1.2318847179412842; 0.04896955192089081; 0.22926318645477295; -0.4420168399810791; 0.9942622780799866; -0.07115020602941513; 
245; -0.845129668712616; 0.25109145045280457; 0.05501702427864075; -0.3922170400619507; 1.0253571271896362; 0.070510633289814; 
219; -0.8865319490432739; 0.40615415573120117; 0.06708628684282303; -0.4855102002620697; 1.0319347381591797; -0.15448161959648132; 
261; -0.6506529450416565; 0.0013769930228590965; -0.10274196416139603; -0.4122386574745178; 1.044614553451538; 0.027172520756721497; 
232; -0.6650664210319519; -0.10898634046316147; 0.14693933725357056; -0.5303431153297424; 1.1816657781600952; -0.05570520833134651; 
201; -0.9926734566688538; 0.19934579730033875; -0.08752267062664032; -0.37129881978034973; 1.0398753881454468; -0.130176842212677; 
246; -1.2084686756134033; 0.3759594261646271; 0.19207683205604553; -0.37261590361595154; 1.100730538368225; -0.06076040863990784; 
264; -0.9588041305541992; -0.0373418852686882; -0.30266478657722473; -0.3290899097919464; 1.1414774656295776; 0.11563106626272202; 
217; -0.9845406413078308; -0.1452454775571823; -0.14498239755630493; -0.31059885025024414; 1.1230347156524658; 0.12053454667329788; 
275; -0.8746431469917297; 0.2565200626850128; -0.2736702263355255; -0.3495863378047943; 1.0309010744094849; -0.034037016332149506; 
249; -1.049486756324768; -0.05228031799197197; -0.01821434497833252; -0.5886855125427246; 1.1794445514678955; 0.08499278873205185; 
269; -1.019112467765808; 0.21540191769599915; -0.25590914487838745; -0.45313507318496704; 0.9857676029205322; -0.13973680138587952; 
252; -1.052981972694397; 0.302823007106781; 0.02115415409207344; -0.36613237857818604; 1.3042166233062744; -0.045220911502838135; 
266; -1.0190187692642212; 0.09866440296173096; -0.12351536750793457; -0.3359454870223999; 1.1068447828292847; -0.05124400183558464; 
242; -0.8115414977073669; -0.01611541025340557; 0.18002329766750336; -0.3296087086200714; 1.1780478954315186; 0.05039006844162941; 
230; -0.6430249214172363; 0.16423991322517395; -0.053849950432777405; -0.42523643374443054; 1.1511417627334595; -0.08264156430959702; 
267; -0.9227101802825928; 0.04277874529361725; -0.4864521026611328; -0.4201560914516449; 1.12188720703125; -0.05272580683231354; 
260; -0.8793466687202454; 0.4743897318840027; 0.012466615065932274; -0.24473145604133606; 1.0001229047775269; -0.21025077998638153; 
265; -1.07221257686615; -0.19342604279518127; -0.08608711510896683; -0.3260422348976135; 0.9921797513961792; 0.0034884829074144363; 
276; -0.9494147300720215; -0.13121604919433594; 0.0487782321870327; -0.3910478353500366; 0.9520119428634644; -0.02409028634428978; 
262; -0.9342894554138184; 0.062444720417261124; -0.027111947536468506; -0.2844613194465637; 1.0681198835372925; -0.05858445167541504; 
233; -0.6906188130378723; 0.056978266686201096; 0.17941053211688995; -0.33163076639175415; 1.2036126852035522; 0.02601189911365509; 
254; -0.7021725177764893; 0.36643868684768677; 0.16409069299697876; -0.2604408264160156; 1.026928186416626; -0.05140259489417076; 
294; -0.30428606271743774; 0.2717129588127136; 0.04756150022149086; -0.39633092284202576; 1.1336899995803833; -0.20885992050170898; 
293; -0.8715367317199707; 0.449714332818985; -0.22860664129257202; -0.33101361989974976; 1.0269392728805542; 0.03099679946899414; 
282; -0.4626632630825043; 0.33432283997535706; -0.17240478098392487; -0.23888742923736572; 1.0310957431793213; 0.045073024928569794; 
263; -0.8344945311546326; 0.14947180449962616; -0.28163933753967285; -0.41498082876205444; 1.1452502012252808; -0.07588168978691101; 
274; -0.9063355922698975; 0.20007258653640747; -0.0237283818423748; -0.46539878845214844; 1.2277332544326782; 0.04607092961668968; 
270; -0.7913491129875183; 0.21287225186824799; -0.07438872754573822; -0.37293705344200134; 1.0925071239471436; -0.08346215635538101; 
250; -0.6418988704681396; -0.1839892715215683; -0.07638980448246002; -0.40323224663734436; 1.115574836730957; -0.06658533215522766; 
247; -0.5769128799438477; 0.011550955474376678; -0.0605478435754776; -0.43558579683303833; 1.136306881904602; 0.0358344167470932; 
285; -0.7235791087150574; -0.13466723263263702; 0.12405188381671906; -0.5291695594787598; 0.9812908172607422; 0.17668496072292328; 
279; -1.060410737991333; 0.22569699585437775; 0.029214439913630486; -0.37317267060279846; 1.1513824462890625; 0.003245662897825241; 
287; -1.0064345598220825; 0.43216395378112793; 0.11224192380905151; -0.4932697117328644; 1.1792129278182983; -0.041387151926755905; 
290; -0.8805984854698181; 0.3281441926956177; 0.1295250952243805; -0.4483911693096161; 1.0904545783996582; 0.07073183357715607; 
291; -0.7961939573287964; -0.07395213097333908; -0.06705290079116821; -0.26776376366615295; 1.2667434215545654; 0.03905647248029709; 
300; -0.7683807611465454; 0.12670111656188965; -0.023775853216648102; -0.3307802081108093; 0.981141209602356; -0.07632195949554443; 
281; -1.3853023052215576; 0.33853623270988464; -0.26373815536499023; -0.527026355266571; 1.2217423915863037; -0.09914303570985794; 
298; -0.9755700826644897; -0.15463803708553314; 0.264787495136261; -0.4847062826156616; 1.1013617515563965; 0.05020517855882645; 
286; -0.5924828052520752; 0.33107462525367737; -0.0848093032836914; -0.34446197748184204; 1.2018905878067017; -0.09406746923923492; 
289; -0.9869295954704285; 0.16021978855133057; -0.0835251584649086; -0.3145975172519684; 1.1967352628707886; -0.057754676789045334; 
283; -0.6992166638374329; -0.05259418115019798; 0.08075115084648132; -0.37402525544166565; 1.1216533184051514; 0.09276534616947174; 
302; -0.6853594779968262; 0.19399861991405487; 0.1859365850687027; -0.4185395836830139; 1.0958586931228638; -0.11738833039999008; 
292; -0.9441844820976257; 0.20238587260246277; -0.12526866793632507; -0.4234978258609772; 1.1611355543136597; -0.048866838216781616; 
277; -0.9653885364532471; -0.12288617342710495; -0.040920473635196686; -0.3046552240848541; 1.1875485181808472; -0.03398491069674492; 
268; -0.7106253504753113; 0.6540651321411133; 0.3066585659980774; -0.33008092641830444; 1.0948381423950195; -0.02161644957959652; 
306; -1.2930026054382324; 0.05346992239356041; 0.077824667096138; -0.5808134078979492; 1.0120148658752441; -0.14466175436973572; 
296; -0.7987067103385925; -0.014014504849910736; 0.22462359070777893; -0.39348965883255005; 1.0518369674682617; -0.1539372205734253; 
278; -1.0276145935058594; 0.1539892554283142; 0.06949886679649353; -0.3299301266670227; 1.1201131343841553; -0.015220245346426964; 
257; -0.28623849153518677; 0.35729631781578064; 0.3340888023376465; -0.3228159248828888; 0.9928504228591919; -0.16168709099292755; 
284; -0.7575545907020569; 0.17193423211574554; 0.3080223500728607; -0.443948358297348; 1.0240148305892944; -0.11062094569206238; 
272; -0.9106829166412354; 0.33853113651275635; -0.17517389357089996; -0.41400569677352905; 1.083835244178772; 0.06568507850170135; 
308; -0.7169349789619446; 0.3935525119304657; 0.18576674163341522; -0.35527199506759644; 1.2512401342391968; -0.013827065005898476; 
273; -1.7086079120635986; 0.12151951342821121; 0.2747648060321808; -0.3920074701309204; 0.9952465891838074; -0.03276456147432327; 
280; -0.5962231755256653; 0.4600348174571991; 0.10328995436429977; -0.3435961604118347; 1.2901312112808228; -0.042848650366067886; 
315; -0.6392918229103088; 0.2874371409416199; -0.16263478994369507; -0.43040043115615845; 1.1804513931274414; -0.1918351650238037; 
259; -1.0229380130767822; 0.3414882719516754; -0.20666514337062836; -0.35505613684654236; 1.0160835981369019; -0.07028868794441223; 
307; -0.8519769906997681; 0.17022454738616943; -0.33513668179512024; -0.45308706164360046; 1.1693702936172485; 0.005754165351390839; 
297; -0.7996968030929565; -0.11960464715957642; -0.03136586397886276; -0.33366164565086365; 1.1299643516540527; 0.08613958954811096; 
309; -1.0457948446273804; 0.3355824053287506; 0.0600549653172493; -0.3151230216026306; 1.084707260131836; -0.03149798512458801; 
310; -0.9192667603492737; 0.021708352491259575; 0.3143615126609802; -0.29860618710517883; 1.1840859651565552; 0.11870286613702774; 
288; -0.8399979472160339; 0.13552023470401764; 0.28345081210136414; -0.3376365005970001; 1.0289413928985596; -0.0490555539727211; 
301; -0.9175400137901306; 0.5122977495193481; -0.04372752830386162; -0.4992034435272217; 1.141692876815796; -0.06532863527536392; 
304; -0.9405147433280945; 0.1719212830066681; -0.1004098653793335; -0.350057989358902; 1.0419654846191406; -0.019445642828941345; 
312; -1.1196225881576538; 0.15249264240264893; 0.06337976455688477; -0.4290623068809509; 1.1549569368362427; -0.11851642280817032; 
305; -1.2165498733520508; 0.2335614114999771; -0.05332828313112259; -0.37247535586357117; 1.0425113439559937; 0.1387212574481964; 
255; -0.834632396697998; 0.36253172159194946; 0.05935586616396904; -0.42423775792121887; 1.0410969257354736; -0.09570581465959549; 
271; -0.5052944421768188; 0.02649029716849327; 0.09958097338676453; -0.2712458372116089; 1.18246328830719; -0.01948007009923458; 
295; -0.8460941314697266; 0.2471255660057068; -0.058889854699373245; -0.3472483158111572; 1.238354206085205; -0.07416004687547684; 
316; -0.8471273183822632; 0.37311285734176636; 0.05139755830168724; -0.3420388102531433; 1.1938139200210571; 0.042642101645469666; 
314; -0.8081841468811035; 0.4067458212375641; 0.23066794872283936; -0.4408171772956848; 1.0755168199539185; -0.001287904568016529; 
299; -0.9755650162696838; 0.011774532496929169; -0.0920785441994667; -0.31293174624443054; 1.2031418085098267; 0.05418824404478073; 
323; -0.6204617023468018; 0.354105144739151; -0.2322148233652115; -0.4077901244163513; 1.2161121368408203; -0.059507325291633606; 
331; -0.833716630935669; 0.13719835877418518; -0.2355731725692749; -0.3163042664527893; 1.1144744157791138; 0.013249468058347702; 
326; -0.7670497894287109; -0.19658263027668; -0.17838887870311737; -0.36453789472579956; 1.104329228401184; 0.019951974973082542; 
311; -0.9148324728012085; 0.2063114196062088; 0.20475120842456818; -0.4514671862125397; 1.112633466720581; -0.11415717005729675; 
313; -0.6950456500053406; 0.20843681693077087; -0.35100820660591125; -0.359238862991333; 1.1021250486373901; -0.09499962627887726; 
327; -0.38955622911453247; 0.03115582838654518; -0.02580815926194191; -0.47628656029701233; 1.0783162117004395; 0.072544164955616; 
341; -0.9865775108337402; 0.04709356278181076; 0.5023255944252014; -0.429943710565567; 1.086639165878296; 0.07100319862365723; 
334; -0.7556054592132568; 0.15068888664245605; -0.07954857498407364; -0.42565232515335083; 1.137676477432251; -0.07542264461517334; 
319; -0.9182697534561157; -0.012505734339356422; 0.06013646721839905; -0.3748747408390045; 1.128166913986206; -0.015377325937151909; 
330; -1.1828312873840332; 0.27416425943374634; 0.08773486316204071; -0.36124348640441895; 1.0680971145629883; -0.05800323560833931; 
317; -0.7711649537086487; 0.3271677494049072; -0.1386297196149826; -0.3990694582462311; 1.0692299604415894; -0.09688813239336014; 
328; -1.246586561203003; -0.17712032794952393; 0.10595367103815079; -0.3358941078186035; 0.9886326789855957; 0.13359901309013367; 
336; -0.8182418346405029; 0.21041162312030792; -0.013090088963508606; -0.33808064460754395; 0.9919559359550476; 0.011517174541950226; 
332; -0.7171499729156494; 0.2948852479457855; 0.1551000326871872; -0.3241143226623535; 0.9199019074440002; 0.028159502893686295; 
303; -0.7800801992416382; 0.15951496362686157; -0.0927513986825943; -0.3511592745780945; 0.9385250806808472; -0.06171061098575592; 
325; -0.950315535068512; 0.3610888123512268; -0.13721580803394318; -0.4461107850074768; 1.1526445150375366; 0.009514489211142063; 
320; -0.9700360298156738; 0.022570859640836716; 0.0047180550172924995; -0.5389658212661743; 1.1439768075942993; -0.06643657386302948; 
324; -0.9588850736618042; 0.3578336536884308; -0.22907818853855133; -0.4939945936203003; 1.118404746055603; 0.06306178122758865; 
318; -0.9585769176483154; -0.0001708557829260826; 0.026683393865823746; -0.3101218044757843; 1.0433826446533203; 0.01611991412937641; 
329; -0.7074892520904541; 0.1781279295682907; -0.010376205667853355; -0.3620935082435608; 1.097499966621399; -0.09344449639320374; 
322; -1.2031583786010742; 0.160300612449646; -0.015661904588341713; -0.2998337149620056; 1.102802038192749; 0.03539588674902916; 
357; -0.5049352645874023; 0.3706945776939392; 0.0008285138756036758; -0.3614181876182556; 1.0671509504318237; 0.033128298819065094; 
335; -0.8065487742424011; 0.2123798280954361; -0.1223025918006897; -0.43367937207221985; 1.0360585451126099; -0.12104068696498871; 
351; -0.6616556644439697; 0.10046936571598053; 0.15773355960845947; -0.5140540599822998; 1.2247480154037476; 0.01714583858847618; 
337; -1.1042488813400269; 0.09944569319486618; -0.010868875309824944; -0.4766204059123993; 1.0551812648773193; 0.14989647269248962; 
356; -1.067250370979309; 0.18844865262508392; -0.08859644830226898; -0.4399815797805786; 1.1787077188491821; -0.04328077286481857; 
343; -0.5777072310447693; 0.4293701648712158; -0.18092408776283264; -0.48855289816856384; 1.1743255853652954; -0.0073098912835121155; 
339; -0.5550338625907898; 0.262442409992218; 0.012488756328821182; -0.43388742208480835; 1.0820077657699585; -0.07913737744092941; 
366; -1.0691817998886108; 0.5970790982246399; -0.2344420999288559; -0.42155325412750244; 1.168639063835144; -0.1660337597131729; 
352; -0.7005151510238647; 0.10939423739910126; -0.021270202472805977; -0.45253854990005493; 0.9865796566009521; -0.228507861495018; 
349; -0.7606457471847534; 0.18467411398887634; 0.031158391386270523; -0.4372158348560333; 1.0382577180862427; 0.06610230356454849; 
344; -1.1403096914291382; 0.04757894203066826; 0.15150156617164612; -0.36077892780303955; 1.059481143951416; -0.12409240007400513; 
347; -0.7558698654174805; 0.11591671407222748; 0.15811140835285187; -0.3205569088459015; 1.1269891262054443; -0.025840746238827705; 
346; -0.6858354806900024; 0.3432122766971588; -0.1262381672859192; -0.3474509119987488; 1.0292680263519287; -0.00740404985845089; 
350; -0.8885468244552612; 0.6008236408233643; 0.14906343817710876; -0.3866281509399414; 0.9823887348175049; -0.08903196454048157; 
338; -0.7626211047172546; -0.09879552572965622; -0.18579742312431335; -0.3957587778568268; 0.9128026962280273; -0.04165436327457428; 
348; -0.9751501679420471; 0.07193782925605774; -0.26602914929389954; -0.42000818252563477; 1.0434329509735107; -0.03483929485082626; 
369; -0.6450657844543457; 0.19448190927505493; 0.1036161556839943; -0.2983322739601135; 1.1023248434066772; 0.024889983236789703; 
342; -0.7297004461288452; -0.07391238957643509; 0.4197807013988495; -0.22852563858032227; 1.0522955656051636; 0.04661135375499725; 
360; -1.1521910429000854; 0.4591001272201538; -0.08358180522918701; -0.41103649139404297; 1.0950473546981812; -0.1619984358549118; 
345; -0.8885079622268677; 0.12766587734222412; 0.043688900768756866; -0.4776093363761902; 1.1408149003982544; 0.11820026487112045; 
355; -0.6862936019897461; 0.1707296520471573; 0.04136271774768829; -0.5176172256469727; 1.0859907865524292; -0.03976660221815109; 
372; -1.0743932723999023; 0.29653728008270264; 0.2950911223888397; -0.32870328426361084; 1.0862699747085571; 0.02652832120656967; 
370; -0.981578528881073; 0.2689102590084076; -0.2777472138404846; -0.46272027492523193; 1.1567262411117554; -0.06663396209478378; 
364; -0.6388174295425415; 0.6866483092308044; 0.0029563040006905794; -0.3539617657661438; 1.1152783632278442; 0.02645566500723362; 
368; -0.7035857439041138; 0.3699190318584442; -0.10377845913171768; -0.5399984121322632; 1.1659793853759766; 0.004553679376840591; 
367; -0.6312403082847595; 0.4672568440437317; 0.24646466970443726; -0.29524877667427063; 1.1190845966339111; -0.04323232173919678; 
379; -0.8944606781005859; 0.24012485146522522; -0.050724130123853683; -0.5195525884628296; 1.1442081928253174; 0.033450618386268616; 
354; -0.9726052284240723; 0.4443177282810211; 0.09939292073249817; -0.34203869104385376; 1.230818271636963; 0.022612527012825012; 
333; -1.0659581422805786; 0.3223702609539032; 0.3754294216632843; -0.5225489735603333; 1.0083717107772827; -0.1691659837961197; 
353; -1.193152666091919; 0.2578165531158447; 0.09919274598360062; -0.39548882842063904; 1.1179817914962769; -0.19594354927539825; 
321; -0.20488208532333374; 0.06437093764543533; -0.25197702646255493; -0.4147809147834778; 1.2499908208847046; 0.00720156729221344; 
362; -1.1350010633468628; 0.3836764693260193; 0.042982831597328186; -0.41730034351348877; 1.2201939821243286; 0.06621552258729935; 
340; -0.7652429938316345; 0.30143606662750244; 0.08224914968013763; -0.3048621416091919; 1.1991996765136719; -0.00024231290444731712; 
376; -1.2387431859970093; 0.3281632661819458; 0.18571683764457703; -0.5561020374298096; 1.1695858240127563; -0.012166731990873814; 
373; -0.8619222044944763; -0.0070074573159217834; 0.06607943773269653; -0.24808353185653687; 1.2390563488006592; 0.047098711133003235; 
375; -1.2427010536193848; -0.08671995997428894; 0.09837029874324799; -0.44975268840789795; 1.081429362297058; -0.06079481169581413; 
391; -0.8606360554695129; 0.10953300446271896; 0.037400420755147934; -0.27982664108276367; 1.1878671646118164; -0.0630568265914917; 
363; -0.9829487204551697; 0.2470114529132843; -0.21938437223434448; -0.3345560133457184; 0.9727746844291687; -0.09728879481554031; 
378; -0.8322528600692749; 0.5673308372497559; 0.11714093387126923; -0.31702202558517456; 1.06228506565094; -0.13686197996139526; 
380; -0.6637640595436096; 0.15396879613399506; -0.19278596341609955; -0.3987707793712616; 1.0979645252227783; -0.09125985205173492; 
374; -0.7856293320655823; 0.16023439168930054; -0.21704787015914917; -0.4295462667942047; 1.0396968126296997; 0.01873723417520523; 
397; -0.7125142812728882; 0.13670679926872253; -0.06309165805578232; -0.4496130347251892; 1.1555304527282715; 0.04499753192067146; 
388; -0.8517820835113525; 0.6089892387390137; 0.07675602287054062; -0.5591644644737244; 1.0068728923797607; 0.017249397933483124; 
385; -0.9440394639968872; 0.014138445258140564; 0.03086126409471035; -0.45035552978515625; 1.0922547578811646; 0.025674894452095032; 
389; -0.968036949634552; 0.3083300292491913; -0.5080829858779907; -0.3350676894187927; 1.2091773748397827; -0.038386695086956024; 
371; -0.787143349647522; 0.24369950592517853; 0.22896502912044525; -0.4823929965496063; 1.1011141538619995; 0.06757207959890366; 
390; -0.9653312563896179; 0.2473999261856079; -0.0875721126794815; -0.33376961946487427; 1.129988193511963; -0.10301560163497925; 
403; -0.9251903891563416; 0.05944179743528366; -0.1167348176240921; -0.39415356516838074; 1.1491608619689941; -0.009156865999102592; 
395; -0.8862867951393127; 0.06540646404027939; 0.07408522069454193; -0.3285489082336426; 1.0574580430984497; 0.030456721782684326; 
359; -0.7886843681335449; 0.3752690553665161; -0.09815839678049088; -0.4198996126651764; 1.015001893043518; -0.10015041381120682; 
393; -1.0210472345352173; 0.2831670045852661; -0.18694297969341278; -0.37020307779312134; 1.0158387422561646; 0.017062153667211533; 
382; -0.545119047164917; -0.030528295785188675; -0.06143155321478844; -0.5514219999313354; 1.063401222229004; -0.13801360130310059; 
402; -0.9465035796165466; 0.2739727795124054; -0.11048298329114914; -0.35487276315689087; 1.1428799629211426; -0.10899367183446884; 
404; -0.8917577266693115; -0.05484550818800926; -0.04369521886110306; -0.4737546741962433; 1.1188368797302246; 0.018194761127233505; 
384; -0.4886511564254761; 0.285416841506958; -0.11187052726745605; -0.33051541447639465; 1.1372343301773071; -0.04099491611123085; 
361; -0.8007842898368835; 0.271950364112854; -0.12296569347381592; -0.33883270621299744; 0.9665217399597168; 0.005277372896671295; 
358; -0.9940361976623535; 0.31426137685775757; -0.6645231246948242; -0.3827330768108368; 1.1141586303710938; -0.13897153735160828; 
383; -0.8363497853279114; 0.3129361867904663; 0.10088367760181427; -0.38199111819267273; 1.1794838905334473; -0.10590167343616486; 
420; -0.6685588359832764; 0.16920669376850128; -0.28216761350631714; -0.32375597953796387; 1.0074349641799927; -0.046454161405563354; 
418; -1.148390769958496; 0.31685248017311096; -0.11226996779441833; -0.39963775873184204; 1.1504241228103638; 0.09797822684049606; 
392; -0.7920549511909485; 0.24537459015846252; 0.2549991011619568; -0.3883235454559326; 1.0011625289916992; 0.020020311698317528; 
409; -1.2479605674743652; 0.2471797913312912; 0.038274794816970825; -0.5059950947761536; 1.0392721891403198; 0.18164630234241486; 
398; -0.5617246627807617; 0.2214197963476181; 0.1201665997505188; -0.49256643652915955; 0.9617968201637268; 0.05185014754533768; 
406; -1.1199593544006348; -0.030195776373147964; -0.3017122447490692; -0.42430704832077026; 1.006851077079773; -0.12162445485591888; 
411; -0.6025473475456238; 0.17079828679561615; 0.146672785282135; -0.337258517742157; 1.165688157081604; -0.049361132085323334; 
413; -1.740490198135376; 0.4005666673183441; 0.14129655063152313; -0.32573041319847107; 1.0771501064300537; -0.03546937555074692; 
381; -0.9642335176467896; 0.21766680479049683; -0.12647205591201782; -0.3358202278614044; 1.0816134214401245; -0.10576996952295303; 
425; -0.9112436175346375; 0.2846873998641968; -0.43614691495895386; -0.4231477379798889; 1.0516502857208252; -0.09104105830192566; 
365; -1.045654535293579; 0.17974376678466797; -0.6268322467803955; -0.3331455588340759; 1.1580350399017334; -0.007675100117921829; 
394; -0.7515170574188232; 0.12018214166164398; -0.25076818466186523; -0.5085216164588928; 1.0330042839050293; -0.0069731455296278; 
412; -0.9215928316116333; 0.16983568668365479; -0.19690881669521332; -0.296794056892395; 0.966846764087677; 0.10046961158514023; 
396; -1.1599005460739136; 0.006143403239548206; 0.4834432303905487; -0.35037854313850403; 1.0707533359527588; 0.12698394060134888; 
400; -0.6125441193580627; -0.212625652551651; -0.0211220420897007; -0.36281323432922363; 1.1382486820220947; -0.1703851968050003; 
410; -0.6277085542678833; 0.2812691628932953; 0.31112852692604065; -0.47523683309555054; 1.0021920204162598; 0.08328384906053543; 
405; -1.0350463390350342; 0.34495118260383606; 0.13809537887573242; -0.3122749626636505; 1.1429144144058228; -0.05153572931885719; 
407; -0.8046674132347107; 0.25984978675842285; 0.10510210692882538; -0.4066888391971588; 1.1538400650024414; -0.06963923573493958; 
427; -0.9280229210853577; 0.034382738173007965; 0.05664169788360596; -0.42106735706329346; 1.1322672367095947; -0.08563239872455597; 
421; -0.7871887683868408; 0.08434930443763733; 0.09579768776893616; -0.5600100159645081; 1.0229583978652954; 0.005306500941514969; 
422; -0.5550686120986938; -0.03905991464853287; -0.001819348894059658; -0.3615957498550415; 1.138045310974121; 0.01607382670044899; 
428; -0.6289360523223877; 0.12620119750499725; -0.10134381055831909; -0.42056161165237427; 1.000828504562378; -0.020230170339345932; 
419; -1.065224289894104; 0.022133687511086464; -0.1730351597070694; -0.28327152132987976; 1.0125559568405151; -0.13276220858097076; 
417; -0.9048124551773071; 0.0229543037712574; -0.13862787187099457; -0.48148488998413086; 1.0708621740341187; -0.12513166666030884; 
426; -0.6219419836997986; 0.10044530034065247; 0.18496713042259216; -0.3076552152633667; 1.1535457372665405; -0.09024422615766525; 
434; -0.8568589687347412; 0.07281121611595154; -0.6207811832427979; -0.36327874660491943; 1.0578728914260864; 0.13559724390506744; 
438; -0.79439377784729; 0.3007763922214508; 0.24482181668281555; -0.28147223591804504; 1.1432723999023438; -0.02143983356654644; 
431; -0.6454032063484192; 0.2285013496875763; -0.3614639341831207; -0.36401742696762085; 0.9556841254234314; 0.06883271038532257; 
401; -0.9503450989723206; 0.25867563486099243; -0.03631908446550369; -0.42428117990493774; 1.2068450450897217; -0.11878111958503723; 
442; -0.627516508102417; 0.1094653457403183; -0.1588125079870224; -0.44879794120788574; 1.225348949432373; 0.1049383133649826; 
423; -1.0225261449813843; 0.2696392238140106; -0.1579219102859497; -0.43603283166885376; 1.0461896657943726; 0.04919993132352829; 
387; -0.6196515560150146; 0.3909849524497986; -0.07113420963287354; -0.4606010615825653; 1.008629560470581; -0.01510598137974739; 
443; -0.9759222865104675; 0.22690394520759583; -0.35290077328681946; -0.3582027852535248; 1.0948582887649536; 0.08471640944480896; 
444; -0.9475290179252625; 0.1697477400302887; -0.04768306761980057; -0.49803802371025085; 1.1152045726776123; 0.023428285494446754; 
432; -0.5447025299072266; -0.041006188839673996; -0.3535638451576233; -0.4324771463871002; 1.0708013772964478; -0.11672614514827728; 
399; -1.0827884674072266; 0.04095826670527458; -0.03689105063676834; -0.3491286337375641; 1.1172014474868774; -0.004885528236627579; 
437; -0.9191831946372986; 0.07555116713047028; -0.21015992760658264; -0.43909400701522827; 0.9945071935653687; -0.014128761366009712; 
436; -0.9749149084091187; 0.3902159333229065; -0.1088171973824501; -0.334358811378479; 1.0960791110992432; -0.07182210683822632; 
439; -0.7280629277229309; 0.40327513217926025; 0.055240385234355927; -0.48485738039016724; 1.067948579788208; -0.0863587036728859; 
408; -0.9073656797409058; 0.48258835077285767; 0.3449505567550659; -0.3153911232948303; 1.0699937343597412; -0.029199548065662384; 
445; -0.8900772929191589; 0.31747424602508545; -0.23755155503749847; -0.4671071469783783; 0.9988828897476196; -0.011939473450183868; 
440; -0.8332123160362244; 0.26648858189582825; -0.19608144462108612; -0.3839082419872284; 0.9473746418952942; 0.015917036682367325; 
414; -0.6419864892959595; 0.7642006874084473; 0.34936216473579407; -0.3316056430339813; 1.1667730808258057; 0.025194663554430008; 
386; -1.3316290378570557; -0.14636988937854767; 0.10709245502948761; -0.4663025736808777; 1.122139811515808; -0.19124959409236908; 
459; -0.7321316003799438; 0.23546868562698364; 0.18141593039035797; -0.3211383819580078; 1.131501317024231; 0.020831670612096786; 
454; -0.8251520395278931; 0.20935215055942535; -0.07455845177173615; -0.41293004155158997; 1.1429111957550049; 0.15206323564052582; 
452; -0.30433663725852966; 0.1793038249015808; -0.10909241437911987; -0.4968348741531372; 0.8312092423439026; 0.04107765108346939; 
430; -1.0104378461837769; 0.09494549036026001; 0.23520219326019287; -0.36424916982650757; 1.115800142288208; 0.0887087881565094; 
441; -0.7410075664520264; 0.1574239730834961; 0.12346000969409943; -0.38820457458496094; 0.9755333662033081; -0.01809828355908394; 
450; -0.7682275176048279; 0.03717559576034546; -0.05315767973661423; -0.27432411909103394; 1.2323297262191772; -0.031554244458675385; 
448; -0.7459083795547485; 0.43460068106651306; -0.004210888408124447; -0.4708319902420044; 0.9921630620956421; 0.12466730177402496; 
468; -1.4448915719985962; 0.2772086560726166; -0.16465769708156586; -0.39246630668640137; 1.2081183195114136; -0.004233363550156355; 
474; -0.7926558256149292; 0.16360491514205933; 0.13695886731147766; -0.4223073124885559; 1.0828686952590942; 0.06808707118034363; 
416; -0.860152542591095; 0.2820630967617035; -0.06262530386447906; -0.27742043137550354; 1.1304562091827393; 0.07877960056066513; 
467; -0.6436938643455505; 0.09300771355628967; -0.25334012508392334; -0.27498018741607666; 1.0873883962631226; 0.031432099640369415; 
453; -0.8109968304634094; 0.07490626722574234; 0.14595943689346313; -0.37913233041763306; 1.1736807823181152; 0.09097366780042648; 
433; -1.0151411294937134; 0.07273812592029572; 0.042871978133916855; -0.4100460708141327; 1.0928003787994385; 0.01188150979578495; 
458; -0.5526000261306763; 0.13880187273025513; 0.12306354194879532; -0.26068851351737976; 0.9863324761390686; 0.06751342862844467; 
476; -1.0293959379196167; 0.023148179054260254; -0.16222518682479858; -0.3950466811656952; 1.0936530828475952; 0.03018070012331009; 
457; -0.9033846259117126; 0.11446098238229752; -0.1893153041601181; -0.28077882528305054; 1.0285449028015137; 0.056837186217308044; 
480; -1.5471535921096802; 0.17952381074428558; 0.16499073803424835; -0.5053353905677795; 1.1687302589416504; 0.05632927268743515; 
449; -0.4621480107307434; -0.008907495066523552; 0.012051530182361603; -0.4131881296634674; 0.9852533936500549; 0.035394273698329926; 
455; -0.470876008272171; 0.16016650199890137; -0.23776978254318237; -0.4198901951313019; 1.2568732500076294; 0.0416608564555645; 
463; -0.6789476275444031; 0.08231008797883987; 0.31899258494377136; -0.4506242275238037; 1.0891424417495728; -0.07804664969444275; 
456; -0.8832314014434814; 0.24986253678798676; 0.03071053884923458; -0.5285313129425049; 0.9792329668998718; -0.10860276222229004; 
415; -0.7973847389221191; 0.21457120776176453; -0.4901580214500427; -0.39172083139419556; 0.9310802817344666; -0.031203744933009148; 
451; -0.7815926671028137; 0.2339276224374771; 0.052810121327638626; -0.45705634355545044; 1.153196096420288; -0.025163743644952774; 
470; -0.9697248339653015; 0.4271054267883301; 0.16843865811824799; -0.36306798458099365; 0.9416531324386597; 0.06448434293270111; 
466; -0.8697072267532349; -0.25204986333847046; -0.14295218884944916; -0.4576754570007324; 1.183938980102539; -0.010226081125438213; 
460; -1.0020071268081665; 0.21232035756111145; -0.027848470956087112; -0.44238758087158203; 1.0374400615692139; -0.03257497772574425; 
447; -1.0159062147140503; 0.16350354254245758; 0.272416353225708; -0.3301789462566376; 1.196229338645935; -0.06030990928411484; 
461; -0.989560067653656; -0.22998638451099396; -0.2826186418533325; -0.40756574273109436; 1.2073434591293335; -0.0033284276723861694; 
464; -0.6855812072753906; 0.05312471464276314; 0.1310834437608719; -0.520036518573761; 1.0088346004486084; -0.14208585023880005; 
462; -1.025770664215088; 0.1767067164182663; -0.17140619456768036; -0.433979332447052; 1.009722352027893; -0.014967910945415497; 
435; -0.699199378490448; -0.026327362284064293; -0.19907307624816895; -0.37537068128585815; 0.984437108039856; -0.06175588071346283; 
487; -0.6440248489379883; 0.06197679042816162; 0.17621192336082458; -0.31986597180366516; 1.0921173095703125; 0.029619749635457993; 
469; -0.6711857914924622; 0.34845060110092163; -0.035409580916166306; -0.2597270905971527; 1.0142713785171509; 0.08461596816778183; 
424; -0.8269017934799194; 0.15106011927127838; 0.09890157729387283; -0.4022315442562103; 1.0600864887237549; 0.01468418538570404; 
483; -0.8038581013679504; 0.46555110812187195; 0.03800802677869797; -0.23400911688804626; 1.2195069789886475; -0.06906305998563766; 
477; -1.3369264602661133; 0.3120707869529724; 0.17012900114059448; -0.3900682330131531; 1.030149221420288; -0.09505035728216171; 
472; -0.8995073437690735; 0.36571574211120605; 0.11143501102924347; -0.48124444484710693; 1.1208759546279907; 0.059880197048187256; 
471; -0.9268695712089539; 0.10695058852434158; -0.16976244747638702; -0.47145235538482666; 0.9828440546989441; -0.08565312623977661; 
475; -1.2159899473190308; 0.17969834804534912; -0.04923660308122635; -0.29898545145988464; 1.1673226356506348; -0.1224989965558052; 
484; -0.9382297396659851; 0.3193705379962921; 0.09489734470844269; -0.2248249351978302; 0.9656015634536743; -0.08536471426486969; 
479; -1.204177737236023; 0.20808662474155426; 0.02023911476135254; -0.5022919774055481; 1.0212664604187012; 0.0771283209323883; 
465; -1.049142599105835; 0.22199223935604095; 0.0013126898556947708; -0.37998199462890625; 1.0472160577774048; 0.016050061210989952; 
429; -1.011403203010559; 0.45047804713249207; -0.2216327041387558; -0.40752413868904114; 1.1807494163513184; -0.0461227223277092; 
485; -1.3168127536773682; 0.1718045026063919; 0.024626169353723526; -0.3881484568119049; 1.0643153190612793; -0.06332682073116302; 
496; -0.8500089645385742; 0.2138458788394928; -0.19614039361476898; -0.22772929072380066; 1.079074501991272; -0.13271963596343994; 
486; -0.837864875793457; 0.21224135160446167; -0.20327262580394745; -0.35862529277801514; 1.0693398714065552; 0.011375713162124157; 
473; -0.7341185808181763; 0.302310585975647; -0.10604345798492432; -0.5208443999290466; 1.109639048576355; 0.030286993831396103; 
481; -1.0954681634902954; 0.19997334480285645; -0.260822057723999; -0.33266642689704895; 1.0521167516708374; 0.09749908745288849; 
491; -0.6786068677902222; 0.06759006530046463; 0.06739796698093414; -0.52985680103302; 1.0862027406692505; 0.004761457443237305; 
446; -0.3591800332069397; 0.5057606101036072; -0.1157960519194603; -0.33801281452178955; 1.1168612241744995; -0.056867294013500214; 
488; -1.0200307369232178; 0.25311481952667236; -0.10384994745254517; -0.29475507140159607; 1.16431725025177; 0.031052319332957268; 
478; -0.6694918274879456; 0.037557248026132584; 0.016055140644311905; -0.4114522635936737; 1.1529173851013184; 0.0351126603782177; 
490; -1.2560021877288818; 0.20697113871574402; -0.0915801078081131; -0.4036400318145752; 1.0135146379470825; 0.01622771844267845; 
493; -1.2154250144958496; 0.06369537115097046; -0.014425227418541908; -0.3825676143169403; 1.1680017709732056; -0.031610872596502304; 
495; -0.6718036532402039; 0.4673559367656708; 0.03332727402448654; -0.4541374742984772; 1.2148665189743042; -0.11791189014911652; 
499; -0.839866042137146; 0.34408167004585266; -0.4067072570323944; -0.3275473415851593; 1.0627397298812866; 0.003057044930756092; 
489; -0.7129529714584351; 0.03889523074030876; 0.01708848960697651; -0.3249482214450836; 1.1446255445480347; -0.012781981378793716; 
497; -1.0202587842941284; -0.03827216103672981; -0.08391673117876053; -0.40422162413597107; 1.0514402389526367; -0.044496338814496994; 
482; -0.844745934009552; 0.020238593220710754; 0.11189965903759003; -0.3660927414894104; 1.2327030897140503; 0.0907600149512291; 
498; -0.812800407409668; 0.21646606922149658; -0.05581756681203842; -0.5803272724151611; 1.1871992349624634; 0.02672327496111393; 
494; -1.1919021606445312; 0.28030234575271606; 0.032668180763721466; -0.4756633937358856; 1.0358853340148926; -0.006704537197947502; 
492; -0.7021607756614685; 0.4066982567310333; 0.015327991917729378; -0.4407072961330414; 1.12771475315094; 0.11253783106803894; 
