26; -0.3205892741680145; 0.7270035743713379; 0.47646617889404297; -0.2576245665550232; 1.144989013671875; 0.13818037509918213; 
35; -0.426283597946167; 0.6774708032608032; 0.24251292645931244; -0.12159989774227142; 1.1144037246704102; 0.1001816987991333; 
40; -0.5335196256637573; 0.5053049921989441; 0.04549485445022583; -0.21147286891937256; 1.068516492843628; 0.1424793004989624; 
9; -0.31282204389572144; 0.46637454628944397; 0.18095767498016357; -0.19371911883354187; 1.185956597328186; 0.12580126523971558; 
25; -0.4012661576271057; 0.7311689853668213; 0.11974582076072693; -0.2078346610069275; 1.1830412149429321; -0.013364166021347046; 
20; -0.2904265224933624; 0.449059396982193; 0.14852511882781982; -0.24693012237548828; 1.2994661331176758; 0.12114671617746353; 
3; -0.3212950527667999; 0.6564195156097412; 0.2692568302154541; -0.1985757052898407; 1.2406867742538452; 0.11171510070562363; 
0; -0.5194905400276184; 0.4704737067222595; 0.4655495882034302; -0.3027178943157196; 1.2434048652648926; 0.1143593117594719; 
29; -0.2992933392524719; 0.5998133420944214; 0.41607779264450073; -0.22722981870174408; 1.2533652782440186; 0.11398804187774658; 
21; -0.23857438564300537; 0.45608362555503845; 0.43006861209869385; -0.26521772146224976; 1.1323034763336182; 0.20603695511817932; 
24; -0.34309160709381104; 0.6397415399551392; 0.40959984064102173; -0.276872456073761; 1.1455063819885254; 0.26504239439964294; 
13; -0.4633440375328064; 0.2852315306663513; 0.7790961265563965; -0.24204613268375397; 1.2326629161834717; 0.31600213050842285; 
33; -0.4706266522407532; 0.552558183670044; 0.4402342438697815; -0.2920692265033722; 1.198175311088562; 0.17127832770347595; 
39; -0.45223790407180786; 0.37917378544807434; 0.4251071512699127; -0.31175127625465393; 1.2770450115203857; 0.1342797726392746; 
38; -0.350696861743927; 0.7332425117492676; 0.21072013676166534; -0.19372038543224335; 1.2030956745147705; 0.11342087388038635; 
36; -0.38004636764526367; 0.6115545034408569; 0.382025808095932; -0.17026874423027039; 1.0981345176696777; 0.1554013043642044; 
6; -0.15415841341018677; 0.7944319248199463; 0.2728813588619232; -0.20639877021312714; 1.1913297176361084; 0.1208321675658226; 
47; -0.41202718019485474; 0.5365490317344666; 0.40832453966140747; -0.20691761374473572; 1.1573712825775146; 0.10091034322977066; 
49; -0.4312852919101715; 0.7309244275093079; 0.344255268573761; -0.35696884989738464; 1.286344051361084; 0.1862058937549591; 
19; -0.6263109445571899; 0.3836495280265808; 0.19282163679599762; -0.18165627121925354; 1.3096637725830078; 0.19056831300258636; 
8; -0.19360661506652832; 0.25461244583129883; 0.31521767377853394; -0.23205167055130005; 1.4157296419143677; 0.09724903106689453; 
37; -0.8376538753509521; 0.49592575430870056; 0.22609341144561768; -0.28390616178512573; 1.1637529134750366; 0.2768302261829376; 
15; -0.9105049967765808; 0.4070048928260803; 0.3662777245044708; -0.26501795649528503; 1.1889212131500244; 0.1127476617693901; 
28; -0.2811354398727417; 0.7249923944473267; 0.46744149923324585; -0.18190012872219086; 1.238351821899414; 0.018429942429065704; 
41; -0.4302045404911041; 0.6301570534706116; 0.5591168403625488; -0.23886439204216003; 1.0652283430099487; 0.280597984790802; 
43; -0.23188450932502747; 0.6212320327758789; 0.446003794670105; -0.2888655662536621; 1.2243403196334839; 0.039767637848854065; 
18; -0.5685749053955078; 0.4825325310230255; -0.2785230278968811; -0.250567764043808; 1.179545521736145; 0.20595374703407288; 
10; -0.4909648299217224; 0.434947669506073; -0.11610496044158936; -0.18159767985343933; 1.2193266153335571; 0.17340947687625885; 
7; -0.9574388861656189; 0.4823608994483948; 0.5153645277023315; -0.14951373636722565; 1.2404348850250244; 0.15678581595420837; 
46; -0.9540339708328247; 0.5821860432624817; 0.5442957878112793; -0.2910224199295044; 1.237202763557434; 0.003678448498249054; 
34; -0.29022377729415894; 0.7300337553024292; 0.2026282697916031; -0.17190605401992798; 1.2295966148376465; 0.05404466390609741; 
23; -0.1945200264453888; 0.5252241492271423; 0.28521084785461426; -0.22282575070858002; 1.3707672357559204; 0.17370112240314484; 
2; -0.5233913064002991; 0.7424370646476746; 0.2791511118412018; -0.1849282681941986; 1.1650662422180176; 0.08917252719402313; 
42; -0.7219801545143127; 0.5650076270103455; 0.10470214486122131; -0.26453107595443726; 1.2496401071548462; 0.0717669427394867; 
45; -0.23682653903961182; 0.7364478707313538; 0.6258341073989868; -0.25194329023361206; 1.1607666015625; 0.17334768176078796; 
4; -0.46997329592704773; 0.372452974319458; 0.40642714500427246; -0.2958391010761261; 1.2948631048202515; 0.09808625280857086; 
30; -0.36345887184143066; 0.42342737317085266; 0.08713629841804504; -0.12317457795143127; 1.4736201763153076; 0.2533661425113678; 
14; -0.2281378209590912; 0.49467742443084717; 0.554036557674408; -0.25521034002304077; 1.2397558689117432; 0.03098359704017639; 
22; -0.31044113636016846; 0.46448221802711487; 0.16761016845703125; -0.1924699991941452; 1.1242011785507202; 0.29566076397895813; 
5; -0.5273991823196411; 0.540122926235199; 0.42048031091690063; -0.35463643074035645; 1.332201600074768; 0.046621330082416534; 
48; -0.6073904037475586; 0.4358729124069214; 0.4588530361652374; -0.2515704035758972; 1.2348723411560059; -0.010977029800415039; 
11; -0.41810593008995056; 0.3829495310783386; 0.4842994809150696; -0.12830950319766998; 1.0711146593093872; 0.1396225094795227; 
27; -0.8106586933135986; 0.6202105283737183; 0.2189999222755432; -0.13848473131656647; 1.2674665451049805; 0.2071741670370102; 
16; -0.5968535542488098; 0.8370943665504456; 0.2463228702545166; -0.34840184450149536; 1.2920509576797485; 0.10507674515247345; 
1; -0.3028239607810974; 0.5055559873580933; 0.28542307019233704; -0.2709446847438812; 1.240012764930725; 0.1461917757987976; 
32; -0.1901479959487915; 0.2890370488166809; 0.25757357478141785; -0.048743799328804016; 1.2504788637161255; 0.08771034330129623; 
12; -0.38339829444885254; 0.7282981872558594; 0.33070045709609985; -0.25637364387512207; 1.1405922174453735; 0.4211725890636444; 
31; -0.18409660458564758; 0.5896437168121338; 0.18919870257377625; -0.34882500767707825; 1.1349905729293823; 0.044690318405628204; 
17; -0.3066379427909851; 0.737886905670166; 0.26211193203926086; -0.21030397713184357; 1.1851792335510254; 0.17357316613197327; 
44; -0.03776055574417114; 0.6415599584579468; 0.5811710953712463; -0.22913695871829987; 1.3720036745071411; 0.24923373758792877; 
50; -0.26011595129966736; 0.6468700170516968; 0.40063735842704773; -0.3697594404220581; 1.222852110862732; 0.2086048126220703; 
88; -0.7378979921340942; 0.5390586256980896; 0.22835436463356018; -0.1865028589963913; 1.2383348941802979; 0.22247803211212158; 
51; -0.4129040241241455; 0.5686380863189697; 0.19450320303440094; -0.13749928772449493; 1.1557317972183228; 0.1358710527420044; 
54; -0.4594210684299469; 0.2272820770740509; 0.25267741084098816; -0.24909229576587677; 1.2803646326065063; 0.07313321530818939; 
52; -0.3897968828678131; 0.467008113861084; 0.2550162374973297; -0.08368673920631409; 1.1861228942871094; 0.13616803288459778; 
59; -0.3738291263580322; 0.4999876022338867; 0.4082782566547394; -0.2791880965232849; 1.3403382301330566; 0.10921619832515717; 
96; -0.4361557364463806; 0.5490230321884155; 0.2754356563091278; -0.2881186604499817; 1.2174639701843262; 0.12632562220096588; 
94; -0.10566484928131104; 0.4191038906574249; 0.35794204473495483; -0.16845808923244476; 1.3500064611434937; 0.0069849491119384766; 
95; -0.14135828614234924; 0.36618572473526; 0.61614990234375; -0.20409318804740906; 1.427297592163086; 0.2273062765598297; 
100; -0.30837711691856384; 0.4788208603858948; 0.48937472701072693; -0.20287451148033142; 1.150962471961975; 0.1797209084033966; 
98; -0.4654505252838135; 0.38423866033554077; 0.5016839504241943; -0.300841748714447; 1.2917979955673218; 0.15354448556900024; 
97; -0.6043516397476196; 0.5902060866355896; 0.29272425174713135; -0.26728251576423645; 1.1008925437927246; 0.19840404391288757; 
65; -0.43403124809265137; 0.6975442171096802; 0.37798503041267395; -0.2566879093647003; 1.2635455131530762; 0.06135766953229904; 
63; -0.4359820485115051; 0.7129207849502563; 0.6082497835159302; -0.2770903706550598; 1.3520575761795044; 0.2185346633195877; 
56; -0.6730678081512451; 0.2843630611896515; 0.2852608263492584; -0.24560874700546265; 1.1867629289627075; 0.19501778483390808; 
60; -0.5934563875198364; 0.5145907402038574; 0.5646849274635315; -0.2513877749443054; 1.2951139211654663; 0.216711163520813; 
58; -0.35372093319892883; 0.5083961486816406; 0.4589976668357849; -0.4906959533691406; 1.190887212753296; 0.09943251311779022; 
61; -0.25531476736068726; 0.27881062030792236; 0.5104382038116455; -0.3411902189254761; 1.3290929794311523; 0.13041195273399353; 
57; -0.4277350604534149; 0.40510082244873047; 0.20729048550128937; -0.27058473229408264; 1.2682013511657715; 0.1661003828048706; 
62; -0.27729305624961853; 0.3442126512527466; 0.36534059047698975; -0.19946859776973724; 1.2922425270080566; 0.2594594359397888; 
71; -0.5326467752456665; 0.5979158878326416; 0.30863529443740845; -0.23840521275997162; 1.2250977754592896; 0.1928311139345169; 
64; -0.3954315483570099; 0.6150951981544495; 0.23421764373779297; -0.25610384345054626; 1.3853825330734253; 0.2559921145439148; 
91; -0.5152590274810791; 0.7212875485420227; 0.35692599415779114; -0.23722659051418304; 1.1953647136688232; 0.06690464168787003; 
77; -0.534071683883667; 0.4219192862510681; 0.4273756146430969; -0.11003105342388153; 1.2283679246902466; 0.15972115099430084; 
93; -0.2511214017868042; 0.5716367959976196; 0.5248321294784546; -0.28136301040649414; 1.251102328300476; 0.10344827175140381; 
86; -0.6669238805770874; 0.8462325930595398; 0.10784345865249634; -0.14974159002304077; 1.324888825416565; 0.12035730481147766; 
89; -0.5828015208244324; 0.6325660943984985; 0.1238757073879242; -0.23445257544517517; 1.3401172161102295; 0.03607235103845596; 
76; -0.22171679139137268; 0.4775071144104004; 0.4598735570907593; -0.2524363398551941; 1.1832858324050903; 0.22770529985427856; 
92; -0.21666854619979858; 0.6354876160621643; 0.57791668176651; -0.22625547647476196; 1.1141204833984375; 0.1352359801530838; 
90; -0.25421205163002014; 0.19935743510723114; 0.47146424651145935; -0.22761055827140808; 1.0930525064468384; 0.20815688371658325; 
84; -0.6048623919487; 0.4876440763473511; 0.19051995873451233; -0.2483387440443039; 1.2248700857162476; 0.08278897404670715; 
82; -0.5806880593299866; 0.7534053325653076; 0.6599134802818298; -0.17200492322444916; 1.4138070344924927; 0.26415279507637024; 
69; -0.35852235555648804; 0.6505537629127502; 0.09982559084892273; -0.2945571541786194; 1.2171257734298706; 0.2660893499851227; 
70; -0.40620434284210205; 0.5502264499664307; -0.19156473875045776; -0.26158657670021057; 1.069189429283142; 0.053078874945640564; 
74; -0.4002939760684967; 0.6267728805541992; 0.37166541814804077; -0.325441837310791; 1.3285738229751587; 0.10812975466251373; 
53; -0.455081045627594; 0.34432533383369446; 0.11754371225833893; -0.1417706310749054; 1.262800693511963; 0.12670624256134033; 
99; -0.4168013632297516; 0.37380683422088623; 0.2991887927055359; -0.3388404846191406; 1.133890151977539; 0.1755823940038681; 
78; -0.23399460315704346; 0.21410299837589264; 0.6328680515289307; -0.02493584156036377; 1.182584524154663; 0.06404846906661987; 
87; -0.5952165126800537; 0.4770367741584778; 0.36595627665519714; -0.2751907408237457; 1.3713406324386597; 0.12638430297374725; 
73; -0.4121013283729553; 0.2640962600708008; 0.4807714819908142; -0.28058236837387085; 1.2555506229400635; 0.06839130073785782; 
81; -0.119477778673172; 0.713884711265564; 0.3201960623264313; -0.2925320863723755; 1.3602380752563477; 0.07059378176927567; 
80; -0.24555715918540955; 0.5637842416763306; 0.3942297399044037; -0.2832157015800476; 1.2503645420074463; 0.017828501760959625; 
79; -0.2231353521347046; 0.4735833406448364; 0.26055166125297546; -0.30033355951309204; 1.1675372123718262; 0.30017924308776855; 
72; -0.3533827066421509; 0.4126930236816406; 0.2902321219444275; -0.17579489946365356; 1.2604130506515503; 0.07274826616048813; 
55; -0.9098707437515259; 0.68205726146698; 0.2247430980205536; -0.3968062698841095; 1.2272120714187622; 0.19273975491523743; 
75; -0.4738515317440033; 0.27617350220680237; 0.15931464731693268; -0.1675935983657837; 1.4023898839950562; 0.1482856422662735; 
66; -0.5855359435081482; 0.44698959589004517; 0.28401005268096924; -0.20580346882343292; 1.3550258874893188; 0.20108497142791748; 
68; -0.3739199638366699; 0.3867848515510559; 0.3621610999107361; -0.33171218633651733; 1.3840100765228271; 0.16484449803829193; 
67; -0.739891767501831; 0.48426878452301025; 0.5883526802062988; -0.13696104288101196; 1.2825623750686646; 0.07128880172967911; 
85; -0.31430768966674805; 0.5350793600082397; 0.2333499640226364; -0.12336653470993042; 1.2176308631896973; 0.022922590374946594; 
83; -0.3244364559650421; 0.3852855861186981; 0.21005353331565857; -0.1649719476699829; 1.351456880569458; 0.21980176866054535; 
102; -0.5924047231674194; 0.5369267463684082; 0.3379259407520294; -0.053452566266059875; 1.2718415260314941; 0.20531946420669556; 
101; -0.06237718462944031; 0.4828144311904907; 0.7260322570800781; -0.2493576556444168; 1.1661078929901123; 0.14578582346439362; 
109; -0.4548332989215851; 0.466866135597229; 0.47088029980659485; -0.24690742790699005; 1.3009309768676758; 0.1495513767004013; 
112; -0.27996283769607544; 0.3189973831176758; -0.09900012612342834; -0.2712312936782837; 1.1704350709915161; 0.021413788199424744; 
105; -0.09540972113609314; 0.31834647059440613; 0.4542538523674011; -0.32851043343544006; 1.204496145248413; 0.028584659099578857; 
107; -0.1834801733493805; 0.3777472972869873; 0.4655648469924927; -0.21456849575042725; 1.218381404876709; 0.2289752960205078; 
117; -0.5970396399497986; 0.4601467251777649; 0.04668617248535156; -0.2525683641433716; 1.1592342853546143; 0.21726059913635254; 
114; -0.759746789932251; 0.6199439764022827; 0.14727865159511566; -0.1925531029701233; 1.199079155921936; 0.23180021345615387; 
119; -0.7601377964019775; 0.36956366896629333; 0.142280712723732; -0.32930678129196167; 1.0738409757614136; 0.10755783319473267; 
108; -0.4052480161190033; 0.8453112840652466; 0.4191075563430786; -0.34200552105903625; 1.3139135837554932; 0.12825767695903778; 
116; -0.3604392111301422; 0.5392060875892639; 0.5618099570274353; -0.1799607276916504; 1.2672759294509888; 0.07012736052274704; 
103; -0.3583109378814697; 0.8013148307800293; 0.33873251080513; -0.2672628164291382; 1.1419721841812134; 0.17092904448509216; 
115; -0.32372045516967773; 0.40578117966651917; 0.32528162002563477; -0.2885955274105072; 1.2780040502548218; 0.293707013130188; 
113; -0.5300987958908081; 0.3348909318447113; 0.5726383328437805; -0.2222733050584793; 1.2326176166534424; 0.24006813764572144; 
111; -0.7763999104499817; 0.33246102929115295; 0.20807918906211853; -0.21820536255836487; 1.1823740005493164; 0.18684417009353638; 
110; -0.18223837018013; 0.44353431463241577; 0.225997194647789; -0.17991231381893158; 1.3132489919662476; 0.36494892835617065; 
130; -0.5388887524604797; 0.540569543838501; 0.3434877395629883; -0.2160545140504837; 1.22616708278656; 0.10850472748279572; 
106; -0.8578192591667175; 0.5238924026489258; 0.5072882771492004; -0.2105589658021927; 1.538133144378662; 0.22245585918426514; 
118; -0.3783758282661438; 0.5677669048309326; 0.35609421133995056; -0.29356974363327026; 1.135418176651001; 0.007169067859649658; 
123; -0.5062503814697266; 0.709719181060791; 0.4938814342021942; -0.22663453221321106; 1.227692723274231; 0.1437981277704239; 
131; -0.1272297501564026; 0.6324833035469055; 0.4978346824645996; -0.13365420699119568; 1.1459770202636719; 0.13924695551395416; 
124; -0.5830795764923096; 0.8390243053436279; 0.32644379138946533; -0.09000334143638611; 1.2693783044815063; 0.1544848382472992; 
129; -0.7121080160140991; 0.5954775810241699; 0.09382227063179016; -0.2750716805458069; 1.4274417161941528; 0.2135258913040161; 
120; -0.33072513341903687; 0.5834088325500488; 0.22707706689834595; -0.3103978633880615; 1.3826408386230469; 0.1789989173412323; 
128; -0.6107910871505737; 0.628138542175293; 0.0028505325317382812; -0.33010220527648926; 1.1458466053009033; 0.1101568266749382; 
122; -0.2826923131942749; 0.42200517654418945; 0.07562115788459778; -0.32310742139816284; 1.2829105854034424; 0.23273643851280212; 
104; -0.21586734056472778; 0.5967403650283813; 0.4423314929008484; -0.2674807906150818; 1.2599951028823853; 0.011941008269786835; 
121; -0.45325201749801636; 0.3988643288612366; 0.0015048086643218994; -0.3327515125274658; 1.295850157737732; 0.19452664256095886; 
125; -0.6593858003616333; 0.979746401309967; 0.4708467721939087; -0.10384048521518707; 1.29617178440094; 0.2660188376903534; 
126; -1.0157256126403809; 0.626745343208313; 0.09808655083179474; -0.2608087956905365; 1.058359146118164; 0.16986848413944244; 
127; -0.893212616443634; 0.28342023491859436; 0.29503026604652405; -0.21804969012737274; 1.2313421964645386; 0.14945393800735474; 
132; -0.1180008053779602; 0.23100028932094574; -0.018277257680892944; -0.38743865489959717; 1.4177417755126953; 0.1467062383890152; 
147; -0.6145150661468506; 0.5267646908760071; 0.5570555329322815; -0.18893814086914062; 1.2686785459518433; 0.13284268975257874; 
146; -0.5268723964691162; 0.4567156732082367; 0.1682511866092682; -0.19014258682727814; 1.2715251445770264; 0.03336452692747116; 
148; -0.291505366563797; 0.552156925201416; 0.2812948226928711; -0.07359734177589417; 1.2440799474716187; 0.12610112130641937; 
136; -0.49632328748703003; 0.5383254289627075; 0.6039635539054871; -0.18907515704631805; 1.3061583042144775; 0.06475270539522171; 
133; -0.5648471117019653; 0.4350701868534088; 0.3018549084663391; -0.1573232263326645; 1.2157706022262573; 0.18692223727703094; 
135; -0.6073762774467468; 0.47430601716041565; 0.3914775252342224; -0.23044441640377045; 1.2674875259399414; 0.07776902616024017; 
134; -0.4823799431324005; 0.10609528422355652; 0.475644052028656; -0.19271951913833618; 1.2911001443862915; 0.23463913798332214; 
137; -0.38840094208717346; 0.5679559111595154; 0.43529435992240906; -0.20894663035869598; 1.3315086364746094; 0.1267881840467453; 
144; -0.47687962651252747; 0.7019104957580566; 0.09594213962554932; -0.26595473289489746; 1.2900071144104004; 0.10850757360458374; 
138; -0.3120964765548706; 0.26593631505966187; 0.36574676632881165; -0.3310319781303406; 1.1868131160736084; 0.15669065713882446; 
141; -0.33529797196388245; 0.4316209554672241; 0.3413335978984833; -0.14177080988883972; 1.2012767791748047; 0.3260951638221741; 
142; -0.3800191581249237; 0.702765703201294; 0.4055795669555664; -0.3577137589454651; 1.138596773147583; 0.18333487212657928; 
140; -0.2747895121574402; 0.8456417322158813; 0.03133484721183777; -0.47269710898399353; 1.3360846042633057; 0.20995117723941803; 
152; -0.1925753951072693; 0.646562397480011; 0.10797542333602905; -0.27365410327911377; 1.279854416847229; 0.13244740664958954; 
145; -0.3556130826473236; 0.6389064788818359; 0.3545234501361847; -0.11266130208969116; 1.0613763332366943; 0.17478080093860626; 
154; -0.27606308460235596; 0.5333240032196045; 0.37484294176101685; -0.20751504600048065; 1.2360743284225464; 0.2907488942146301; 
153; -0.8666476607322693; 0.2826817035675049; 0.2347697764635086; -0.21311526000499725; 1.1205726861953735; 0.16202476620674133; 
150; -0.06752097606658936; 0.45001062750816345; 0.2588483691215515; -0.3528223931789398; 1.382594108581543; 0.13299201428890228; 
159; -0.4502716064453125; 0.25552552938461304; 0.36996522545814514; -0.29264116287231445; 1.2888219356536865; 0.08511935919523239; 
167; -0.44171833992004395; 0.5329674482345581; 0.42954322695732117; -0.3370008170604706; 1.3188287019729614; 0.16353939473628998; 
143; -0.39711469411849976; 0.40817946195602417; 0.35582634806632996; -0.11423924565315247; 1.109915018081665; 0.17068266868591309; 
158; -0.1383129060268402; 0.3087960183620453; 0.2368917614221573; -0.2109735906124115; 1.3798781633377075; 0.14922025799751282; 
166; -0.32454946637153625; 0.29523995518684387; 0.4387187063694; -0.32658618688583374; 1.3353917598724365; 0.11543400585651398; 
139; -0.11003127694129944; 0.450206458568573; 0.2939305007457733; -0.23223558068275452; 1.25739324092865; 0.18704281747341156; 
165; -0.6994274854660034; 0.4155351519584656; -0.027289390563964844; -0.2888006269931793; 1.2670029401779175; 0.13577930629253387; 
162; -0.24457314610481262; 0.6282286643981934; 0.2230062186717987; -0.19333140552043915; 1.2145092487335205; 0.19490942358970642; 
151; 0.022608399391174316; 0.9336771965026855; 0.6480165719985962; -0.1917073279619217; 1.3125495910644531; 0.33267679810523987; 
169; -0.8720742464065552; 0.5011333227157593; 0.19160552322864532; -0.20891918241977692; 1.2064108848571777; 0.20588409900665283; 
168; -0.39388421177864075; 0.7218614816665649; 0.5606575608253479; -0.15532417595386505; 1.2146940231323242; 0.10045430809259415; 
164; -0.4212418496608734; 0.6727309823036194; 0.18122996389865875; -0.20519739389419556; 1.405436396598816; 0.08204557001590729; 
156; -0.3557541072368622; 0.6769679188728333; 0.19280478358268738; -0.14961068332195282; 1.2433042526245117; 0.14932118356227875; 
163; -0.36063671112060547; 0.36393842101097107; 0.29442477226257324; -0.32810264825820923; 1.3279026746749878; 0.11012624204158783; 
157; -0.5720046162605286; 0.4453558027744293; -0.12653782963752747; -0.3193977177143097; 1.1679353713989258; 0.12337552756071091; 
160; -0.498047798871994; 0.3762234151363373; 0.2660478949546814; -0.1519121527671814; 1.1759095191955566; 0.14547331631183624; 
170; -0.6271694898605347; 0.6226098537445068; 0.31151282787323; -0.19815707206726074; 1.3905646800994873; 0.04036610573530197; 
175; -0.709326982498169; 0.4641989767551422; 0.03414568305015564; -0.19510364532470703; 1.188792109489441; 0.03750680387020111; 
180; -0.0732649564743042; 0.35952988266944885; 0.5899030566215515; -0.1888539046049118; 1.2510230541229248; 0.0917564332485199; 
171; -0.3812081217765808; 0.19128073751926422; 0.32616955041885376; -0.16910114884376526; 1.1600908041000366; 0.22634929418563843; 
177; -0.23303979635238647; 0.7499055862426758; 0.48172450065612793; -0.28798699378967285; 1.3064144849777222; 0.12335272133350372; 
161; -0.41442185640335083; 0.8455881476402283; 0.3480958044528961; 0.0172995924949646; 1.2577087879180908; 0.23975694179534912; 
188; -0.32817089557647705; 0.5365918278694153; 0.40756991505622864; -0.26339131593704224; 1.34305739402771; 0.16889122128486633; 
181; -0.21867495775222778; 0.5345355272293091; 0.18547865748405457; -0.28372079133987427; 1.1533534526824951; 0.2746277451515198; 
192; -0.3535696566104889; 0.45602452754974365; 0.14853207767009735; -0.09842589497566223; 1.1948882341384888; 0.07766149938106537; 
174; -0.3461137115955353; 0.7519437670707703; 0.23228248953819275; -0.26313233375549316; 1.404680848121643; 0.13921904563903809; 
184; -0.4538779854774475; 0.4945736825466156; 0.3466137945652008; -0.19624993205070496; 1.195141315460205; 0.15726393461227417; 
189; -0.35390976071357727; 0.31963828206062317; 0.23958934843540192; -0.29583555459976196; 1.214760661125183; -0.011617183685302734; 
186; -0.5527174472808838; 0.6450501084327698; 0.2735096216201782; -0.13211441040039062; 1.2114790678024292; 0.14063672721385956; 
193; -0.4914700984954834; 0.4121481776237488; 0.5803441405296326; -0.23284277319908142; 1.2177093029022217; 0.16390495002269745; 
183; -0.27607524394989014; 0.7200998067855835; 0.35413774847984314; -0.3352808356285095; 1.1842306852340698; 0.17768460512161255; 
191; -0.5128530263900757; 0.13935688138008118; 0.12403205037117004; -0.14589537680149078; 1.1815345287322998; 0.02217104285955429; 
172; -0.4307044446468353; 0.6095584034919739; 0.4512062668800354; -0.21436524391174316; 1.1583536863327026; 0.18821106851100922; 
194; -0.48251691460609436; 0.6136244535446167; 0.32564762234687805; -0.27188602089881897; 1.16383957862854; 0.1565057784318924; 
173; -0.2972300946712494; 0.7975082993507385; 0.18268229067325592; -0.350383996963501; 1.2405308485031128; -0.09112344682216644; 
187; -0.3191987872123718; 0.7537139654159546; 0.25789523124694824; -0.04417513310909271; 1.3043522834777832; 0.21236266195774078; 
179; -0.40876132249832153; 0.4963902533054352; 0.49130135774612427; -0.24487188458442688; 1.3864641189575195; 0.2541182041168213; 
185; -0.2401752471923828; 0.3426379859447479; 0.5073086619377136; -0.2986164689064026; 1.1075592041015625; 0.22199662029743195; 
176; -0.30918386578559875; 0.5045521259307861; 0.2730754017829895; -0.2789430320262909; 1.1020337343215942; 0.12669017910957336; 
195; -0.48543572425842285; 0.7240263223648071; 0.6664353609085083; -0.23776918649673462; 1.2419586181640625; 0.2529239058494568; 
155; -0.3992744982242584; 0.4014265537261963; 0.4132649898529053; -0.3764339089393616; 1.1566190719604492; 0.16917893290519714; 
197; -0.5035191774368286; 0.7389931678771973; 0.2437526434659958; -0.19441133737564087; 1.1428719758987427; 0.11646226048469543; 
190; -0.360548734664917; 0.6512929201126099; 0.4369504451751709; -0.3128628730773926; 1.2867100238800049; 0.1696489453315735; 
178; 0.16217449307441711; 0.5667840242385864; 0.10465067625045776; -0.2410995066165924; 1.1732755899429321; 0.12884610891342163; 
199; -0.45052313804626465; 0.40015512704849243; 0.3380846083164215; -0.11553400754928589; 1.3010860681533813; 0.19826292991638184; 
196; -0.3890852630138397; 0.46283987164497375; 0.054374128580093384; -0.20781159400939941; 1.2795429229736328; 0.07661889493465424; 
182; -0.4594007134437561; 0.8387960195541382; 0.6843471527099609; -0.2991417646408081; 1.1913868188858032; -0.005101650953292847; 
198; -0.49148133397102356; 0.6829270124435425; 0.25875604152679443; -0.17577160894870758; 1.2267506122589111; 0.09153389930725098; 
149; -0.4867095947265625; 0.4841281771659851; 0.5743964910507202; -0.3269007205963135; 1.3395417928695679; 0.15809063613414764; 
200; -0.5988444089889526; 0.3865101933479309; 0.6373860836029053; -0.38003504276275635; 1.1841977834701538; 0.1020880788564682; 
213; -0.21848595142364502; 0.4063354432582855; 0.34104421734809875; -0.32970520853996277; 1.200116753578186; 0.1395229995250702; 
202; -0.25108015537261963; 0.42552798986434937; -0.06565466523170471; -0.1816011518239975; 1.1612696647644043; 0.04950740933418274; 
241; -0.332101434469223; 0.5893495082855225; 0.47520506381988525; -0.10086710751056671; 1.1077330112457275; 0.05785796046257019; 
223; -0.2038547396659851; 0.8268145322799683; 0.37084585428237915; -0.21876178681850433; 1.2817351818084717; 0.05341768264770508; 
204; -0.5656411051750183; 0.2662501335144043; 0.25826913118362427; -0.1996532529592514; 1.1231590509414673; 0.23325058817863464; 
212; -0.19824671745300293; 0.7006390690803528; 0.25976160168647766; -0.2788074016571045; 1.3524435758590698; 0.23406687378883362; 
240; -0.7724978923797607; 0.6960171461105347; 0.3594120144844055; -0.24424000084400177; 1.2988483905792236; 0.04149600863456726; 
221; -0.7270352840423584; 0.595777153968811; 0.3799249827861786; -0.38591235876083374; 1.3243639469146729; 0.2130579799413681; 
205; -0.32538700103759766; 0.20460015535354614; 0.24928763508796692; -0.2994440197944641; 1.2133508920669556; 0.10873245447874069; 
200; -0.5988444685935974; 0.3865101933479309; 0.6373860836029053; -0.38003504276275635; 1.1841979026794434; 0.10208804160356522; 
244; -0.3838364779949188; 0.390677809715271; 0.16629643738269806; -0.32987964153289795; 1.099145770072937; 0.06020190566778183; 
216; -0.6121463775634766; 0.3350786864757538; 0.14469847083091736; -0.12471440434455872; 1.1965453624725342; 0.10948145389556885; 
224; 0.10919368267059326; 0.7231757044792175; 0.4916403293609619; -0.1319342851638794; 1.3349295854568481; 0.05439727008342743; 
243; -0.6903828382492065; 0.47711753845214844; -0.014719158411026001; -0.3351290822029114; 1.2322731018066406; 0.13716387748718262; 
237; -0.7667002081871033; 0.6983160972595215; 0.32789063453674316; -0.3037254512310028; 1.3165185451507568; 0.11963966488838196; 
227; -0.5030719637870789; 0.5113804936408997; 0.2955247163772583; -0.24552951753139496; 1.4616795778274536; 0.18497934937477112; 
226; -0.3017265796661377; 0.49288707971572876; 0.43588417768478394; -0.33435922861099243; 1.152696132659912; 0.3798275589942932; 
206; -0.4253880977630615; 0.6289818286895752; 0.6969000697135925; -0.44122087955474854; 1.2809653282165527; 0.085758738219738; 
238; -0.6935949325561523; 0.46530696749687195; 0.3364450931549072; -0.28313687443733215; 1.2528585195541382; 0.08040595054626465; 
236; -0.13348108530044556; 0.606116533279419; 0.5392577052116394; -0.2969364821910858; 1.2504653930664062; 0.13275104761123657; 
228; -0.517833948135376; 0.4140899181365967; 0.4440194368362427; -0.29270052909851074; 1.3346225023269653; 0.06855443120002747; 
229; -0.5702276229858398; 0.7195187211036682; 0.10299915075302124; -0.3854650855064392; 1.2235757112503052; 0.13464750349521637; 
248; -0.24002128839492798; 0.4412562847137451; 0.5810120105743408; -0.18409289419651031; 1.2488394975662231; 0.14207495748996735; 
214; -0.3518262505531311; 0.5779563188552856; 0.3266656696796417; -0.25206834077835083; 1.3399986028671265; 0.14198464155197144; 
231; -0.7048137784004211; 0.6277610063552856; -0.058264344930648804; -0.2735477685928345; 1.3617583513259888; 0.12692546844482422; 
220; -0.26086246967315674; 0.3471074402332306; 0.2994156777858734; -0.20063060522079468; 1.360971212387085; 0.2676078677177429; 
222; 0.015979528427124023; 0.6858611106872559; 0.11855965852737427; -0.12589633464813232; 1.3412656784057617; 0.14995814859867096; 
209; -0.7634043097496033; 0.4350208044052124; 0.171312615275383; -0.3539470136165619; 1.195251226425171; 0.1249544695019722; 
234; -0.2760961651802063; 0.32758575677871704; 0.07473236322402954; -0.1267099380493164; 1.3879988193511963; 0.12142204493284225; 
225; -0.6724311113357544; 0.711431086063385; 0.32309848070144653; -0.33872509002685547; 1.1810493469238281; 0.06129305064678192; 
235; -0.4321722388267517; 0.28855180740356445; 0.42721718549728394; -0.20339727401733398; 1.2209537029266357; 0.18082383275032043; 
218; -0.35051971673965454; 0.40824973583221436; 0.49187198281288147; -0.1831003874540329; 1.1548362970352173; 0.2886362075805664; 
210; -0.6580812931060791; 0.6756176948547363; 0.4084750711917877; -0.39037764072418213; 1.115207314491272; 0.04959721118211746; 
251; -0.3884849548339844; 0.4119730591773987; 0.17236196994781494; -0.20054206252098083; 1.2309989929199219; -0.02200576663017273; 
203; -0.4114086925983429; 0.5943979024887085; 0.2669529318809509; -0.18950873613357544; 1.2718806266784668; 0.1469930112361908; 
215; -0.37380170822143555; 0.4754887819290161; 0.37412726879119873; -0.4336845874786377; 1.1503374576568604; 0.29042020440101624; 
207; -0.5826681852340698; 0.46437257528305054; 0.29800713062286377; -0.30944982171058655; 1.1003930568695068; 0.12136487662792206; 
253; -0.3233712315559387; 0.5682337284088135; 0.3614382743835449; -0.1610340178012848; 1.3472790718078613; 0.1627720594406128; 
211; -0.7257593274116516; 0.38930147886276245; 0.5158351063728333; -0.28563392162323; 1.3022096157073975; 0.19910921156406403; 
208; -0.3871082663536072; 0.3809317350387573; 0.32750260829925537; -0.3257381319999695; 1.2429693937301636; 0.0888637900352478; 
258; -0.24345940351486206; 0.576202392578125; 0.2981143593788147; -0.25748729705810547; 1.2706547975540161; 0.31632325053215027; 
239; -0.8275995850563049; 0.39031195640563965; 0.5343213677406311; -0.1198168694972992; 1.241725206375122; 0.13101139664649963; 
256; -0.7735142707824707; 0.31326746940612793; 0.5025100708007812; -0.3194929361343384; 1.1242327690124512; 0.05369284749031067; 
245; -0.42785727977752686; 0.557132363319397; 0.44179144501686096; -0.24150875210762024; 1.183516025543213; 0.23118698596954346; 
219; -0.4126751124858856; 0.703774094581604; 0.41906529664993286; -0.3697580099105835; 1.1642752885818481; -0.02576442062854767; 
261; -0.23780721426010132; 0.4060681164264679; 0.2793249785900116; -0.25239646434783936; 1.1978873014450073; 0.18971991539001465; 
232; -0.23712405562400818; 0.30417415499687195; 0.5103253722190857; -0.38287344574928284; 1.3632720708847046; 0.15035219490528107; 
201; -0.35937684774398804; 0.5319255590438843; 0.28438514471054077; -0.21375294029712677; 1.190696358680725; 0.01755841076374054; 
246; -0.5631279349327087; 0.7287054061889648; 0.5484108924865723; -0.22131697833538055; 1.2439768314361572; 0.07885444164276123; 
264; -0.4971469044685364; 0.33288276195526123; 0.10435822606086731; -0.19273598492145538; 1.287687063217163; 0.2590874433517456; 
217; -0.5027581453323364; 0.09175775945186615; 0.22203391790390015; -0.184321790933609; 1.2585378885269165; 0.24751827120780945; 
275; -0.3722562789916992; 0.5594679117202759; 0.09895247220993042; -0.21981829404830933; 1.1825324296951294; 0.13339433073997498; 
249; -0.5776921510696411; 0.28620538115501404; 0.3269280791282654; -0.41210049390792847; 1.34955632686615; 0.24092495441436768; 
269; -0.4839022159576416; 0.5880208611488342; 0.10355794429779053; -0.30465126037597656; 1.133591651916504; 0.0013075321912765503; 
252; -0.6072119474411011; 0.5364076495170593; 0.3917745351791382; -0.25384169816970825; 1.4581633806228638; 0.08996029198169708; 
266; -0.47105592489242554; 0.4559169411659241; 0.2796337604522705; -0.1965661495923996; 1.265289545059204; 0.11110495030879974; 
242; -0.3343777358531952; 0.33148103952407837; 0.5441956520080566; -0.18833081424236298; 1.3303810358047485; 0.19533629715442657; 
230; -0.18060606718063354; 0.5096778273582458; 0.35512423515319824; -0.2724831700325012; 1.3201543092727661; 0.08366218954324722; 
267; -0.4680909216403961; 0.3472197651863098; -0.07760107517242432; -0.2766980528831482; 1.2815028429031372; 0.07985937595367432; 
260; -0.3928038775920868; 0.8020985722541809; 0.39981943368911743; -0.07929514348506927; 1.1691114902496338; -0.057807669043540955; 
265; -0.6194345951080322; 0.14036622643470764; 0.3199005722999573; -0.13844387233257294; 1.137144684791565; 0.14335274696350098; 
276; -0.47781863808631897; 0.2529760003089905; 0.4008629024028778; -0.2293119877576828; 1.1214632987976074; 0.12996800243854523; 
262; -0.5030925869941711; 0.38095521926879883; 0.29639285802841187; -0.13847428560256958; 1.2171071767807007; 0.07152009010314941; 
233; -0.2226088047027588; 0.3957805037498474; 0.5620242357254028; -0.15370656549930573; 1.3816708326339722; 0.18263669312000275; 
254; -0.345377117395401; 0.7097448110580444; 0.48672786355018616; -0.14343270659446716; 1.1572542190551758; 0.1010155975818634; 
294; 0.01421886682510376; 0.5818648338317871; 0.3371543288230896; -0.26910242438316345; 1.260860562324524; -0.08991874754428864; 
293; -0.37052565813064575; 0.8206155300140381; 0.20567038655281067; -0.16137945652008057; 1.2035657167434692; 0.1956392526626587; 
282; -0.09318000078201294; 0.6689725518226624; 0.17055989801883698; -0.08734351396560669; 1.1655582189559937; 0.1763184666633606; 
263; -0.413583368062973; 0.4888709783554077; 0.06883534789085388; -0.27869707345962524; 1.289774775505066; 0.06592757999897003; 
274; -0.47031456232070923; 0.5500701665878296; 0.34907233715057373; -0.2962380051612854; 1.4063618183135986; 0.22058941423892975; 
270; -0.34353363513946533; 0.5144178867340088; 0.2618887424468994; -0.2159760445356369; 1.2339473962783813; 0.06540236622095108; 
250; -0.26548323035240173; 0.17445217072963715; 0.2733249068260193; -0.2676779627799988; 1.2794935703277588; 0.0994839072227478; 
247; -0.15638411045074463; 0.3498896062374115; 0.28474682569503784; -0.3056466281414032; 1.284529209136963; 0.14809751510620117; 
285; -0.23906931281089783; 0.2938880920410156; 0.4600214958190918; -0.3489062786102295; 1.1353956460952759; 0.32504701614379883; 
279; -0.6206204891204834; 0.5386568307876587; 0.33801016211509705; -0.24719449877738953; 1.3022801876068115; 0.1409831941127777; 
287; -0.4383434057235718; 0.7787912487983704; 0.4839436709880829; -0.3117995858192444; 1.3604813814163208; 0.1292211413383484; 
290; -0.39551836252212524; 0.6462752819061279; 0.45539388060569763; -0.304370254278183; 1.2552781105041504; 0.22061879932880402; 
291; -0.32618406414985657; 0.23219463229179382; 0.24921810626983643; -0.13111989200115204; 1.4173920154571533; 0.1847859025001526; 
300; -0.25132620334625244; 0.5026023387908936; 0.4296320974826813; -0.16539961099624634; 1.154962182044983; 0.09075477719306946; 
281; -0.9067347645759583; 0.679337203502655; 0.029306232929229736; -0.3959522843360901; 1.35652494430542; 0.03698646277189255; 
298; -0.4472905993461609; 0.14029835164546967; 0.5747941732406616; -0.35977861285209656; 1.2444438934326172; 0.1757211983203888; 
286; -0.1824006736278534; 0.624901294708252; 0.28745037317276; -0.19328147172927856; 1.3681644201278687; 0.03653234243392944; 
289; -0.44249701499938965; 0.5315839052200317; 0.33168792724609375; -0.1441485732793808; 1.3591488599777222; 0.07843360304832458; 
283; -0.23986774682998657; 0.3409282863140106; 0.4984400272369385; -0.20669612288475037; 1.2998998165130615; 0.255494624376297; 
302; -0.3677422106266022; 0.46489691734313965; 0.4384359121322632; -0.30729392170906067; 1.2165471315383911; -0.016429990530014038; 
292; -0.4161749482154846; 0.5644941926002502; 0.2428603172302246; -0.27526676654815674; 1.3308459520339966; 0.10539975762367249; 
277; -0.44296616315841675; 0.2916201949119568; 0.36359813809394836; -0.14613820612430573; 1.3629564046859741; 0.12068723142147064; 
268; -0.26472291350364685; 1.0027531385421753; 0.6231346130371094; -0.18358179926872253; 1.2592599391937256; 0.11788556724786758; 
306; -0.7058476209640503; 0.4431397020816803; 0.4823036789894104; -0.41140833497047424; 1.1905617713928223; 0.045608460903167725; 
296; -0.34721386432647705; 0.3841681182384491; 0.5620554685592651; -0.2464613914489746; 1.1957660913467407; -0.028719857335090637; 
278; -0.5701432228088379; 0.5000638365745544; 0.41784894466400146; -0.18163689970970154; 1.2629753351211548; 0.12394920736551285; 
257; 0.1326034665107727; 0.7074160575866699; 0.6906497478485107; -0.17890231311321259; 1.1714775562286377; -0.008376121520996094; 
284; -0.2570827603340149; 0.5400049090385437; 0.6684919595718384; -0.2950453758239746; 1.1842840909957886; 0.02980649471282959; 
272; -0.49266842007637024; 0.6107632517814636; 0.11497347056865692; -0.28118300437927246; 1.2148053646087646; 0.18259330093860626; 
308; -0.3504820466041565; 0.7374483346939087; 0.5733291506767273; -0.2190888673067093; 1.4079680442810059; 0.1440097987651825; 
273; -1.1559762954711914; 0.468301922082901; 0.5962068438529968; -0.26264896988868713; 1.1428208351135254; 0.09047161787748337; 
280; -0.12057971954345703; 0.7980255484580994; 0.4707627594470978; -0.1712665855884552; 1.4661420583724976; 0.12852096557617188; 
315; -0.19591131806373596; 0.6481942534446716; 0.2247578203678131; -0.2831838130950928; 1.3601771593093872; -0.03728364408016205; 
259; -0.6181429028511047; 0.6042816638946533; 0.1810833364725113; -0.21790266036987305; 1.146982192993164; 0.06795108318328857; 
307; -0.40801095962524414; 0.515242338180542; 0.014468163251876831; -0.2977425754070282; 1.3296091556549072; 0.14492720365524292; 
297; -0.354844331741333; 0.2810356914997101; 0.3309265077114105; -0.17331187427043915; 1.2909412384033203; 0.24177375435829163; 
309; -0.6087667942047119; 0.7027900218963623; 0.4780464470386505; -0.1503007560968399; 1.2487510442733765; 0.0899123102426529; 
310; -0.4247339069843292; 0.3124416470527649; 0.6614235043525696; -0.13839799165725708; 1.3499168157577515; 0.2731035351753235; 
288; -0.40357691049575806; 0.4719340205192566; 0.6471390724182129; -0.19495326280593872; 1.1787015199661255; 0.11101233214139938; 
301; -0.3476523756980896; 0.873624324798584; 0.37584027647972107; -0.32251179218292236; 1.2998043298721313; 0.09717828780412674; 
304; -0.504854142665863; 0.5805251002311707; 0.22452691197395325; -0.22002758085727692; 1.1800825595855713; 0.11711324751377106; 
312; -0.5510966181755066; 0.523939847946167; 0.4555051028728485; -0.2892181873321533; 1.3233509063720703; 0.029361791908740997; 
305; -0.8257943391799927; 0.5168762803077698; 0.2823294997215271; -0.21924865245819092; 1.1875717639923096; 0.2558865547180176; 
255; -0.33781227469444275; 0.6814895272254944; 0.4191353917121887; -0.28931236267089844; 1.203413486480713; 0.034593068063259125; 
271; -0.012054026126861572; 0.3924825191497803; 0.42143160104751587; -0.12848900258541107; 1.3470746278762817; 0.13840919733047485; 
295; -0.41606441140174866; 0.569985032081604; 0.25964462757110596; -0.2029028981924057; 1.3929002285003662; 0.04154542088508606; 
316; -0.48554256558418274; 0.6701038479804993; 0.40239569544792175; -0.21154697239398956; 1.3395605087280273; 0.176108255982399; 
314; -0.26781952381134033; 0.798444390296936; 0.6289525032043457; -0.24921727180480957; 1.224988341331482; 0.14085699617862701; 
299; -0.513539731502533; 0.39570352435112; 0.26813018321990967; -0.1895619034767151; 1.3742778301239014; 0.2114802896976471; 
323; -0.1203610897064209; 0.6500124931335449; 0.1459079533815384; -0.2750941514968872; 1.3712066411972046; 0.07590515911579132; 
331; -0.3738393485546112; 0.5434250831604004; 0.12703117728233337; -0.15672455728054047; 1.2727670669555664; 0.15394990146160126; 
326; -0.3415911793708801; 0.11550800502300262; 0.15375389158725739; -0.25519630312919617; 1.2399897575378418; 0.15820106863975525; 
311; -0.35760003328323364; 0.5209521651268005; 0.6108882427215576; -0.27869856357574463; 1.2954003810882568; 0.036879345774650574; 
313; -0.2181997001171112; 0.573318362236023; 0.12740007042884827; -0.2106558382511139; 1.259963870048523; 0.08411532640457153; 
327; 0.12014585733413696; 0.5445492267608643; 0.38400158286094666; -0.28586071729660034; 1.2698076963424683; 0.26465633511543274; 
341; -0.518989086151123; 0.3453597128391266; 0.8227049112319946; -0.28158503770828247; 1.2185372114181519; 0.2258007675409317; 
334; -0.40038153529167175; 0.44645771384239197; 0.22355467081069946; -0.2961565852165222; 1.2650532722473145; 0.047665029764175415; 
319; -0.4272032082080841; 0.3985936939716339; 0.4249493479728699; -0.20334477722644806; 1.301614761352539; 0.1519339680671692; 
330; -0.7023569345474243; 0.6085960268974304; 0.4269806146621704; -0.21475140750408173; 1.2027455568313599; 0.07992585003376007; 
317; -0.3557628095149994; 0.6140265464782715; 0.1596735566854477; -0.27187585830688477; 1.1924015283584595; 0.02113167941570282; 
328; -0.7463889718055725; 0.18365570902824402; 0.44527941942214966; -0.19815483689308167; 1.1472796201705933; 0.2689962089061737; 
336; -0.307914137840271; 0.5636990070343018; 0.37981802225112915; -0.16428427398204803; 1.1454910039901733; 0.15919294953346252; 
332; -0.2546226680278778; 0.6669775247573853; 0.532416820526123; -0.16257444024085999; 1.0680290460586548; 0.1943608671426773; 
303; -0.2738505005836487; 0.544472336769104; 0.28550416231155396; -0.20037639141082764; 1.0983123779296875; 0.1168813407421112; 
325; -0.5078631639480591; 0.6693853139877319; 0.17480601370334625; -0.30754411220550537; 1.2798339128494263; 0.13516582548618317; 
320; -0.5648133754730225; 0.3543473184108734; 0.4102519452571869; -0.38608378171920776; 1.2712390422821045; 0.06983686983585358; 
324; -0.39377498626708984; 0.7031835317611694; 0.16853918135166168; -0.31823378801345825; 1.262508511543274; 0.18977639079093933; 
318; -0.5018855333328247; 0.3619440197944641; 0.431931734085083; -0.1499175727367401; 1.2091846466064453; 0.13904023170471191; 
329; -0.23064681887626648; 0.6111912727355957; 0.4231738746166229; -0.19608864188194275; 1.2827261686325073; 0.09261193871498108; 
322; -0.7212247848510742; 0.5027194619178772; 0.32406726479530334; -0.16362756490707397; 1.2520631551742554; 0.1671103984117508; 
357; -0.10111606121063232; 0.6997376680374146; 0.3557130694389343; -0.20422157645225525; 1.2100510597229004; 0.16333764791488647; 
335; -0.40021538734436035; 0.5635796189308167; 0.3401051461696625; -0.27489617466926575; 1.201252818107605; 0.026364296674728394; 
351; -0.2496386468410492; 0.4341169595718384; 0.5369946956634521; -0.35613471269607544; 1.3966054916381836; 0.18600252270698547; 
337; -0.6995112299919128; 0.3762197494506836; 0.31840693950653076; -0.3391799330711365; 1.177460789680481; 0.282021164894104; 
356; -0.5310196876525879; 0.5560153126716614; 0.3050367832183838; -0.2735443413257599; 1.3294577598571777; 0.10423737019300461; 
343; -0.16177532076835632; 0.7768324613571167; 0.18784219026565552; -0.34922367334365845; 1.3574693202972412; 0.11475776880979538; 
339; -0.26975151896476746; 0.5022374987602234; 0.28151848912239075; -0.3427867591381073; 1.184128999710083; 0.021331623196601868; 
366; -0.5845834612846375; 0.9370400905609131; 0.13482628762722015; -0.2786887586116791; 1.3103899955749512; -0.02182088792324066; 
352; -0.23253723978996277; 0.49236369132995605; 0.3972419202327728; -0.3063625693321228; 1.1550743579864502; -0.0866570919752121; 
349; -0.24126124382019043; 0.5330854058265686; 0.39081647992134094; -0.28981056809425354; 1.2071322202682495; 0.21238017082214355; 
344; -0.7130833864212036; 0.36515143513679504; 0.4440900981426239; -0.22695261240005493; 1.186344861984253; -0.015245892107486725; 
347; -0.3105568587779999; 0.48773932456970215; 0.5997818112373352; -0.1523294746875763; 1.2861288785934448; 0.1165965348482132; 
346; -0.2764365077018738; 0.6830013990402222; 0.25843045115470886; -0.176600843667984; 1.1860843896865845; 0.13810405135154724; 
350; -0.47181442379951477; 0.8828309774398804; 0.47805795073509216; -0.24719256162643433; 1.1611552238464355; 0.05659528076648712; 
338; -0.29624462127685547; 0.2538207173347473; 0.28532928228378296; -0.23321808874607086; 1.0811442136764526; 0.11626020073890686; 
348; -0.5290281772613525; 0.423510879278183; 0.09484726190567017; -0.2731539011001587; 1.2085546255111694; 0.1385420560836792; 
369; -0.22800388932228088; 0.479929119348526; 0.4175226092338562; -0.1378200203180313; 1.249239444732666; 0.1629369854927063; 
342; -0.2949617803096771; 0.278560996055603; 0.7483001947402954; -0.07701991498470306; 1.191719889640808; 0.18205417692661285; 
360; -0.572482705116272; 0.8131195306777954; 0.31943219900131226; -0.23697489500045776; 1.2623388767242432; -0.0018777996301651; 
345; -0.4287278652191162; 0.5077806711196899; 0.42143645882606506; -0.304524302482605; 1.3277764320373535; 0.2672356963157654; 
355; -0.19058513641357422; 0.540027379989624; 0.44464683532714844; -0.371823251247406; 1.2888729572296143; 0.1059112623333931; 
372; -0.5980160236358643; 0.6206264495849609; 0.6410993337631226; -0.20273859798908234; 1.218682885169983; 0.16834622621536255; 
370; -0.49563655257225037; 0.5617676973342896; 0.05107617378234863; -0.3215635120868683; 1.3045728206634521; 0.07001107186079025; 
364; -0.25518307089805603; 0.954380989074707; 0.32575368881225586; -0.21030494570732117; 1.2744600772857666; 0.15387511253356934; 
368; -0.22581511735916138; 0.7416731119155884; 0.3113909661769867; -0.37845683097839355; 1.3450586795806885; 0.1607828587293625; 
367; -0.15277138352394104; 0.7837162017822266; 0.573646605014801; -0.11216363310813904; 1.2827683687210083; 0.10733215510845184; 
379; -0.415054053068161; 0.6499598026275635; 0.32025235891342163; -0.37832847237586975; 1.3030695915222168; 0.18901868164539337; 
354; -0.488552987575531; 0.7365157604217529; 0.4150659739971161; -0.19878904521465302; 1.3605997562408447; 0.16149668395519257; 
333; -0.47902971506118774; 0.6810774803161621; 0.7390093803405762; -0.3710440993309021; 1.1949176788330078; -0.0005203336477279663; 
377; -0.5217168927192688; 0.7660433650016785; 0.3781304657459259; -0.2609066069126129; 1.247220516204834; 0.15837207436561584; 
; 
321; 0.16333645582199097; 0.48009318113327026; 0.20457300543785095; -0.28220805525779724; 1.4070158004760742; 0.13112273812294006; 
362; -0.6239784359931946; 0.7313828468322754; 0.41801929473876953; -0.2602519989013672; 1.3934693336486816; 0.21475094556808472; 
340; -0.38615891337394714; 0.6289509534835815; 0.4529581069946289; -0.16947586834430695; 1.333404541015625; 0.14532896876335144; 
376; -0.7135756015777588; 0.6943662166595459; 0.6100382804870605; -0.3824830949306488; 1.3380515575408936; 0.1935618668794632; 
373; -0.2876702547073364; 0.33188316226005554; 0.44371360540390015; -0.07827338576316833; 1.400060772895813; 0.1948290318250656; 
375; -0.6643738150596619; 0.2862253189086914; 0.4932842254638672; -0.3024759888648987; 1.2094694375991821; 0.08291049301624298; 
391; -0.46393969655036926; 0.4648537039756775; 0.36284738779067993; -0.11304786801338196; 1.3424150943756104; 0.06567950546741486; 
363; -0.5298410654067993; 0.6384248733520508; 0.17578130960464478; -0.18636059761047363; 1.1174675226211548; 0.07357598096132278; 
378; -0.4061723053455353; 0.8867601156234741; 0.4504801034927368; -0.18098901212215424; 1.2073650360107422; 4.056096076965332e-05; 
380; -0.18190699815750122; 0.4984065890312195; 0.17268280684947968; -0.23794597387313843; 1.2730963230133057; 0.059260621666908264; 
374; -0.40859681367874146; 0.47156062722206116; 0.11731624603271484; -0.30348920822143555; 1.1875344514846802; 0.14976629614830017; 
397; -0.24781471490859985; 0.5269129872322083; 0.32014089822769165; -0.2865277826786041; 1.3464275598526; 0.1977730691432953; 
388; -0.41970282793045044; 0.9271955490112305; 0.45399022102355957; -0.38436752557754517; 1.1776084899902344; 0.18210455775260925; 
385; -0.5197086334228516; 0.3436005711555481; 0.35173287987709045; -0.31803855299949646; 1.2376104593276978; 0.15541987121105194; 
389; -0.48112908005714417; 0.6196757555007935; -0.15384244918823242; -0.20812146365642548; 1.343335747718811; 0.09607990831136703; 
371; -0.2892637252807617; 0.6193346977233887; 0.6042664051055908; -0.3049483299255371; 1.2664756774902344; 0.24099215865135193; 
390; -0.3688608407974243; 0.6594090461730957; 0.38364124298095703; -0.14979121088981628; 1.3020349740982056; 0.061303332448005676; 
403; -0.4271875321865082; 0.3747234344482422; 0.280093789100647; -0.2585514783859253; 1.3066043853759766; 0.1366436779499054; 
395; -0.5656812191009521; 0.34968653321266174; 0.35392504930496216; -0.21010428667068481; 1.1836843490600586; 0.14044862985610962; 
359; -0.30445244908332825; 0.7594367265701294; 0.311445415019989; -0.2734202742576599; 1.1760997772216797; 0.047110699117183685; 
393; -0.48561400175094604; 0.6594802141189575; 0.21369655430316925; -0.1992315798997879; 1.179771900177002; 0.18162454664707184; 
382; -0.09465304017066956; 0.41003143787384033; 0.3174095153808594; -0.3882867693901062; 1.232763409614563; 0.02810545265674591; 
402; -0.5226249694824219; 0.6826423406600952; 0.1832195520401001; -0.2220577895641327; 1.2998104095458984; 0.013991713523864746; 
404; -0.46032091975212097; 0.30398595333099365; 0.35495099425315857; -0.30508631467819214; 1.279447078704834; 0.1526636779308319; 
384; -0.018261849880218506; 0.6644443273544312; 0.2749413847923279; -0.17844097316265106; 1.3108996152877808; 0.1213299036026001; 
361; -0.44023701548576355; 0.5860545635223389; 0.2003588080406189; -0.21121613681316376; 1.0992616415023804; 0.14037352800369263; 
358; -0.48372286558151245; 0.6915131211280823; -0.2523241341114044; -0.22619454562664032; 1.2571420669555664; 0.013907864689826965; 
383; -0.3720957636833191; 0.6229704022407532; 0.4442487955093384; -0.2406778782606125; 1.3524367809295654; 0.03611002862453461; 
420; -0.27954140305519104; 0.4508287310600281; 0.03558492660522461; -0.20860260725021362; 1.1330316066741943; 0.07803723961114883; 
418; -0.641355037689209; 0.6127011775970459; 0.2450070083141327; -0.2670183777809143; 1.2942142486572266; 0.2199704945087433; 
392; -0.37489527463912964; 0.5696506500244141; 0.5824970602989197; -0.2438582330942154; 1.1550804376602173; 0.16786092519760132; 
409; -0.6408798098564148; 0.6140640377998352; 0.42125001549720764; -0.3470068871974945; 1.2126749753952026; 0.3590638339519501; 
398; -0.11665570735931396; 0.5438756346702576; 0.44137340784072876; -0.3372526168823242; 1.1050533056259155; 0.2058967649936676; 
406; -0.7018383145332336; 0.31801727414131165; 0.01505213975906372; -0.26949363946914673; 1.1478748321533203; 0.0046396404504776; 
411; -0.08531433343887329; 0.5711811780929565; 0.5256306529045105; -0.18590953946113586; 1.3181743621826172; 0.11000487953424454; 
413; -1.1238555908203125; 0.7239542007446289; 0.47864383459091187; -0.17742110788822174; 1.2328212261199951; 0.11060696095228195; 
381; -0.4254301190376282; 0.5490420460700989; 0.22638389468193054; -0.19838115572929382; 1.2348397970199585; 0.059667401015758514; 
425; -0.4924076199531555; 0.5554615259170532; 0.003274589776992798; -0.28047674894332886; 1.1838245391845703; 0.0656685084104538; 
365; -0.5553074479103088; 0.4985932409763336; -0.21717268228530884; -0.2008908987045288; 1.312488317489624; 0.1226847916841507; 
394; -0.2964893579483032; 0.5186179280281067; 0.15937721729278564; -0.3704648017883301; 1.16834557056427; 0.15059666335582733; 
412; -0.5053280591964722; 0.4687574505805969; 0.0932341068983078; -0.15911933779716492; 1.1136369705200195; 0.23826059699058533; 
396; -0.77393639087677; 0.28144896030426025; 0.7445757985115051; -0.23078452050685883; 1.187162160873413; 0.23903456330299377; 
400; -0.19703170657157898; 0.13134565949440002; 0.32696112990379333; -0.23781725764274597; 1.316232681274414; -0.043614789843559265; 
410; -0.16677191853523254; 0.581628680229187; 0.6638447046279907; -0.3152606785297394; 1.1614599227905273; 0.22285392880439758; 
405; -0.5695021152496338; 0.6967884302139282; 0.5512179732322693; -0.17423993349075317; 1.309485673904419; 0.09868226945400238; 
407; -0.3617365062236786; 0.6079480051994324; 0.49739909172058105; -0.2760750651359558; 1.3059139251708984; 0.06278117001056671; 
427; -0.42259496450424194; 0.4475569725036621; 0.40069451928138733; -0.2936910092830658; 1.3041682243347168; 0.05537143349647522; 
421; -0.3591984510421753; 0.3505086600780487; 0.3934020698070526; -0.39173436164855957; 1.1815379858016968; 0.12769243121147156; 
422; -0.16610980033874512; 0.2889831066131592; 0.3499744236469269; -0.2176147699356079; 1.292931079864502; 0.1518430858850479; 
428; -0.15205320715904236; 0.5419472455978394; 0.3227822780609131; -0.24358776211738586; 1.1522979736328125; 0.14469437301158905; 
419; -0.5954212546348572; 0.381798654794693; 0.13208697736263275; -0.13698267936706543; 1.157549500465393; 0.009951755404472351; 
417; -0.4578617513179779; 0.34125056862831116; 0.2569253444671631; -0.3397538661956787; 1.2216432094573975; 0.007728204131126404; 
426; -0.2377290427684784; 0.44773536920547485; 0.5000821352005005; -0.1606898456811905; 1.305212378501892; 0.04270108789205551; 
434; -0.3472364544868469; 0.3728526532649994; -0.25049102306365967; -0.23523327708244324; 1.2021242380142212; 0.2595652937889099; 
438; -0.272491991519928; 0.6914066672325134; 0.6276788711547852; -0.1349542737007141; 1.3182616233825684; 0.15243461728096008; 
431; -0.2714490592479706; 0.5414908528327942; -0.0003374814987182617; -0.2143038958311081; 1.0895256996154785; 0.19823205471038818; 
401; -0.5452651381492615; 0.5911182165145874; 0.3232131898403168; -0.28234344720840454; 1.3774752616882324; 0.0087815523147583; 
442; -0.15105319023132324; 0.4793187379837036; 0.2678378224372864; -0.29394078254699707; 1.3857982158660889; 0.2525598406791687; 
423; -0.5255551338195801; 0.5858995914459229; 0.1999509036540985; -0.28737711906433105; 1.195422887802124; 0.18766069412231445; 
387; -0.1416529417037964; 0.7816141843795776; 0.3064899146556854; -0.29609671235084534; 1.155989170074463; 0.12856049835681915; 
443; -0.5177932977676392; 0.5812839269638062; 0.04972553253173828; -0.20638088881969452; 1.2450158596038818; 0.21591179072856903; 
444; -0.5201795697212219; 0.5089818239212036; 0.30530238151550293; -0.3715217113494873; 1.2701876163482666; 0.14988188445568085; 
432; -0.09918361902236938; 0.29641392827033997; 0.05564677715301514; -0.2733842730522156; 1.210715889930725; 0.04964415729045868; 
399; -0.5182005763053894; 0.3824777603149414; 0.3255116641521454; -0.2005445510149002; 1.2772464752197266; 0.13839298486709595; 
437; -0.29995715618133545; 0.45449715852737427; 0.22269490361213684; -0.283820241689682; 1.1420605182647705; 0.16019007563591003; 
436; -0.5671254992485046; 0.7558164596557617; 0.2664168179035187; -0.1781899482011795; 1.2670848369598389; 0.09680919349193573; 
439; -0.2805282175540924; 0.8022428750991821; 0.4335309863090515; -0.3134227991104126; 1.2398728132247925; 0.07406794279813766; 
408; -0.35346007347106934; 0.8149542808532715; 0.6481045484542847; -0.1742769181728363; 1.237138271331787; 0.10332363098859787; 
445; -0.3537555932998657; 0.7419494390487671; 0.15283040702342987; -0.30191725492477417; 1.1740360260009766; 0.15054365992546082; 
440; -0.4306706488132477; 0.6103003621101379; 0.16694022715091705; -0.24376294016838074; 1.10328209400177; 0.13831210136413574; 
414; -0.175857275724411; 1.1134779453277588; 0.6413434743881226; -0.178309366106987; 1.3267838954925537; 0.1760522723197937; 
386; -0.7902851104736328; 0.26532602310180664; 0.47784358263015747; -0.32754814624786377; 1.3009593486785889; -0.053656935691833496; 
459; -0.19157648086547852; 0.558773398399353; 0.5684393048286438; -0.16696371138095856; 1.2941356897354126; 0.17586955428123474; 
454; -0.3894560933113098; 0.5919516086578369; 0.34492260217666626; -0.2609614133834839; 1.3017656803131104; 0.35711681842803955; 
452; 0.16874149441719055; 0.5843780040740967; 0.34641435742378235; -0.3338979482650757; 1.0500777959823608; 0.19983699917793274; 
430; -0.5127976536750793; 0.45721331238746643; 0.6061127185821533; -0.22158539295196533; 1.2744032144546509; 0.23221343755722046; 
441; -0.31333795189857483; 0.46835923194885254; 0.46852707862854004; -0.26099488139152527; 1.1022800207138062; 0.11055752635002136; 
450; -0.342192679643631; 0.3611677289009094; 0.2870074212551117; -0.09375962615013123; 1.4026719331741333; 0.11620081216096878; 
448; -0.32795292139053345; 0.7285745143890381; 0.29018881916999817; -0.3273429274559021; 1.1362444162368774; 0.2541947364807129; 
468; -0.9179450273513794; 0.5783493518829346; 0.16300587356090546; -0.25485479831695557; 1.3941415548324585; 0.11697312444448471; 
474; -0.3274494707584381; 0.5457150936126709; 0.5144340395927429; -0.26748013496398926; 1.240735650062561; 0.21486163139343262; 
416; -0.3576836585998535; 0.6471929550170898; 0.3069656491279602; -0.12128834426403046; 1.3195812702178955; 0.23868563771247864; 
467; -0.24061739444732666; 0.4405873715877533; 0.14867433905601501; -0.11226607859134674; 1.2457013130187988; 0.1912633180618286; 
453; -0.4315832853317261; 0.3900212049484253; 0.4609171748161316; -0.25066569447517395; 1.3236008882522583; 0.236433207988739; 
433; -0.5490235090255737; 0.43087440729141235; 0.4044683277606964; -0.26460427045822144; 1.2484238147735596; 0.16075633466243744; 
458; -0.0777783989906311; 0.4633781611919403; 0.46638479828834534; -0.09449157118797302; 1.1597188711166382; 0.2326723039150238; 
476; -0.5310300588607788; 0.3236696720123291; 0.20606213808059692; -0.26911237835884094; 1.2274019718170166; 0.1684148907661438; 
457; -0.4365943372249603; 0.4701070785522461; 0.18212579190731049; -0.12135377526283264; 1.1833845376968384; 0.20237532258033752; 
480; -0.9781544804573059; 0.4953610301017761; 0.49811941385269165; -0.36873626708984375; 1.3232109546661377; 0.18911316990852356; 
449; -0.06045761704444885; 0.3671285808086395; 0.4146842360496521; -0.2511206865310669; 1.1465139389038086; 0.21422624588012695; 
455; -0.03731107711791992; 0.5248086452484131; 0.1534956693649292; -0.2715412378311157; 1.4141044616699219; 0.19793757796287537; 
463; -0.3401933014392853; 0.3910907804965973; 0.6332293152809143; -0.31246498227119446; 1.241452693939209; 0.06266817450523376; 
456; -0.459801584482193; 0.531906008720398; 0.38549867272377014; -0.3962029814720154; 1.1314654350280762; 0.014679834246635437; 
415; -0.3424369990825653; 0.6050964593887329; -0.0628713071346283; -0.20454783737659454; 1.0843260288238525; 0.1177779883146286; 
451; -0.32069095969200134; 0.5960891842842102; 0.42363595962524414; -0.30456626415252686; 1.3259260654449463; 0.13740600645542145; 
470; -0.5098557472229004; 0.7488309741020203; 0.5121886730194092; -0.23496955633163452; 1.0772156715393066; 0.19381244480609894; 
466; -0.3881683349609375; 0.1419389247894287; 0.31889837980270386; -0.2720552980899811; 1.3297035694122314; 0.13624276220798492; 
460; -0.5886797904968262; 0.5488933324813843; 0.2414398044347763; -0.3207476735115051; 1.151661992073059; 0.08545877039432526; 
447; -0.600621223449707; 0.4521633982658386; 0.5700070858001709; -0.20054692029953003; 1.3256423473358154; 0.0623517781496048; 
461; -0.364307165145874; 0.2063177078962326; 0.23548626899719238; -0.24448427557945251; 1.4015711545944214; 0.1710030436515808; 
464; -0.24436765909194946; 0.4386335015296936; 0.554936408996582; -0.3592100143432617; 1.165380835533142; 0.015860065817832947; 
462; -0.5286551713943481; 0.5163143277168274; 0.20822261273860931; -0.28826645016670227; 1.1502809524536133; 0.11162248998880386; 
435; -0.2748391926288605; 0.33428627252578735; 0.15312430262565613; -0.2505185008049011; 1.1296913623809814; 0.07476966083049774; 
487; -0.16098105907440186; 0.41611501574516296; 0.5798577070236206; -0.15970678627490997; 1.2765103578567505; 0.19985297322273254; 
469; -0.2173934280872345; 0.6448858976364136; 0.3831908702850342; -0.10921624302864075; 1.207554578781128; 0.24748525023460388; 
424; -0.4089234471321106; 0.4612399935722351; 0.40441685914993286; -0.2681264281272888; 1.2062456607818604; 0.1431240290403366; 
483; -0.40741318464279175; 0.7283776998519897; 0.35701411962509155; -0.10771718621253967; 1.3461334705352783; 0.04743090271949768; 
477; -0.7728953957557678; 0.654245138168335; 0.5296944379806519; -0.22775010764598846; 1.1927402019500732; 0.06071781367063522; 
472; -0.3741346001625061; 0.6390196084976196; 0.44176536798477173; -0.31867516040802; 1.2719581127166748; 0.1814272105693817; 
471; -0.4103580713272095; 0.45052585005760193; 0.23347283899784088; -0.3294835090637207; 1.151394009590149; 0.05672250688076019; 
475; -0.7213044762611389; 0.4859631657600403; 0.2620595097541809; -0.15787801146507263; 1.3112074136734009; 0.006285838782787323; 
484; -0.4950312674045563; 0.6323326230049133; 0.4219058156013489; -0.08994501829147339; 1.1168296337127686; 0.07597489655017853; 
479; -0.5742194056510925; 0.5757806301116943; 0.4108680188655853; -0.34038931131362915; 1.2182914018630981; 0.23395173251628876; 
465; -0.555941104888916; 0.5274782180786133; 0.37344425916671753; -0.24172280728816986; 1.1955962181091309; 0.13588477671146393; 
429; -0.5866146087646484; 0.7745953798294067; 0.11748714745044708; -0.2946876287460327; 1.299460768699646; 0.07787233591079712; 
485; -0.7198395729064941; 0.48973870277404785; 0.3999347984790802; -0.26018619537353516; 1.2332043647766113; 0.08522391319274902; 
496; -0.36579054594039917; 0.5446144342422485; 0.17865796387195587; -0.07575654983520508; 1.2350454330444336; 0.02865016460418701; 
486; -0.3600270450115204; 0.5601789355278015; 0.14311771094799042; -0.2191782295703888; 1.2300336360931396; 0.16120825707912445; 
473; -0.20054960250854492; 0.6830582618713379; 0.3565361797809601; -0.3784824013710022; 1.2812532186508179; 0.18271856009960175; 
481; -0.5004544854164124; 0.5940515995025635; 0.12604254484176636; -0.18265658617019653; 1.2411623001098633; 0.25982919335365295; 
491; -0.251544713973999; 0.4274638593196869; 0.4461490511894226; -0.38672974705696106; 1.2317707538604736; 0.153333842754364; 
446; 0.03663259744644165; 0.8747900724411011; 0.3063805401325226; -0.1989925503730774; 1.2728793621063232; 0.08188920468091965; 
488; -0.5744122266769409; 0.6109538078308105; 0.2417723536491394; -0.13717021048069; 1.3292769193649292; 0.18758444488048553; 
478; -0.19914448261260986; 0.4201854169368744; 0.43666958808898926; -0.24465511739253998; 1.335081934928894; 0.19339367747306824; 
490; -0.712884783744812; 0.6159549951553345; 0.3883776068687439; -0.2039567530155182; 1.1832119226455688; 0.18180079758167267; 
493; -0.8612561225891113; 0.3747827708721161; 0.2655832767486572; -0.26547855138778687; 1.295538067817688; 0.07458540797233582; 
495; -0.21419218182563782; 0.7732409834861755; 0.4085945188999176; -0.31910109519958496; 1.3570951223373413; 0.021625518798828125; 
499; -0.40204742550849915; 0.6570174098014832; 0.016774415969848633; -0.17213842272758484; 1.2396514415740967; 0.1659030020236969; 
489; -0.25266799330711365; 0.3665528893470764; 0.49119892716407776; -0.1833314448595047; 1.2978907823562622; 0.15215258300304413; 
497; -0.5924464464187622; 0.30970004200935364; 0.29517102241516113; -0.26391270756721497; 1.204524040222168; 0.11589664220809937; 
482; -0.3641062378883362; 0.34030306339263916; 0.4220595359802246; -0.20374900102615356; 1.3774160146713257; 0.24611905217170715; 
498; -0.28323978185653687; 0.644630491733551; 0.3243885040283203; -0.38694101572036743; 1.371821403503418; 0.21759748458862305; 
494; -0.706501841545105; 0.5640985369682312; 0.35019052028656006; -0.35373881459236145; 1.1663250923156738; 0.1239582747220993; 
492; -0.29305627942085266; 0.7268837690353394; 0.4307674467563629; -0.28739121556282043; 1.2825008630752563; 0.25007086992263794; 
