26; -0.11134088039398193; 0.7278136014938354; 0.4856603145599365; -0.24661970138549805; 1.1927909851074219; 0.1819649487733841; 
35; -0.5636314749717712; 0.6300934553146362; 0.04560750722885132; -0.1221725344657898; 1.110835313796997; 0.08187668025493622; 
9; -0.44045236706733704; 0.44419220089912415; 0.1542484015226364; -0.18661870062351227; 1.129638433456421; 0.14875799417495728; 
40; -0.611639142036438; 0.5305308103561401; 0.14352886378765106; -0.1991419643163681; 1.044979214668274; 0.17240092158317566; 
25; -0.3319815695285797; 0.8016473650932312; 0.2864367663860321; -0.2046896368265152; 1.1916996240615845; 0.044227346777915955; 
20; -0.27912700176239014; 0.4651356041431427; 0.10920470952987671; -0.24115756154060364; 1.2994837760925293; 0.08812902122735977; 
3; -0.2726403474807739; 0.6061208248138428; 0.28123733401298523; -0.19572268426418304; 1.209296703338623; 0.12827448546886444; 
0; -0.4262367784976959; 0.5688369274139404; 0.4383033514022827; -0.3272061049938202; 1.2290446758270264; 0.12478917837142944; 
13; -0.4074280261993408; 0.16139283776283264; 0.7612349390983582; -0.2619157135486603; 1.2628487348556519; 0.3347281813621521; 
29; -0.20204108953475952; 0.6375547647476196; 0.4834822714328766; -0.11497056484222412; 1.2868565320968628; 0.12885427474975586; 
39; -0.47563523054122925; 0.42345187067985535; 0.4064129590988159; -0.17676137387752533; 1.3329440355300903; 0.19422774016857147; 
21; -0.15768536925315857; 0.4842348098754883; 0.30606240034103394; -0.20576053857803345; 1.0024821758270264; 0.20792081952095032; 
38; -0.38715776801109314; 0.7857376933097839; 0.06846645474433899; -0.27934762835502625; 1.208069086074829; 0.008901670575141907; 
24; -0.3938981294631958; 0.7093545198440552; 0.41883546113967896; -0.235092431306839; 1.161860466003418; 0.19791200757026672; 
33; -0.45135754346847534; 0.5376583933830261; 0.5120401382446289; -0.2874831259250641; 1.196429967880249; 0.13055521249771118; 
6; -0.22952190041542053; 0.7405402660369873; 0.28903841972351074; -0.224481001496315; 1.2085907459259033; 0.14817705750465393; 
49; -0.3988395631313324; 0.6544672250747681; 0.4154469966888428; -0.35143041610717773; 1.2990622520446777; 0.21242031455039978; 
36; -0.33945369720458984; 0.5338006019592285; 0.2768535315990448; -0.16059954464435577; 1.1025516986846924; 0.14398056268692017; 
19; -0.5612925291061401; 0.3294648826122284; 0.26246708631515503; -0.20663897693157196; 1.3285242319107056; 0.1138048991560936; 
37; -0.9936094880104065; 0.4425837993621826; 0.2078632265329361; -0.3046944737434387; 1.2038482427597046; 0.1958324909210205; 
47; -0.27207913994789124; 0.5511666536331177; 0.4349101483821869; -0.18818463385105133; 1.0929994583129883; 0.13523165881633759; 
28; -0.2705766558647156; 0.7129954099655151; 0.47783786058425903; -0.16144658625125885; 1.2253743410110474; 0.04072490334510803; 
15; -0.8134945034980774; 0.5172942876815796; 0.41819918155670166; -0.2547229528427124; 1.231213092803955; 0.10507407784461975; 
41; -0.3188880681991577; 0.6188274621963501; 0.7087962627410889; -0.13620764017105103; 1.1594353914260864; 0.31241828203201294; 
43; -0.23879966139793396; 0.5743479132652283; 0.5133847594261169; -0.29234981536865234; 1.1450738906860352; 0.022535599768161774; 
7; -1.0388201475143433; 0.38089868426322937; 0.5590011477470398; -0.15430112183094025; 1.1815532445907593; 0.06056501343846321; 
10; -0.3732507824897766; 0.6250383853912354; 0.08960050344467163; -0.18804901838302612; 1.2472611665725708; 0.24974268674850464; 
8; -0.05872577428817749; 0.35432830452919006; 0.27559688687324524; -0.2581758201122284; 1.4639723300933838; 0.12969595193862915; 
18; -0.4939218759536743; 0.5082005262374878; -0.10378462076187134; -0.14187456667423248; 1.2432821989059448; 0.25672852993011475; 
46; -0.9695563912391663; 0.502147376537323; 0.5097420811653137; -0.2452949583530426; 1.1774804592132568; 0.05421191453933716; 
23; -0.14720863103866577; 0.4355353116989136; 0.3154183626174927; -0.22743342816829681; 1.4032515287399292; 0.22253459692001343; 
34; -0.2784003019332886; 0.7319141030311584; 0.3007003366947174; -0.2337653934955597; 1.2715429067611694; 0.09153512865304947; 
2; -0.5816370844841003; 0.6501561403274536; 0.37457555532455444; -0.18547779321670532; 1.1727054119110107; 0.1683562844991684; 
4; -0.4485839605331421; 0.4106423556804657; 0.3881126940250397; -0.25006842613220215; 1.289236307144165; 0.110929936170578; 
30; -0.3205776810646057; 0.4998295307159424; 0.1199844479560852; -0.04123765230178833; 1.4328500032424927; 0.22356773912906647; 
22; -0.2862206697463989; 0.39680564403533936; 0.22236819565296173; -0.14537131786346436; 1.0845401287078857; 0.24805007874965668; 
48; -0.639021098613739; 0.3744153380393982; 0.5600726008415222; -0.20252688229084015; 1.2406635284423828; 0.04899193346500397; 
5; -0.6631555557250977; 0.5136858224868774; 0.415852814912796; -0.2648006081581116; 1.3576536178588867; 0.05271023511886597; 
42; -0.545876681804657; 0.4564610421657562; 0.1137305349111557; -0.26284128427505493; 1.279221534729004; 0.06265612691640854; 
14; -0.2042882740497589; 0.5518230199813843; 0.5690150260925293; -0.22260098159313202; 1.225504994392395; 0.07114099711179733; 
45; -0.044448673725128174; 0.6745880842208862; 0.533240795135498; -0.2782684564590454; 1.2474708557128906; 0.21334592998027802; 
11; -0.5466758012771606; 0.4249882698059082; 0.5927467346191406; -0.1445385217666626; 1.097956895828247; 0.18116450309753418; 
27; -0.7218284606933594; 0.6255888938903809; 0.20339332520961761; -0.1762351244688034; 1.2472474575042725; 0.22274117171764374; 
1; -0.4067826271057129; 0.5075494647026062; 0.24099233746528625; -0.30298876762390137; 1.2772375345230103; 0.15434041619300842; 
32; -0.24051156640052795; 0.3605079650878906; 0.21914257109165192; -0.11211657524108887; 1.4111520051956177; 0.12548865377902985; 
16; -0.6023952960968018; 0.8271936774253845; 0.19801296293735504; -0.3318029046058655; 1.3301582336425781; 0.11777888983488083; 
12; -0.39977651834487915; 0.8531100153923035; 0.30710336565971375; -0.27498549222946167; 1.1973572969436646; 0.33476436138153076; 
17; -0.29466405510902405; 0.7077406644821167; 0.08345764875411987; -0.2534143626689911; 1.1690703630447388; 0.16878964006900787; 
31; -0.1357327103614807; 0.5620417594909668; 0.28188180923461914; -0.3505624532699585; 1.1358976364135742; 0.07401331514120102; 
44; -0.1443205177783966; 0.6991606950759888; 0.5682588815689087; -0.2613380253314972; 1.4305864572525024; 0.21845871210098267; 
50; -0.17866218090057373; 0.6405032277107239; 0.28926318883895874; -0.4198415279388428; 1.143074870109558; 0.24600453674793243; 
88; -0.8130428194999695; 0.465358167886734; 0.1478733867406845; -0.22638694941997528; 1.301853895187378; 0.2642269730567932; 
51; -0.3457745313644409; 0.5964168310165405; 0.2179703265428543; -0.14966054260730743; 1.1872990131378174; 0.08513589203357697; 
54; -0.5263301134109497; 0.3219189941883087; 0.24974963068962097; -0.2439909428358078; 1.276023268699646; -0.009648457169532776; 
52; -0.37775909900665283; 0.3401249945163727; 0.21990236639976501; -0.04916301369667053; 1.1788489818572998; 0.15951693058013916; 
59; -0.592509388923645; 0.5146052837371826; 0.2957392930984497; -0.3363547623157501; 1.3997762203216553; 0.09421811997890472; 
95; 0.030593812465667725; 0.4137316048145294; 0.5144895315170288; -0.2098139077425003; 1.3978184461593628; 0.31604406237602234; 
96; -0.34516578912734985; 0.517723798751831; 0.2337314635515213; -0.24950581789016724; 1.2690166234970093; 0.10154234617948532; 
94; -0.09728935360908508; 0.540479838848114; 0.4250938296318054; -0.15374916791915894; 1.4215328693389893; -0.020547807216644287; 
100; -0.32510942220687866; 0.5344419479370117; 0.6577287316322327; -0.17908819019794464; 1.0975990295410156; 0.1534237414598465; 
98; -0.4794696271419525; 0.4282378852367401; 0.43413037061691284; -0.25785356760025024; 1.2883806228637695; 0.2345253825187683; 
97; -0.6803500652313232; 0.6651042103767395; 0.38610345125198364; -0.20735950767993927; 1.1135295629501343; 0.19700318574905396; 
65; -0.23897308111190796; 0.6962027549743652; 0.4617709815502167; -0.24547384679317474; 1.37054443359375; 0.14027084410190582; 
63; -0.3472512364387512; 0.7369998693466187; 0.6758676767349243; -0.22927159070968628; 1.3534502983093262; 0.21745139360427856; 
56; -0.5516023635864258; 0.3622509241104126; 0.3403480648994446; -0.29512113332748413; 1.152429223060608; 0.26290178298950195; 
60; -0.5513544082641602; 0.5880076289176941; 0.6022672057151794; -0.32044416666030884; 1.3667091131210327; 0.25484490394592285; 
58; -0.2014499306678772; 0.514185905456543; 0.36530783772468567; -0.38836222887039185; 1.2276701927185059; 0.10912811011075974; 
57; -0.48662227392196655; 0.41427847743034363; 0.19940409064292908; -0.23429517447948456; 1.279132604598999; 0.10530754923820496; 
61; -0.19533312320709229; 0.17952999472618103; 0.4661242961883545; -0.3514360189437866; 1.3517431020736694; 0.200475811958313; 
62; -0.30066677927970886; 0.39080703258514404; 0.25353512167930603; -0.19821451604366302; 1.209365963935852; 0.2602260112762451; 
64; -0.3189913034439087; 0.6204215288162231; 0.18732348084449768; -0.3389337658882141; 1.3372180461883545; 0.22409266233444214; 
91; -0.557826817035675; 0.7403370141983032; 0.2904024124145508; -0.2578655481338501; 1.238943338394165; 0.05164185166358948; 
71; -0.6310042142868042; 0.7249728441238403; 0.34820815920829773; -0.2430894821882248; 1.2665616273880005; 0.19908294081687927; 
77; -0.5070412158966064; 0.40662795305252075; 0.4568229019641876; -0.12621361017227173; 1.3350967168807983; 0.14587917923927307; 
93; -0.22019091248512268; 0.4991123080253601; 0.4126957952976227; -0.25825709104537964; 1.2919492721557617; 0.1314457207918167; 
89; -0.6049299240112305; 0.6451022028923035; 0.2555055022239685; -0.23290523886680603; 1.3747339248657227; 0.041036076843738556; 
92; -0.07678264379501343; 0.7028763294219971; 0.5779498815536499; -0.161338672041893; 1.1665035486221313; 0.24632373452186584; 
76; -0.16656145453453064; 0.4208783209323883; 0.5989041328430176; -0.18158429861068726; 1.1474741697311401; 0.1562984734773636; 
86; -0.7179607152938843; 0.9085602760314941; 0.028762727975845337; -0.1327509880065918; 1.3028035163879395; 0.13992688059806824; 
90; -0.4017114043235779; 0.11127865314483643; 0.469578355550766; -0.18464504182338715; 1.1669269800186157; 0.19259774684906006; 
82; -0.5526184439659119; 0.6268522143363953; 0.6759235858917236; -0.3034037947654724; 1.4586776494979858; 0.26971369981765747; 
69; -0.3969392776489258; 0.7259643077850342; -0.01646140217781067; -0.3353610038757324; 1.2054128646850586; 0.2720629870891571; 
84; -0.5751135945320129; 0.5292409658432007; 0.16330403089523315; -0.30640673637390137; 1.2124755382537842; 0.10107099264860153; 
53; -0.4713273346424103; 0.24092072248458862; 0.23065556585788727; -0.15308307111263275; 1.3049423694610596; 0.08114446699619293; 
70; -0.30288422107696533; 0.7323359251022339; -0.01815459132194519; -0.0989733636379242; 1.172039270401001; 0.11513935774564743; 
74; -0.36771219968795776; 0.6907899975776672; 0.27488675713539124; -0.3360458016395569; 1.3337798118591309; 0.08954399824142456; 
81; -0.14497250318527222; 0.709443211555481; 0.3840394914150238; -0.27717286348342896; 1.298691987991333; 0.14550822973251343; 
78; -0.41619017720222473; 0.19218333065509796; 0.5446773767471313; -0.06330744922161102; 1.1748892068862915; 0.12707573175430298; 
73; -0.46328550577163696; 0.15271815657615662; 0.5230642557144165; -0.30136600136756897; 1.3063271045684814; 0.04650464653968811; 
87; -0.3922320306301117; 0.4536195993423462; 0.39899903535842896; -0.22008121013641357; 1.476178526878357; 0.08796049654483795; 
99; -0.40295112133026123; 0.4883095622062683; 0.3092151880264282; -0.31487616896629333; 1.1585290431976318; 0.18877717852592468; 
80; -0.21569016575813293; 0.4925767183303833; 0.5724785923957825; -0.29515981674194336; 1.2691947221755981; 0.16622069478034973; 
79; -0.3740888237953186; 0.4361075162887573; 0.3461512327194214; -0.37695854902267456; 1.2398709058761597; 0.34030449390411377; 
72; -0.42870110273361206; 0.3952649235725403; 0.41791728138923645; -0.21763381361961365; 1.184969186782837; 0.11423386633396149; 
55; -0.8081292510032654; 0.7602963447570801; 0.24472536146640778; -0.44062596559524536; 1.262023687362671; 0.17781497538089752; 
75; -0.26494547724723816; 0.2538939118385315; 0.2864402234554291; -0.18307718634605408; 1.467606544494629; 0.23313628137111664; 
66; -0.6562131643295288; 0.39561668038368225; 0.20955102145671844; -0.26689520478248596; 1.301121473312378; 0.18103888630867004; 
67; -0.6699259281158447; 0.4184839725494385; 0.587295413017273; -0.18238060176372528; 1.2440712451934814; 0.1500660479068756; 
68; -0.1521555781364441; 0.3904263377189636; 0.2712312936782837; -0.27902987599372864; 1.345840334892273; 0.14844581484794617; 
85; -0.23809409141540527; 0.4657585620880127; 0.20407035946846008; -0.19440960884094238; 1.2410690784454346; 0.0493776798248291; 
83; -0.5394232273101807; 0.2503695487976074; 0.1326127052307129; -0.23115791380405426; 1.178966760635376; 0.20101791620254517; 
102; -0.40878063440322876; 0.5039830207824707; 0.330470472574234; -0.11518418788909912; 1.3497049808502197; 0.1024102121591568; 
101; 0.036483168601989746; 0.5482261180877686; 0.6327512264251709; -0.255897581577301; 1.1345278024673462; 0.12323279678821564; 
112; -0.41979748010635376; 0.3213426470756531; -0.3017657399177551; -0.319787859916687; 1.2168030738830566; -0.008887335658073425; 
109; -0.3901371359825134; 0.5036739706993103; 0.46056967973709106; -0.23325757682323456; 1.2980071306228638; 0.18371573090553284; 
105; -0.06209522485733032; 0.3744184374809265; 0.3751026690006256; -0.40909016132354736; 1.2172772884368896; 0.0665801465511322; 
107; -0.13656190037727356; 0.4469405710697174; 0.4421555995941162; -0.14092770218849182; 1.3524030447006226; 0.21302011609077454; 
117; -0.6484825611114502; 0.3877291679382324; 0.059033334255218506; -0.24687963724136353; 1.1553237438201904; 0.20724421739578247; 
114; -0.566390335559845; 0.7241172194480896; 0.27298101782798767; -0.2662851810455322; 1.217787504196167; 0.24944236874580383; 
119; -0.9149342775344849; 0.4029533863067627; 0.1923847198486328; -0.3873664140701294; 1.0905606746673584; 0.014501787722110748; 
108; -0.296764612197876; 0.912274956703186; 0.5647177696228027; -0.2921384572982788; 1.3814771175384521; 0.1576235294342041; 
116; -0.17649149894714355; 0.705163300037384; 0.6338273286819458; -0.21107327938079834; 1.2295278310775757; 0.11016404628753662; 
103; -0.3061232268810272; 0.7140896320343018; 0.2909014821052551; -0.19473597407341003; 1.1366784572601318; 0.11885488778352737; 
111; -0.7174471020698547; 0.3754980266094208; 0.33227550983428955; -0.2367541640996933; 1.242315649986267; 0.18049710988998413; 
113; -0.43774691224098206; 0.3494858145713806; 0.5869818329811096; -0.304335355758667; 1.2399452924728394; 0.2243015021085739; 
115; -0.23138189315795898; 0.48462456464767456; 0.33008551597595215; -0.22223050892353058; 1.3748059272766113; 0.31767743825912476; 
130; -0.47019821405410767; 0.6231655478477478; 0.24983704090118408; -0.1466953605413437; 1.3475388288497925; 0.1736801564693451; 
110; -0.1262238621711731; 0.4275209605693817; 0.3044268786907196; -0.23777657747268677; 1.30745267868042; 0.3190159797668457; 
106; -0.887485146522522; 0.5429031252861023; 0.49419063329696655; -0.22703981399536133; 1.4471312761306763; 0.26325181126594543; 
118; -0.3400577902793884; 0.6954599618911743; 0.3840748071670532; -0.1523849070072174; 1.205277681350708; 0.03150679171085358; 
123; -0.3584899306297302; 0.702861487865448; 0.5035876631736755; -0.23264169692993164; 1.358364224433899; 0.1049213707447052; 
131; -0.17890805006027222; 0.5806156992912292; 0.6326338052749634; -0.20105621218681335; 1.213132381439209; 0.06243785470724106; 
129; -0.6215280294418335; 0.5392508506774902; 0.1729874312877655; -0.2732032537460327; 1.4966562986373901; 0.21868517994880676; 
124; -0.7022102475166321; 0.8711380958557129; 0.30820396542549133; -0.05660723149776459; 1.2772583961486816; 0.08346747606992722; 
120; -0.33620092272758484; 0.6030956506729126; 0.26495251059532166; -0.2296055108308792; 1.3368843793869019; 0.16792002320289612; 
122; -0.3427012264728546; 0.4734605848789215; 0.11418434977531433; -0.30342304706573486; 1.3124215602874756; 0.31739872694015503; 
128; -0.602973461151123; 0.6234052777290344; -0.013458222150802612; -0.35323262214660645; 1.1236275434494019; 0.1272347867488861; 
121; -0.43914496898651123; 0.3123399615287781; -0.14016062021255493; -0.31433844566345215; 1.284488320350647; 0.17709796130657196; 
125; -0.5652055144309998; 0.9882213473320007; 0.5840389728546143; -0.13486522436141968; 1.2716981172561646; 0.261933833360672; 
126; -0.9807819724082947; 0.6427565217018127; 0.028635412454605103; -0.27248436212539673; 1.046272873878479; 0.1567572057247162; 
127; -0.975684404373169; 0.36257269978523254; 0.29358839988708496; -0.09351834654808044; 1.2300682067871094; 0.27189719676971436; 
104; -0.08039206266403198; 0.6156648397445679; 0.38522210717201233; -0.2527956962585449; 1.326441764831543; 0.04544024169445038; 
147; -0.5020262598991394; 0.6386621594429016; 0.5293053388595581; -0.13529382646083832; 1.325205683708191; 0.13792207837104797; 
132; -0.13156938552856445; 0.26898032426834106; 0.007249206304550171; -0.38393986225128174; 1.4057564735412598; 0.2303001582622528; 
146; -0.4911250174045563; 0.5552971363067627; 0.1719449758529663; -0.17626240849494934; 1.3282009363174438; 0.0067213550209999084; 
148; -0.20340323448181152; 0.6130768060684204; 0.4441468417644501; -0.02224801480770111; 1.2750191688537598; 0.03482408821582794; 
136; -0.4305735230445862; 0.6448250412940979; 0.7294656038284302; -0.14164720475673676; 1.28609037399292; 0.10161556303501129; 
135; -0.6216381788253784; 0.48182010650634766; 0.4676549434661865; -0.19958963990211487; 1.2326606512069702; 0.12099818885326385; 
133; -0.5632140040397644; 0.46925634145736694; 0.4144546687602997; -0.21610237658023834; 1.174321174621582; 0.22623205184936523; 
144; -0.46161970496177673; 0.7128794193267822; 0.19916324317455292; -0.17688599228858948; 1.3702181577682495; 0.16910922527313232; 
134; -0.3824187219142914; 0.14425954222679138; 0.5105116963386536; -0.1496092677116394; 1.216324806213379; 0.1894189566373825; 
137; -0.34234538674354553; 0.6823281645774841; 0.45380109548568726; -0.211233451962471; 1.2878501415252686; 0.16257891058921814; 
138; -0.37890759110450745; 0.31534963846206665; 0.29023048281669617; -0.3627987504005432; 1.3045673370361328; 0.16109523177146912; 
141; -0.39524272084236145; 0.5921456217765808; 0.33500146865844727; -0.19710911810398102; 1.2690585851669312; 0.33660757541656494; 
142; -0.4304145872592926; 0.7429879307746887; 0.3580735921859741; -0.32253867387771606; 1.1331064701080322; 0.09354771673679352; 
140; -0.2023223638534546; 0.854316234588623; 0.16869384050369263; -0.42970752716064453; 1.3715858459472656; 0.303436815738678; 
152; -0.13455545902252197; 0.6573196649551392; 0.0005182623863220215; -0.25597280263900757; 1.3098483085632324; 0.1389313042163849; 
145; -0.5753223896026611; 0.6231353878974915; 0.3746132254600525; -0.18281155824661255; 1.0018004179000854; 0.2061818242073059; 
154; -0.26315048336982727; 0.6167653799057007; 0.38712242245674133; -0.2865445613861084; 1.1815985441207886; 0.26163914799690247; 
153; -0.9145014882087708; 0.4059721827507019; 0.24575290083885193; -0.20901566743850708; 1.1353614330291748; 0.21346750855445862; 
150; 0.01324579119682312; 0.4554450511932373; 0.21642503142356873; -0.29678279161453247; 1.384102463722229; 0.10016249120235443; 
159; -0.4061609208583832; 0.24024155735969543; 0.4752604365348816; -0.2718663215637207; 1.2534677982330322; 0.08727410435676575; 
167; -0.4062844216823578; 0.5797909498214722; 0.4857003092765808; -0.2933656573295593; 1.400762677192688; 0.20921306312084198; 
158; -0.1100597083568573; 0.3965628147125244; 0.2769136428833008; -0.2464551031589508; 1.4546791315078735; 0.16982771456241608; 
166; -0.4114839732646942; 0.24203380942344666; 0.3819577693939209; -0.3227928876876831; 1.3371838331222534; 0.11435287445783615; 
165; -0.6002905368804932; 0.5501021146774292; 0.011060535907745361; -0.2544521689414978; 1.2451761960983276; 0.17598500847816467; 
143; -0.2826341986656189; 0.45245206356048584; 0.3806919455528259; -0.10991857945919037; 1.1471072435379028; 0.18373025953769684; 
139; -0.12990742921829224; 0.3922201097011566; 0.31978607177734375; -0.2191399782896042; 1.3394434452056885; 0.16231563687324524; 
169; -0.821117639541626; 0.5952063798904419; 0.22078587114810944; -0.1945466697216034; 1.2178308963775635; 0.19770000874996185; 
151; -0.009416937828063965; 0.9801368117332458; 0.7812519073486328; -0.1744263917207718; 1.353576421737671; 0.31490373611450195; 
168; -0.2506932020187378; 0.8028030395507812; 0.6041674613952637; -0.16610172390937805; 1.1893326044082642; 0.09888085722923279; 
162; -0.3192322850227356; 0.6627504825592041; 0.4518890976905823; -0.10789667069911957; 1.1884448528289795; 0.21135134994983673; 
164; -0.30953049659729004; 0.7882407903671265; 0.1660773903131485; -0.15820297598838806; 1.434860110282898; 0.08812391757965088; 
163; -0.3889550566673279; 0.40860554575920105; 0.14960430562496185; -0.3550487458705902; 1.2908897399902344; 0.06141611188650131; 
175; -0.6075512170791626; 0.4529440402984619; 0.06083354353904724; -0.10778255760669708; 1.192488193511963; 0.05364009737968445; 
170; -0.5766369700431824; 0.7200082540512085; 0.36613497138023376; -0.2063668817281723; 1.3804267644882202; 0.07225774228572845; 
156; -0.32132554054260254; 0.6606689095497131; 0.1576574742794037; -0.12732884287834167; 1.2699414491653442; 0.15267260372638702; 
160; -0.46401071548461914; 0.30250677466392517; 0.24126853048801422; -0.08498764038085938; 1.224853277206421; 0.24721704423427582; 
157; -0.4208880662918091; 0.5183591246604919; -0.020416229963302612; -0.29756033420562744; 1.2510579824447632; 0.10246542096138; 
171; -0.4045085608959198; 0.32889753580093384; 0.40289783477783203; -0.15924952924251556; 1.2295135259628296; 0.2650199234485626; 
180; -0.09567075967788696; 0.3366711735725403; 0.6212542057037354; -0.2038411647081375; 1.2274266481399536; 0.04669022560119629; 
177; -0.2979033589363098; 0.6213250756263733; 0.47839823365211487; -0.3147308826446533; 1.3143795728683472; 0.18882021307945251; 
188; -0.3043104112148285; 0.601645290851593; 0.3962245285511017; -0.335720419883728; 1.2777986526489258; 0.11563186347484589; 
181; -0.02207779884338379; 0.6773442029953003; 0.3102978467941284; -0.2291993349790573; 1.2706875801086426; 0.22520872950553894; 
192; -0.33720314502716064; 0.45420315861701965; 0.08211436867713928; -0.08263005316257477; 1.2452635765075684; 0.14264842867851257; 
161; -0.4261990487575531; 0.8517992496490479; 0.23412273824214935; -0.08019009977579117; 1.1885054111480713; 0.27777761220932007; 
184; -0.2888057827949524; 0.49202364683151245; 0.41747042536735535; -0.16262300312519073; 1.2091474533081055; 0.15474817156791687; 
174; -0.2666817307472229; 0.7699398994445801; 0.3098645806312561; -0.22401699423789978; 1.4231815338134766; 0.09793900698423386; 
191; -0.5686761140823364; 0.15452434122562408; 0.06891679763793945; -0.17713433504104614; 1.2212101221084595; 0.04675430804491043; 
193; -0.5116215944290161; 0.47351133823394775; 0.6603803634643555; -0.15427166223526; 1.1816036701202393; 0.20938721299171448; 
183; -0.13025784492492676; 0.7177865505218506; 0.32985278964042664; -0.3021628260612488; 1.2252449989318848; 0.23558001220226288; 
186; -0.5401158332824707; 0.7053647041320801; 0.37016981840133667; -0.22756646573543549; 1.341048002243042; 0.20778293907642365; 
189; -0.24397432804107666; 0.2749757766723633; 0.3775111436843872; -0.28912270069122314; 1.2745040655136108; 0.04805570840835571; 
173; -0.30734285712242126; 0.8355347514152527; 0.2573954164981842; -0.30253052711486816; 1.332027554512024; -0.021701455116271973; 
194; -0.4574521780014038; 0.5952285528182983; 0.33783748745918274; -0.2955579161643982; 1.2059755325317383; 0.15574021637439728; 
172; -0.3975756764411926; 0.5939420461654663; 0.1936264932155609; -0.3069048225879669; 1.2063508033752441; 0.2275254875421524; 
187; -0.32706156373023987; 0.7617365121841431; 0.09815454483032227; -0.07225624471902847; 1.2544400691986084; 0.21046268939971924; 
179; -0.5548133850097656; 0.42933887243270874; 0.4564322233200073; -0.2362801730632782; 1.4555741548538208; 0.2953774034976959; 
176; -0.348322331905365; 0.5141416192054749; 0.28710076212882996; -0.3170869052410126; 1.128835678100586; 0.12128989398479462; 
185; -0.31255897879600525; 0.3729701340198517; 0.444546639919281; -0.30513298511505127; 1.115678071975708; 0.15792903304100037; 
195; -0.4219726324081421; 0.8020892143249512; 0.6278720498085022; -0.2551511824131012; 1.2360221147537231; 0.25429344177246094; 
155; -0.29000958800315857; 0.4001794755458832; 0.44000524282455444; -0.33568644523620605; 1.209047794342041; 0.13806945085525513; 
190; -0.4885275363922119; 0.6411105394363403; 0.46068641543388367; -0.30001145601272583; 1.1876919269561768; 0.20185622572898865; 
197; -0.5702767372131348; 0.7151095867156982; 0.13596707582473755; -0.2732807993888855; 1.0814464092254639; 0.09577345848083496; 
178; 0.1893402636051178; 0.6014876961708069; 0.14845597743988037; -0.25410979986190796; 1.1877567768096924; 0.13428044319152832; 
199; -0.4651903510093689; 0.44255125522613525; 0.2424708753824234; -0.08467474579811096; 1.2820281982421875; 0.12876015901565552; 
196; -0.16003254055976868; 0.5080233812332153; 0.0719383955001831; -0.2528155446052551; 1.3227691650390625; 0.07456345856189728; 
198; -0.5284687280654907; 0.6258814930915833; 0.3307045102119446; -0.19268225133419037; 1.2275354862213135; 0.09713174402713776; 
182; -0.39748358726501465; 0.8640400171279907; 0.7332441806793213; -0.19364388287067413; 1.2075328826904297; 0.025465115904808044; 
149; -0.5831409096717834; 0.5230156183242798; 0.6315582990646362; -0.35454073548316956; 1.3345811367034912; 0.3154938817024231; 
200; -0.5846210718154907; 0.4378325939178467; 0.6290348768234253; -0.3531109094619751; 1.1989256143569946; 0.11129111051559448; 
213; -0.28844374418258667; 0.4640875458717346; 0.316314160823822; -0.38789641857147217; 1.2522023916244507; 0.21269959211349487; 
202; -0.33448055386543274; 0.3319830298423767; -0.23723402619361877; -0.1977742612361908; 1.1814351081848145; 0.10315466672182083; 
241; -0.4079621434211731; 0.6547112464904785; 0.521020770072937; -0.05364522337913513; 1.094810962677002; 0.03868153691291809; 
223; -0.15130186080932617; 0.834587574005127; 0.3530418276786804; -0.24341975152492523; 1.2851687669754028; 0.00044248998165130615; 
212; -0.1536906361579895; 0.8111551403999329; 0.44662755727767944; -0.2969789505004883; 1.2899014949798584; 0.22035357356071472; 
204; -0.553264856338501; 0.30039703845977783; 0.42576271295547485; -0.16247697174549103; 1.2046869993209839; 0.23716790974140167; 
240; -0.6004746556282043; 0.5502491593360901; 0.3481983244419098; -0.2724340856075287; 1.288407564163208; -0.07025295495986938; 
221; -0.5973479151725769; 0.5341540575027466; 0.4062809646129608; -0.31989145278930664; 1.3862062692642212; 0.21647696197032928; 
200; -0.5846208333969116; 0.4378325939178467; 0.6290348768234253; -0.3531109094619751; 1.198925495147705; 0.1112910807132721; 
205; -0.25356045365333557; 0.19481414556503296; 0.21641090512275696; -0.2665231227874756; 1.2287132740020752; 0.10333815962076187; 
244; -0.3995746374130249; 0.3989289104938507; 0.24899572134017944; -0.3190803527832031; 1.08750581741333; 0.19011715054512024; 
216; -0.7136105298995972; 0.3626400828361511; 0.27225372195243835; -0.1566358357667923; 1.1859699487686157; 0.1738392412662506; 
224; 0.17623478174209595; 0.8196392059326172; 0.4116080701351166; -0.1369749754667282; 1.2746132612228394; 0.04655301570892334; 
237; -0.9357113838195801; 0.6074662208557129; 0.36617085337638855; -0.2451973855495453; 1.2300786972045898; 0.0828624963760376; 
243; -0.614280104637146; 0.5209824442863464; 0.1945475935935974; -0.33606261014938354; 1.166852355003357; 0.15125460922718048; 
226; -0.19208446145057678; 0.554455041885376; 0.4877628684043884; -0.24530872702598572; 1.274673342704773; 0.45818549394607544; 
227; -0.5621539354324341; 0.5199136734008789; 0.35103797912597656; -0.3011638820171356; 1.4488588571548462; 0.20886066555976868; 
206; -0.4421975016593933; 0.5919268131256104; 0.6301839351654053; -0.44466787576675415; 1.3790733814239502; 0.06419976055622101; 
236; -0.21863260865211487; 0.5553701519966125; 0.4096112847328186; -0.28070175647735596; 1.1975488662719727; 0.17638880014419556; 
248; -0.38382232189178467; 0.3494139313697815; 0.5153564214706421; -0.27505412697792053; 1.2890427112579346; 0.15372782945632935; 
238; -0.7196289300918579; 0.5964717864990234; 0.442972332239151; -0.19733139872550964; 1.2528866529464722; 0.0025578439235687256; 
229; -0.3480203151702881; 0.785847544670105; 0.08367729187011719; -0.37428024411201477; 1.1776890754699707; 0.16863635182380676; 
228; -0.4790008068084717; 0.5194475650787354; 0.41652601957321167; -0.3368731737136841; 1.261344075202942; 0.04650646448135376; 
214; -0.2923375368118286; 0.6270791888237; 0.35071027278900146; -0.2464853823184967; 1.350598931312561; 0.146879181265831; 
231; -0.5633127093315125; 0.7740851044654846; 0.015058428049087524; -0.23525211215019226; 1.3655307292938232; 0.2210761308670044; 
234; -0.17800259590148926; 0.32536008954048157; 0.13595500588417053; -0.12180395424365997; 1.4322311878204346; 0.16274510324001312; 
209; -0.8150047063827515; 0.5666325092315674; 0.11745022237300873; -0.41600868105888367; 1.2110402584075928; 0.1223999410867691; 
235; -0.4859525263309479; 0.35120534896850586; 0.4021978974342346; -0.20697520673274994; 1.2570927143096924; 0.1344262808561325; 
225; -0.5366531610488892; 0.680921196937561; 0.19649869203567505; -0.267708420753479; 1.2440824508666992; 0.06852623075246811; 
220; -0.2609400451183319; 0.3897850513458252; 0.28598296642303467; -0.23608028888702393; 1.322445034980774; 0.38623031973838806; 
251; -0.4294193387031555; 0.37196457386016846; 0.27591270208358765; -0.20466142892837524; 1.144758701324463; -0.02160009741783142; 
222; -0.0573863685131073; 0.47451332211494446; 0.10043960809707642; -0.0974670797586441; 1.2807915210723877; 0.15719661116600037; 
218; -0.48946118354797363; 0.41704854369163513; 0.5744142532348633; -0.15515018999576569; 1.2092002630233765; 0.3045245409011841; 
253; -0.21577125787734985; 0.6326233744621277; 0.3645993173122406; -0.11809410154819489; 1.352210521697998; 0.15637697279453278; 
210; -0.5216575860977173; 0.6504989862442017; 0.38032853603363037; -0.42153966426849365; 1.1918222904205322; 0.11999385058879852; 
207; -0.5730289220809937; 0.4447058439254761; 0.26116788387298584; -0.30267247557640076; 1.1021829843521118; 0.12032181769609451; 
215; -0.25921082496643066; 0.5879825353622437; 0.25112611055374146; -0.4055527448654175; 1.226732611656189; 0.3385472893714905; 
208; -0.2001056671142578; 0.3242321014404297; 0.43482154607772827; -0.3403601050376892; 1.2455003261566162; 0.05617723613977432; 
258; -0.2926245629787445; 0.605671763420105; 0.2636428475379944; -0.2407534271478653; 1.2189137935638428; 0.2259829193353653; 
203; -0.4080429971218109; 0.570107638835907; 0.31609591841697693; -0.15295282006263733; 1.3142547607421875; 0.1566949188709259; 
239; -0.9046497941017151; 0.44090700149536133; 0.4986373484134674; -0.14562170207500458; 1.178466796875; 0.16048182547092438; 
261; -0.22748145461082458; 0.4314073622226715; 0.324459433555603; -0.29360008239746094; 1.1943151950836182; 0.21306833624839783; 
256; -0.6976629495620728; 0.2827579081058502; 0.4153633713722229; -0.21090106666088104; 1.128087043762207; 0.10822972655296326; 
245; -0.3560408651828766; 0.5773135423660278; 0.5604784488677979; -0.22093698382377625; 1.1458678245544434; 0.22512392699718475; 
219; -0.46186310052871704; 0.8554941415786743; 0.364953875541687; -0.23671306669712067; 1.3513275384902954; -0.052709728479385376; 
211; -0.6348440647125244; 0.36837607622146606; 0.44553321599960327; -0.19414758682250977; 1.3000812530517578; 0.18589209020137787; 
232; -0.09460979700088501; 0.22788994014263153; 0.5030889511108398; -0.39552807807922363; 1.2288824319839478; 0.14140911400318146; 
246; -0.5931691527366638; 0.7132126688957214; 0.5404456257820129; -0.2537359595298767; 1.2454358339309692; 0.17965735495090485; 
264; -0.3711037039756775; 0.33185848593711853; 0.09259754419326782; -0.14531509578227997; 1.3480452299118042; 0.2192259430885315; 
275; -0.3363181948661804; 0.5849003791809082; 0.0028603076934814453; -0.1320616602897644; 1.1045684814453125; 0.05323701351881027; 
201; -0.4862241744995117; 0.6332479119300842; 0.3201885521411896; -0.22611939907073975; 1.2773113250732422; 0.0822691023349762; 
249; -0.6031535863876343; 0.3174239993095398; 0.30345264077186584; -0.44596633315086365; 1.3597465753555298; 0.22346311807632446; 
217; -0.577802300453186; 0.17464368045330048; 0.25898921489715576; -0.2712089717388153; 1.2360260486602783; 0.2734980285167694; 
269; -0.49262890219688416; 0.4872078597545624; 0.14906883239746094; -0.2537901699542999; 1.1211307048797607; 0.0642034262418747; 
252; -0.5956684947013855; 0.6912161707878113; 0.3135201930999756; -0.3066760301589966; 1.3481892347335815; 0.10361151397228241; 
266; -0.6321521997451782; 0.48475587368011475; 0.34123411774635315; -0.17454461753368378; 1.2964119911193848; 0.1402161717414856; 
260; -0.3518197536468506; 0.8127592206001282; 0.5318681001663208; -0.0699935108423233; 1.241788625717163; -0.03351272642612457; 
267; -0.4297142028808594; 0.44657477736473083; -0.05712565779685974; -0.26867276430130005; 1.2817636728286743; 0.1722290962934494; 
265; -0.5416466593742371; 0.16785024106502533; 0.24548585712909698; -0.12541420757770538; 1.1433286666870117; 0.1828366369009018; 
276; -0.46738988161087036; 0.1844196915626526; 0.37491196393966675; -0.26446861028671265; 1.1654592752456665; 0.17032302916049957; 
294; 0.10092046856880188; 0.6241948008537292; 0.41018030047416687; -0.25310420989990234; 1.2769920825958252; -0.0313410758972168; 
262; -0.4566633105278015; 0.40666842460632324; 0.21556060016155243; -0.15022727847099304; 1.200899600982666; 0.12358111888170242; 
242; -0.29807204008102417; 0.32246750593185425; 0.6141662001609802; -0.13310369849205017; 1.444898009300232; 0.24077476561069489; 
254; -0.32439717650413513; 0.7153757810592651; 0.4416031241416931; -0.16826070845127106; 1.194750428199768; 0.13994200527668; 
293; -0.3404923677444458; 0.7961912751197815; 0.2215120792388916; -0.1903177797794342; 1.1404579877853394; 0.1998704969882965; 
263; -0.30344682931900024; 0.42177990078926086; 0.16782590746879578; -0.2833331525325775; 1.332991361618042; 0.08349563926458359; 
274; -0.37519383430480957; 0.6359015703201294; 0.33320480585098267; -0.34189167618751526; 1.4742345809936523; 0.20930489897727966; 
230; -0.23928016424179077; 0.5334407091140747; 0.20820890367031097; -0.22426533699035645; 1.3516435623168945; 0.08080990612506866; 
279; -0.5885879993438721; 0.5152838826179504; 0.09102839231491089; -0.3009164333343506; 1.2907384634017944; 0.10459287464618683; 
270; -0.364757239818573; 0.6407034397125244; 0.259030282497406; -0.2390347421169281; 1.1924606561660767; 0.08999468386173248; 
285; -0.1336730718612671; 0.30085450410842896; 0.41307276487350464; -0.4227827787399292; 1.095304250717163; 0.36700689792633057; 
287; -0.43500006198883057; 0.7865058779716492; 0.518430769443512; -0.3272421360015869; 1.3289016485214233; 0.07169358432292938; 
300; -0.3631288707256317; 0.49499398469924927; 0.33614832162857056; -0.10490304231643677; 1.202580451965332; 0.11542098224163055; 
250; -0.15979525446891785; 0.2510257661342621; 0.2446274608373642; -0.2659391164779663; 1.2727630138397217; 0.08232943713665009; 
291; -0.32793015241622925; 0.3282962441444397; 0.37739962339401245; -0.16234859824180603; 1.4337365627288818; 0.17636965215206146; 
282; 0.0629892647266388; 0.672359049320221; 0.2670462131500244; -0.1758524477481842; 1.2145438194274902; 0.14509309828281403; 
290; -0.36923593282699585; 0.6271635293960571; 0.480180025100708; -0.20894485712051392; 1.3156254291534424; 0.22379009425640106; 
286; -0.23091021180152893; 0.7378387451171875; 0.26643049716949463; -0.22938911616802216; 1.4442716836929321; 0.060337185859680176; 
233; -0.09043478965759277; 0.4466348886489868; 0.5533530116081238; -0.10958622395992279; 1.3653522729873657; 0.1277972161769867; 
281; -1.0219265222549438; 0.7512410283088684; -0.027465999126434326; -0.3887817859649658; 1.4106688499450684; 0.04933275282382965; 
247; -0.2443670928478241; 0.33049276471138; 0.25668835639953613; -0.31555140018463135; 1.260016679763794; 0.11585959792137146; 
302; -0.4003327488899231; 0.573058009147644; 0.40630266070365906; -0.31516286730766296; 1.205613613128662; 0.0957690104842186; 
298; -0.6137647032737732; 0.30915430188179016; 0.5824775695800781; -0.37119895219802856; 1.2341636419296265; 0.1387438178062439; 
283; -0.3349502682685852; 0.39856278896331787; 0.527908980846405; -0.21308501064777374; 1.2961318492889404; 0.33291131258010864; 
292; -0.12189292907714844; 0.5900456309318542; 0.275737464427948; -0.2573533356189728; 1.3601182699203491; 0.18011032044887543; 
289; -0.4539203643798828; 0.619120717048645; 0.3112927973270416; -0.08148576319217682; 1.4559416770935059; 0.12785357236862183; 
277; -0.4189678132534027; 0.20499035716056824; 0.31746727228164673; -0.1439598649740219; 1.3544538021087646; 0.1620253175497055; 
306; -0.5602063536643982; 0.5956675410270691; 0.5147439241409302; -0.3779526948928833; 1.262924075126648; 0.0714959129691124; 
296; -0.2243126928806305; 0.4097329080104828; 0.5684884786605835; -0.21933352947235107; 1.2493330240249634; -0.03633542358875275; 
268; -0.35505691170692444; 0.9052822589874268; 0.5032122731208801; -0.18876762688159943; 1.2236955165863037; 0.17208492755889893; 
284; -0.2109406590461731; 0.5199191570281982; 0.7388812303543091; -0.19154061377048492; 1.2344845533370972; 0.06676504760980606; 
278; -0.369983971118927; 0.4462358057498932; 0.4832635223865509; -0.1931772381067276; 1.3030855655670166; 0.16471505165100098; 
308; -0.23568525910377502; 0.8192054629325867; 0.6107977032661438; -0.23696336150169373; 1.4131929874420166; 0.20611223578453064; 
257; 0.13196131587028503; 0.7377049922943115; 0.7308376431465149; -0.15198038518428802; 1.111799955368042; -0.02568218857049942; 
280; 0.05841660499572754; 0.8744522333145142; 0.5472711324691772; -0.16764923930168152; 1.4859166145324707; 0.2163325399160385; 
315; -0.15148523449897766; 0.7417287826538086; 0.22960256040096283; -0.2520110011100769; 1.4021015167236328; -0.05932943522930145; 
272; -0.5542535781860352; 0.543509840965271; 0.20239995419979095; -0.22312140464782715; 1.1913087368011475; 0.15778905153274536; 
307; -0.33358490467071533; 0.5903100967407227; 0.11165976524353027; -0.23482777178287506; 1.3285266160964966; 0.3050615191459656; 
309; -0.4054822325706482; 0.6999601125717163; 0.4139200448989868; -0.12434624135494232; 1.261690616607666; 0.20391684770584106; 
273; -1.1346449851989746; 0.47320106625556946; 0.5056343674659729; -0.22830335795879364; 1.1359567642211914; 0.07537367939949036; 
297; -0.316793829202652; 0.21480008959770203; 0.37099578976631165; -0.2122623771429062; 1.2882814407348633; 0.2420670986175537; 
301; -0.29495322704315186; 0.869757354259491; 0.20758482813835144; -0.36595648527145386; 1.3552049398422241; 0.06705889105796814; 
310; -0.5579120516777039; 0.5145891904830933; 0.6280703544616699; -0.15119542181491852; 1.3571926355361938; 0.35986313223838806; 
304; -0.6546224355697632; 0.5127899646759033; 0.2894934117794037; -0.17854727804660797; 1.2681384086608887; 0.130285382270813; 
288; -0.2832542657852173; 0.5707714557647705; 0.6560043096542358; -0.15400265157222748; 1.157731056213379; 0.08837112039327621; 
259; -0.5501939058303833; 0.7832798957824707; 0.15030330419540405; -0.23323972523212433; 1.165583848953247; 0.07855720818042755; 
312; -0.4839000105857849; 0.6892021894454956; 0.40095338225364685; -0.23134736716747284; 1.2911690473556519; 0.005171418190002441; 
305; -0.7741860747337341; 0.6897864937782288; 0.23599107563495636; -0.2838534712791443; 1.2824550867080688; 0.19609671831130981; 
316; -0.3722878694534302; 0.8046854138374329; 0.44555482268333435; -0.14130790531635284; 1.408631682395935; 0.2051965594291687; 
314; -0.3390238285064697; 0.7753046751022339; 0.6558606028556824; -0.2815687358379364; 1.2858690023422241; 0.13610848784446716; 
323; -0.05381074547767639; 0.7238245010375977; 0.2167898416519165; -0.2321491837501526; 1.342561960220337; 0.10561798512935638; 
299; -0.4864131510257721; 0.3934841454029083; 0.3169339597225189; -0.1288665235042572; 1.406779408454895; 0.23244085907936096; 
331; -0.3568789064884186; 0.5429211258888245; 0.18634146451950073; -0.17601975798606873; 1.2729476690292358; 0.13684512674808502; 
295; -0.47964200377464294; 0.5375797748565674; 0.2551000118255615; -0.19345271587371826; 1.404111623764038; 0.05063547194004059; 
311; -0.6005000472068787; 0.5446250438690186; 0.5531913042068481; -0.264576256275177; 1.2340612411499023; 0.12172657996416092; 
255; -0.5307831764221191; 0.6597360968589783; 0.4960542321205139; -0.3317229747772217; 1.1628899574279785; 0.0033062100410461426; 
313; -0.419781357049942; 0.5619623064994812; 0.1329910010099411; -0.2517651915550232; 1.1972031593322754; 0.04127023369073868; 
326; -0.37294837832450867; -0.008572489023208618; 0.11943583190441132; -0.2509623169898987; 1.2614364624023438; 0.13045120239257812; 
271; -0.04367879033088684; 0.3060019612312317; 0.5255610942840576; -0.16889411211013794; 1.3743730783462524; 0.15955017507076263; 
327; 0.1273728609085083; 0.5124986171722412; 0.43280473351478577; -0.3436912000179291; 1.2253103256225586; 0.25918060541152954; 
341; -0.4933359622955322; 0.3290519118309021; 0.6585748195648193; -0.3868861794471741; 1.1996138095855713; 0.13244052231311798; 
334; -0.32705557346343994; 0.5026646256446838; 0.27152881026268005; -0.2733726501464844; 1.2918461561203003; 0.04759608209133148; 
317; -0.2141847014427185; 0.6902189254760742; 0.24679729342460632; -0.22256426513195038; 1.270907998085022; 0.09379665553569794; 
319; -0.38974034786224365; 0.3973017930984497; 0.46322375535964966; -0.1828491985797882; 1.2404812574386597; 0.12512698769569397; 
330; -0.5173200368881226; 0.6673224568367004; 0.46891191601753235; -0.3035646080970764; 1.2600666284561157; 0.013707637786865234; 
328; -0.7197698354721069; 0.23669318854808807; 0.4088221788406372; -0.20527687668800354; 1.1260530948638916; 0.27672410011291504; 
336; -0.3772938847541809; 0.6315410733222961; 0.5920506119728088; -0.26423364877700806; 1.2369850873947144; 0.1683780699968338; 
332; -0.1995258629322052; 0.6113705635070801; 0.5617538094520569; -0.06487005949020386; 1.0094695091247559; 0.1684933751821518; 
303; -0.2755388617515564; 0.6997009515762329; 0.3252173364162445; -0.2555527091026306; 1.1721925735473633; 0.1025247648358345; 
325; -0.41952571272850037; 0.7444590330123901; 0.156653493642807; -0.28487008810043335; 1.2524393796920776; 0.15061824023723602; 
320; -0.5650760531425476; 0.3630186915397644; 0.351912260055542; -0.3361818194389343; 1.3007482290267944; 0.11512108892202377; 
324; -0.37192559242248535; 0.7203565835952759; 0.12951922416687012; -0.25510090589523315; 1.2577412128448486; 0.27872002124786377; 
329; -0.1945066750049591; 0.7297061681747437; 0.41165295243263245; -0.2586044669151306; 1.2194217443466187; 0.13954582810401917; 
318; -0.3811604976654053; 0.3528437614440918; 0.2972685396671295; -0.1729174703359604; 1.1450653076171875; 0.12947353720664978; 
357; -0.13731896877288818; 0.6183716058731079; 0.35212525725364685; -0.2699316740036011; 1.163470983505249; 0.19086536765098572; 
322; -0.8084661960601807; 0.7614521980285645; 0.20730134844779968; -0.21841642260551453; 1.2344549894332886; 0.2213398814201355; 
335; -0.44705575704574585; 0.49168646335601807; 0.2551647126674652; -0.19194099307060242; 1.1672250032424927; 0.04102711379528046; 
351; -0.304975688457489; 0.46412554383277893; 0.5647498965263367; -0.36522120237350464; 1.381631851196289; 0.08747421205043793; 
337; -0.8421217799186707; 0.3674163222312927; 0.3548906445503235; -0.32997095584869385; 1.1988338232040405; 0.217981219291687; 
366; -0.46923190355300903; 0.9483916759490967; 0.15188544988632202; -0.29104965925216675; 1.3658756017684937; 0.03216082602739334; 
356; -0.5783731937408447; 0.5508934259414673; 0.3182501792907715; -0.30710041522979736; 1.3808937072753906; 0.14975802600383759; 
343; -0.19641631841659546; 0.8096262812614441; 0.2253389209508896; -0.37583696842193604; 1.3661625385284424; 0.22301451861858368; 
339; -0.3243580162525177; 0.4144987463951111; 0.23127806186676025; -0.3591235280036926; 1.1719123125076294; 0.03214056044816971; 
352; -0.28852006793022156; 0.58951735496521; 0.3477514982223511; -0.28755074739456177; 1.1680852174758911; 0.004419773817062378; 
349; -0.1006007194519043; 0.5826297998428345; 0.5222674608230591; -0.2755246162414551; 1.2416484355926514; 0.20167836546897888; 
347; -0.18713027238845825; 0.5290147066116333; 0.4845567047595978; -0.13108962774276733; 1.3012590408325195; 0.16310782730579376; 
344; -0.7026425004005432; 0.4001223146915436; 0.39820030331611633; -0.23647154867649078; 1.1404333114624023; 0.03793427348136902; 
350; -0.4102121591567993; 0.8728821277618408; 0.37525850534439087; -0.2409060150384903; 1.2033222913742065; 0.032954975962638855; 
346; -0.19631925225257874; 0.7112584114074707; 0.25220048427581787; -0.16849106550216675; 1.2297416925430298; 0.14747411012649536; 
348; -0.4058610200881958; 0.45987841486930847; 0.15230242908000946; -0.27403128147125244; 1.2167119979858398; 0.12254544347524643; 
338; -0.32136937975883484; 0.37020343542099; 0.3976784348487854; -0.18584471940994263; 1.062754511833191; 0.12985828518867493; 
369; -0.2145530879497528; 0.4606218934059143; 0.3900803029537201; -0.15079636871814728; 1.216880202293396; 0.12974287569522858; 
342; -0.29216963052749634; 0.273166298866272; 0.8217954635620117; -0.057113438844680786; 1.1236635446548462; 0.21196898818016052; 
360; -0.6884840130805969; 0.8963489532470703; 0.18840283155441284; -0.22057044506072998; 1.259890079498291; 0.07135374844074249; 
345; -0.3049362897872925; 0.6901471614837646; 0.4769098460674286; -0.27862006425857544; 1.325333833694458; 0.34809398651123047; 
355; -0.06496405601501465; 0.5011355876922607; 0.5451101660728455; -0.3002110719680786; 1.2533750534057617; 0.10163938999176025; 
367; -0.28786781430244446; 0.8637664318084717; 0.5258082747459412; -0.23906630277633667; 1.1724175214767456; 0.09277430176734924; 
364; -0.2585175931453705; 0.9793255925178528; 0.3960566520690918; -0.1775021106004715; 1.3541027307510376; 0.15839672088623047; 
372; -0.6044815182685852; 0.5867145657539368; 0.6551486253738403; -0.21951988339424133; 1.2671482563018799; 0.19399860501289368; 
379; -0.3505042791366577; 0.7105133533477783; 0.30534106492996216; -0.25654029846191406; 1.25886869430542; 0.1722562164068222; 
368; -0.1385846734046936; 0.5848346948623657; 0.22466175258159637; -0.42696866393089294; 1.3925509452819824; 0.1175302192568779; 
370; -0.5995442271232605; 0.5255597829818726; 0.131648451089859; -0.3247198462486267; 1.3189945220947266; 0.052120015025138855; 
354; -0.7130032181739807; 0.628072202205658; 0.31124818325042725; -0.26938894391059875; 1.3131541013717651; 0.1252993494272232; 
353; -0.6225295066833496; 0.6462061405181885; 0.47836408019065857; -0.28501203656196594; 1.330515742301941; 0.06343094259500504; 
377; -0.5338369011878967; 0.7137095332145691; 0.3647192716598511; -0.22246943414211273; 1.2965596914291382; 0.23871085047721863; 
333; -0.4495859742164612; 0.7717690467834473; 0.7452994585037231; -0.3990509510040283; 1.1607810258865356; 0.013706251978874207; 
362; -0.7451705932617188; 0.6931010484695435; 0.317277729511261; -0.3084068298339844; 1.3094635009765625; 0.19924336671829224; 
321; 0.22606633603572845; 0.5234829783439636; 0.19889073073863983; -0.23176823556423187; 1.4066550731658936; 0.2791591286659241; 
376; -0.672269344329834; 0.8356091976165771; 0.7715268135070801; -0.3784734010696411; 1.4059970378875732; 0.22458869218826294; 
375; -0.7229205369949341; 0.42550548911094666; 0.4270828068256378; -0.289205402135849; 1.2439568042755127; 0.12266980856657028; 
391; -0.4751918315887451; 0.36967676877975464; 0.5056437253952026; -0.17962442338466644; 1.3145947456359863; 0.0443163737654686; 
373; -0.5591984987258911; 0.468947172164917; 0.39805200695991516; -0.10376282036304474; 1.4601624011993408; 0.16259914636611938; 
380; -0.31400859355926514; 0.5398548245429993; 0.30282896757125854; -0.2587941586971283; 1.298978328704834; 0.05514798313379288; 
340; -0.3444281816482544; 0.7221206426620483; 0.3610590994358063; -0.15672610700130463; 1.4314019680023193; 0.19258540868759155; 
363; -0.5985840559005737; 0.6709588766098022; 0.11626842617988586; -0.20651564002037048; 1.1675646305084229; 0.03123246133327484; 
374; -0.3777979016304016; 0.33243054151535034; 0.001866072416305542; -0.30162695050239563; 1.198707938194275; 0.11809258162975311; 
397; -0.4020535945892334; 0.4196820855140686; 0.3393500745296478; -0.30393874645233154; 1.2870668172836304; 0.22123825550079346; 
378; -0.42790597677230835; 0.9519509077072144; 0.5040409564971924; -0.07660998404026031; 1.2737120389938354; -0.015404224395751953; 
385; -0.47606632113456726; 0.4052336812019348; 0.3888131380081177; -0.3446376919746399; 1.2209266424179077; 0.07664867490530014; 
388; -0.32821178436279297; 0.8333792686462402; 0.5124849677085876; -0.3455621600151062; 1.168516993522644; 0.22143174707889557; 
389; -0.58732008934021; 0.627127468585968; -0.12068188190460205; -0.1189308762550354; 1.2961409091949463; 0.14845481514930725; 
403; -0.36327028274536133; 0.5088798403739929; 0.39895427227020264; -0.25847041606903076; 1.281070351600647; 0.192792147397995; 
390; -0.37240326404571533; 0.7361434698104858; 0.32268625497817993; -0.07658924162387848; 1.3277099132537842; 0.04027664661407471; 
371; -0.3485776484012604; 0.5488407611846924; 0.5173654556274414; -0.3317437767982483; 1.251110315322876; 0.17958968877792358; 
393; -0.4186563491821289; 0.5697287917137146; 0.22032015025615692; -0.21587368845939636; 1.1736379861831665; 0.2223680317401886; 
395; -0.4373381435871124; 0.3668556213378906; 0.3344614505767822; -0.2530756890773773; 1.1933059692382812; 0.06667690724134445; 
402; -0.4934505820274353; 0.7359912395477295; 0.20095975697040558; -0.16747969388961792; 1.257682204246521; 0.023722901940345764; 
382; -0.03184977173805237; 0.3005393445491791; 0.23659788072109222; -0.37875044345855713; 1.2696864604949951; 0.07358856499195099; 
404; -0.3540491461753845; 0.4315216839313507; 0.4200473129749298; -0.32753777503967285; 1.3593151569366455; 0.17636638879776; 
384; -0.11925563216209412; 0.6349250674247742; 0.24232488870620728; -0.2952706813812256; 1.2891602516174316; 0.1466846615076065; 
359; -0.30211925506591797; 0.6926199197769165; 0.4607158601284027; -0.26686400175094604; 1.1530191898345947; 0.11944396793842316; 
361; -0.3841635584831238; 0.4842534363269806; 0.23122937977313995; -0.25850602984428406; 1.1245665550231934; 0.1542830765247345; 
420; -0.13660579919815063; 0.4994621276855469; 0.07057121396064758; -0.16995808482170105; 1.1825801134109497; 0.13816797733306885; 
358; -0.5859848260879517; 0.5798848271369934; -0.056827425956726074; -0.22386771440505981; 1.2995096445083618; 0.014817491173744202; 
383; -0.23382622003555298; 0.6136788129806519; 0.4823151230812073; -0.223178431391716; 1.374521017074585; 0.06632710248231888; 
418; -0.58768630027771; 0.7081034779548645; 0.19702109694480896; -0.30102628469467163; 1.3854565620422363; 0.16899576783180237; 
409; -0.6292229294776917; 0.547518789768219; 0.5322892665863037; -0.346885621547699; 1.2225607633590698; 0.3238271474838257; 
406; -0.6820108890533447; 0.33793142437934875; 0.10027188062667847; -0.2530982196331024; 1.1512305736541748; 0.04801622033119202; 
398; -0.16970473527908325; 0.5223961472511292; 0.4732128381729126; -0.3780282139778137; 1.1236600875854492; 0.14791160821914673; 
411; -0.09400460124015808; 0.5260456204414368; 0.5323905944824219; -0.16343726217746735; 1.2913132905960083; 0.05126660317182541; 
392; -0.41833800077438354; 0.6690105199813843; 0.5760060548782349; -0.24699948728084564; 1.2054882049560547; 0.23848174512386322; 
413; -1.0294181108474731; 0.6543596982955933; 0.49477526545524597; -0.16233386099338531; 1.3060250282287598; 0.04832775145769119; 
425; -0.4997102618217468; 0.5648229718208313; -0.07421225309371948; -0.2990553379058838; 1.1311066150665283; 0.03494631499052048; 
412; -0.38674116134643555; 0.5745279788970947; 0.2780259847640991; -0.08127370476722717; 1.16501784324646; 0.2553025782108307; 
396; -0.8003741502761841; 0.2770111560821533; 0.7082585692405701; -0.2139578014612198; 1.1617066860198975; 0.23932553827762604; 
410; -0.211042582988739; 0.6820271015167236; 0.6248944997787476; -0.27951931953430176; 1.2351040840148926; 0.22782088816165924; 
381; -0.642837405204773; 0.6032193899154663; 0.15136751532554626; -0.20144957304000854; 1.311574935913086; -0.010500997304916382; 
394; -0.38801294565200806; 0.44940418004989624; 0.14929033815860748; -0.3146236538887024; 1.150791049003601; 0.16306018829345703; 
421; -0.3134608268737793; 0.5097678303718567; 0.40429922938346863; -0.39425256848335266; 1.1138814687728882; 0.1580326408147812; 
400; -0.20886820554733276; 0.29034578800201416; 0.3412022292613983; -0.19742587208747864; 1.2791554927825928; -0.002658635377883911; 
422; -0.22848719358444214; 0.32164663076400757; 0.2883971929550171; -0.18273618817329407; 1.2768018245697021; 0.19943448901176453; 
407; -0.3009595274925232; 0.6239029169082642; 0.4102204740047455; -0.2185216248035431; 1.3574755191802979; 0.0424530953168869; 
427; -0.4673219323158264; 0.5447442531585693; 0.41814205050468445; -0.3056066334247589; 1.2066913843154907; 0.07038992643356323; 
428; -0.21082305908203125; 0.5180892944335938; 0.2220320850610733; -0.19737090170383453; 1.205501914024353; 0.17681503295898438; 
365; -0.7135758399963379; 0.4197200536727905; -0.29405736923217773; -0.1609642654657364; 1.2522183656692505; 0.08624256402254105; 
405; -0.5093239545822144; 0.6775907874107361; 0.5662153959274292; -0.1638835221529007; 1.292978286743164; 0.15833143889904022; 
417; -0.38821911811828613; 0.3888504207134247; 0.1990969032049179; -0.2463081032037735; 1.2561397552490234; 0.03745207190513611; 
419; -0.5682414770126343; 0.2761255204677582; 0.11014272272586823; -0.16409419476985931; 1.1240086555480957; -0.0050065964460372925; 
426; -0.1549357771873474; 0.36650562286376953; 0.44857820868492126; -0.23850387334823608; 1.3211835622787476; 0.16248604655265808; 
434; -0.3042183518409729; 0.3707406520843506; -0.2523375451564789; -0.24223661422729492; 1.155329942703247; 0.2620374858379364; 
438; -0.2477344572544098; 0.6923321485519409; 0.5117806196212769; -0.08528037369251251; 1.3183094263076782; 0.2493395358324051; 
431; -0.28526532649993896; 0.43476977944374084; -0.1021130383014679; -0.24034877121448517; 1.0733122825622559; 0.19512885808944702; 
442; -0.16765174269676208; 0.46231797337532043; 0.18493139743804932; -0.2984481453895569; 1.436907172203064; 0.19405637681484222; 
423; -0.5688952207565308; 0.6275432109832764; 0.325232595205307; -0.3154688775539398; 1.1671075820922852; 0.13387899100780487; 
443; -0.4380907416343689; 0.631401777267456; 0.06355208158493042; -0.20038022100925446; 1.2841815948486328; 0.2756810188293457; 
444; -0.4066467583179474; 0.4577998220920563; 0.29048413038253784; -0.315015971660614; 1.331734299659729; 0.16611480712890625; 
432; -0.25137263536453247; 0.1912168711423874; 0.05069059133529663; -0.33171647787094116; 1.2835277318954468; -0.011055245995521545; 
401; -0.4821217656135559; 0.7287088632583618; 0.35836362838745117; -0.31339865922927856; 1.4173529148101807; 0.07611558586359024; 
387; -0.050761878490448; 0.7902722358703613; 0.4885494112968445; -0.3089671730995178; 1.2518832683563232; 0.12524893879890442; 
436; -0.5312116146087646; 0.7314409613609314; 0.3031963109970093; -0.1906556636095047; 1.2409197092056274; -0.016242220997810364; 
437; -0.35758087038993835; 0.5383581519126892; 0.23225881159305573; -0.23133984208106995; 1.1304690837860107; 0.12356254458427429; 
399; -0.6232658624649048; 0.44288119673728943; 0.4100869596004486; -0.13038143515586853; 1.3257373571395874; 0.11867958307266235; 
439; -0.3310067653656006; 0.5943652987480164; 0.3996644616127014; -0.36758220195770264; 1.2444714307785034; 0.05783596634864807; 
445; -0.37851470708847046; 0.6931000351905823; 0.20027178525924683; -0.32990798354148865; 1.1789473295211792; 0.22926166653633118; 
440; -0.3775700628757477; 0.5237653851509094; 0.11653172969818115; -0.2806108593940735; 1.1214418411254883; 0.06333043426275253; 
459; -0.27041661739349365; 0.7007460594177246; 0.653730034828186; -0.09372022747993469; 1.3433549404144287; 0.19550076127052307; 
408; -0.5409749746322632; 0.89319908618927; 0.7052954435348511; -0.16614139080047607; 1.2345560789108276; 0.0518321618437767; 
454; -0.2979564368724823; 0.543307900428772; 0.268652081489563; -0.27409765124320984; 1.3299508094787598; 0.2743440568447113; 
452; 0.10253891348838806; 0.5245734453201294; 0.19326576590538025; -0.3485545814037323; 1.051453709602356; 0.16784247756004333; 
414; -0.17323368787765503; 1.17235267162323; 0.755340039730072; -0.2654755115509033; 1.3705151081085205; 0.16905587911605835; 
468; -0.8530654311180115; 0.5510140657424927; -0.007657736539840698; -0.25050848722457886; 1.395574688911438; 0.14501501619815826; 
448; -0.3121231198310852; 0.6513683795928955; 0.3607991337776184; -0.29105931520462036; 1.142726182937622; 0.1951148808002472; 
441; -0.2797638773918152; 0.5477532744407654; 0.3668450713157654; -0.27209287881851196; 1.1938782930374146; 0.15099920332431793; 
386; -0.7747645378112793; 0.08003318309783936; 0.4792308509349823; -0.23798459768295288; 1.2475500106811523; -0.07114093005657196; 
474; -0.34464627504348755; 0.6124392151832581; 0.5569119453430176; -0.23055438697338104; 1.1734821796417236; 0.1509571075439453; 
450; -0.3433035910129547; 0.49875351786613464; 0.4995202124118805; -0.11508561670780182; 1.4528439044952393; 0.1867121458053589; 
453; -0.24955326318740845; 0.3984370827674866; 0.4866311550140381; -0.2006065398454666; 1.3598366975784302; 0.41228044033050537; 
467; 0.005358695983886719; 0.5841062664985657; 0.25568318367004395; -0.06928445398807526; 1.2779290676116943; 0.2720370888710022; 
430; -0.5115100145339966; 0.4593198299407959; 0.4399036169052124; -0.17094668745994568; 1.168657898902893; 0.298122376203537; 
416; -0.39232903718948364; 0.7118620872497559; 0.30397868156433105; -0.22341397404670715; 1.347555160522461; 0.2569654881954193; 
476; -0.5631298422813416; 0.39862117171287537; 0.2120540738105774; -0.27253293991088867; 1.1844117641448975; 0.1754910945892334; 
480; -0.9822563529014587; 0.5395290851593018; 0.4361545443534851; -0.3658449649810791; 1.291595458984375; 0.10564590990543365; 
457; -0.3691367506980896; 0.5344696640968323; 0.11795198917388916; -0.10618913173675537; 1.1684634685516357; 0.19689452648162842; 
458; -0.05308490991592407; 0.6701561212539673; 0.6185490489006042; -0.06397810578346252; 1.2256828546524048; 0.24675610661506653; 
463; -0.07203668355941772; 0.4521362781524658; 0.6297183036804199; -0.23910129070281982; 1.2485295534133911; 0.09987519681453705; 
433; -0.40216171741485596; 0.36241865158081055; 0.38207879662513733; -0.2027026265859604; 1.1629176139831543; 0.12268880009651184; 
455; 0.0037974119186401367; 0.6445027589797974; 0.00502428412437439; -0.23877711594104767; 1.4088377952575684; 0.17514121532440186; 
449; -0.11420172452926636; 0.39180150628089905; 0.3502978980541229; -0.25911444425582886; 1.1613553762435913; 0.19923579692840576; 
470; -0.5303288698196411; 0.6001362800598145; 0.3095639646053314; -0.26008692383766174; 1.1290290355682373; 0.16616350412368774; 
456; -0.47898122668266296; 0.6128054857254028; 0.39384180307388306; -0.31336498260498047; 1.1278491020202637; 0.04766392707824707; 
451; -0.4471380412578583; 0.47601544857025146; 0.3673657178878784; -0.3466078042984009; 1.3283237218856812; 0.10991276800632477; 
466; -0.41082775592803955; 0.23576326668262482; 0.2768884599208832; -0.3071948289871216; 1.356866717338562; 0.13553425669670105; 
461; -0.32029426097869873; 0.21994507312774658; 0.24466508626937866; -0.16490918397903442; 1.4734190702438354; 0.13929122686386108; 
460; -0.6258770227432251; 0.5560024380683899; 0.25429126620292664; -0.2973421812057495; 1.1463130712509155; 0.03646180033683777; 
464; -0.26472601294517517; 0.4923613369464874; 0.5289047360420227; -0.37110671401023865; 1.2943812608718872; 0.015467330813407898; 
462; -0.522019624710083; 0.48152458667755127; 0.19511625170707703; -0.2885585427284241; 1.130975604057312; 0.18972162902355194; 
447; -0.6661368608474731; 0.44528651237487793; 0.49886754155158997; -0.2030811458826065; 1.3555419445037842; 0.11109120398759842; 
415; -0.36295822262763977; 0.5965344905853271; -0.09485718607902527; -0.16867130994796753; 1.0087957382202148; 0.10094697773456573; 
487; -0.19387918710708618; 0.5178291201591492; 0.4962047338485718; -0.17188669741153717; 1.2987167835235596; 0.2417597770690918; 
469; -0.19349053502082825; 0.8292773962020874; 0.2628799378871918; -0.0857313722372055; 1.1902050971984863; 0.23269526660442352; 
483; -0.2714710831642151; 0.8982176780700684; 0.3804389238357544; -0.09927752614021301; 1.3988217115402222; 0.1355324387550354; 
477; -0.7681955695152283; 0.6959369778633118; 0.5829522013664246; -0.28619641065597534; 1.2567994594573975; 0.06361518800258636; 
424; -0.631152868270874; 0.3553709387779236; 0.3000885248184204; -0.18507497012615204; 1.262242078781128; 0.18100017309188843; 
472; -0.42908239364624023; 0.6542366743087769; 0.48841696977615356; -0.23376958072185516; 1.3092237710952759; 0.2401326596736908; 
435; -0.30161282420158386; 0.2535533905029297; 0.11151111125946045; -0.21050773561000824; 1.1262171268463135; 0.0983169674873352; 
471; -0.5191441774368286; 0.595214307308197; 0.2345094382762909; -0.29116812348365784; 1.1213010549545288; 0.09807907044887543; 
475; -0.5942997932434082; 0.5427419543266296; 0.29024645686149597; -0.0567663311958313; 1.3625901937484741; 0.0076427161693573; 
479; -0.6361450552940369; 0.5924943685531616; 0.4291965663433075; -0.2358015775680542; 1.2403489351272583; 0.24983763694763184; 
484; -0.4500989317893982; 0.7739301919937134; 0.3586331307888031; -0.024051308631896973; 1.1182316541671753; 0.06181520223617554; 
465; -0.6399107575416565; 0.5778477787971497; 0.303270548582077; -0.29907625913619995; 1.2362430095672607; 0.09677525609731674; 
496; -0.3435359299182892; 0.4855809211730957; 0.3844031095504761; -0.09425102174282074; 1.2700488567352295; 0.17195755243301392; 
485; -0.5807129144668579; 0.5115804672241211; 0.49159926176071167; -0.19776855409145355; 1.275714635848999; 0.13221651315689087; 
429; -0.5268410444259644; 0.6886801719665527; 0.12723612785339355; -0.3642957806587219; 1.3517563343048096; 0.0629437118768692; 
486; -0.3208365738391876; 0.5575556755065918; 0.20552365481853485; -0.18529480695724487; 1.230669617652893; 0.19031541049480438; 
473; -0.299454927444458; 0.652337908744812; 0.3306327760219574; -0.32456567883491516; 1.2704025506973267; 0.16559471189975739; 
491; -0.168832927942276; 0.3449207544326782; 0.4258873760700226; -0.38152748346328735; 1.2608041763305664; 0.1925431489944458; 
481; -0.49077463150024414; 0.6860858798027039; 0.1905277967453003; -0.14348334074020386; 1.1609370708465576; 0.2117801010608673; 
488; -0.5015366077423096; 0.6153740882873535; 0.315704345703125; -0.13291366398334503; 1.3363386392593384; 0.24539797008037567; 
446; 0.03912925720214844; 0.8726291656494141; 0.32188355922698975; -0.15116606652736664; 1.3389981985092163; 0.10220471024513245; 
478; -0.3397524356842041; 0.37150686979293823; 0.47709351778030396; -0.24057058990001678; 1.2295618057250977; 0.18961668014526367; 
490; -0.6712110638618469; 0.7294381856918335; 0.25747984647750854; -0.21969276666641235; 1.204384207725525; 0.18975786864757538; 
493; -0.6239773035049438; 0.3356231153011322; 0.2925863564014435; -0.23786015808582306; 1.2968218326568604; 0.17533928155899048; 
499; -0.2921546399593353; 0.6453839540481567; 0.10189539194107056; -0.22427861392498016; 1.3497891426086426; 0.19662553071975708; 
495; -0.1916840374469757; 0.6859256625175476; 0.3736839294433594; -0.34669819474220276; 1.4093116521835327; 0.00361555814743042; 
497; -0.5697818994522095; 0.2504250705242157; 0.31524741649627686; -0.20001761615276337; 1.1173133850097656; 0.06424195319414139; 
489; -0.19003158807754517; 0.5757689476013184; 0.3054439127445221; -0.2164468914270401; 1.3582732677459717; 0.12541833519935608; 
498; -0.357424795627594; 0.6599172949790955; 0.4134830832481384; -0.4004496932029724; 1.2894275188446045; 0.16310890018939972; 
482; -0.4986710846424103; 0.4752312898635864; 0.5005338191986084; -0.23467254638671875; 1.3791050910949707; 0.22320839762687683; 
492; -0.32360735535621643; 0.6389009952545166; 0.4458262622356415; -0.22859573364257812; 1.1715667247772217; 0.2517498731613159; 
494; -0.8098475337028503; 0.707390308380127; 0.2693461775779724; -0.3401678204536438; 1.1854158639907837; 0.17285142838954926; 
