26; -0.7286470532417297; 0.3318665325641632; 0.04795322194695473; -0.44399797916412354; 0.9953132271766663; -0.0005525778979063034; 
35; -0.9625679850578308; 0.37041059136390686; -0.25223222374916077; -0.2799434959888458; 0.9848067164421082; -0.05779913440346718; 
9; -0.8525239825248718; 0.16660502552986145; -0.11227501928806305; -0.32441186904907227; 0.9971780776977539; 0.03700412064790726; 
40; -1.043813943862915; 0.20024415850639343; -0.2343917340040207; -0.35051247477531433; 0.882583498954773; 0.0186481736600399; 
25; -0.8205087184906006; 0.43374770879745483; -0.19600871205329895; -0.3954196274280548; 1.0052329301834106; -0.12454339861869812; 
20; -0.6976661086082458; 0.15754160284996033; -0.19989973306655884; -0.345676451921463; 1.160779356956482; -0.028231501579284668; 
3; -0.8069841265678406; 0.29251202940940857; -0.09381601959466934; -0.36079341173171997; 1.050769567489624; -0.016922995448112488; 
0; -0.7357495427131653; 0.23446112871170044; 0.17570342123508453; -0.43302953243255615; 1.0933986902236938; 0.014662142843008041; 
13; -0.8006314039230347; -0.1476598083972931; 0.4413219094276428; -0.3931659460067749; 1.115551471710205; 0.18537428975105286; 
29; -0.626743495464325; 0.2861070930957794; 0.1280691921710968; -0.26123863458633423; 1.1405235528945923; 0.008611064404249191; 
39; -1.006007432937622; -0.018726767972111702; 0.009843294508755207; -0.35421767830848694; 1.1414093971252441; 0.014775143004953861; 
21; -0.6557877659797668; 0.04030450060963631; -0.0392526313662529; -0.37877190113067627; 0.8465878367424011; 0.04095105081796646; 
38; -0.8596264719963074; 0.4945862889289856; -0.2429789900779724; -0.3944670259952545; 1.0618646144866943; -0.10408177226781845; 
24; -0.8877096176147461; 0.3291356563568115; 0.057634517550468445; -0.4077853560447693; 0.9875763058662415; 0.05039219558238983; 
33; -0.8461449146270752; 0.20134176313877106; 0.1241116002202034; -0.42949798703193665; 1.0410454273223877; -0.014916281215846539; 
6; -0.7240444421768188; 0.3854309320449829; -0.14427550137043; -0.3720581531524658; 1.0401842594146729; -0.023761074990034103; 
49; -0.810444712638855; 0.3751119077205658; 0.01404321938753128; -0.4764844477176666; 1.1389961242675781; 0.07649844139814377; 
36; -0.8346092700958252; 0.1813606321811676; -0.04204963892698288; -0.3237835168838501; 0.9459068179130554; -0.011713621206581593; 
19; -1.1121854782104492; 0.01004831027239561; -0.10292040556669235; -0.34355852007865906; 1.1944619417190552; -0.04085453599691391; 
37; -1.55741548538208; 0.07843469083309174; -0.1366383582353592; -0.46249982714653015; 1.0294960737228394; 0.06463124603033066; 
47; -0.6978819966316223; 0.20302826166152954; 0.053222645074129105; -0.3381054401397705; 0.9763532280921936; 0.00873558595776558; 
28; -0.77903813123703; 0.35066187381744385; 0.1309996098279953; -0.32405927777290344; 1.0461318492889404; -0.10412627458572388; 
15; -1.3828939199447632; 0.1534537672996521; 0.037826936691999435; -0.4096927046775818; 1.0338541269302368; -0.05006244406104088; 
41; -0.8293625712394714; 0.17500491440296173; 0.1967979073524475; -0.34443631768226624; 0.9309033155441284; 0.11908888071775436; 
43; -0.6742607355117798; 0.22932922840118408; 0.15925659239292145; -0.44221392273902893; 0.9834701418876648; -0.12412583082914352; 
7; -1.454816460609436; 0.0990648940205574; 0.27063941955566406; -0.2859733998775482; 1.0629154443740845; -0.0565195269882679; 
10; -0.9841028451919556; 0.1616148054599762; -0.49134939908981323; -0.34067535400390625; 1.046418309211731; 0.07134014368057251; 
8; -0.616870641708374; -0.12194295972585678; -0.23286810517311096; -0.4580708146095276; 1.2654991149902344; -0.07821720838546753; 
18; -1.0517700910568237; 0.09378942847251892; -0.6631336808204651; -0.3327944576740265; 1.0370124578475952; 0.08353298902511597; 
46; -1.4982590675354004; 0.2040458768606186; 0.22933723032474518; -0.38219088315963745; 1.0446161031723022; -0.07905785739421844; 
23; -0.5121022462844849; 0.1342732012271881; -0.09807325899600983; -0.37183961272239685; 1.2294163703918457; 0.06483536213636398; 
34; -0.7184470295906067; 0.36850616335868835; -0.11517339944839478; -0.3832922577857971; 1.1023635864257812; -0.05748341232538223; 
2; -1.1456935405731201; 0.23077872395515442; -0.07154799997806549; -0.3502213954925537; 0.9737672805786133; 0.01025308109819889; 
4; -0.8929210305213928; 0.06214026361703873; 0.054994940757751465; -0.3935757279396057; 1.1420553922653198; -0.02776203863322735; 
30; -0.7778435349464417; 0.09787516295909882; -0.22009629011154175; -0.19535310566425323; 1.2871204614639282; 0.06751979887485504; 
22; -0.8213798403739929; 0.053695306181907654; -0.18778081238269806; -0.32376721501350403; 0.9092767834663391; 0.06185002252459526; 
48; -1.041314959526062; 0.05381671339273453; 0.24453596770763397; -0.35463762283325195; 1.1110923290252686; -0.09743651747703552; 
5; -1.1551592350006104; 0.20107623934745789; -0.03092653676867485; -0.4091252386569977; 1.157570719718933; -0.10655580461025238; 
42; -1.0770068168640137; 0.09849037975072861; -0.23432059586048126; -0.41556480526924133; 1.117626667022705; -0.07271315902471542; 
14; -0.7029449939727783; 0.1714206039905548; 0.19170519709587097; -0.4027220904827118; 1.0400594472885132; -0.10810408741235733; 
45; -0.6675761342048645; 0.23953494429588318; 0.08056148141622543; -0.4563649594783783; 1.0319584608078003; 0.01804109290242195; 
11; -1.0553427934646606; -0.08271165192127228; 0.14549271762371063; -0.2937510311603546; 0.9093009233474731; 0.02887093648314476; 
27; -1.2230205535888672; 0.27947238087654114; -0.1468491107225418; -0.3173936903476715; 1.1183826923370361; 0.07617202401161194; 
1; -0.8296487331390381; 0.15876589715480804; -0.08892470598220825; -0.4366019666194916; 1.1141085624694824; 0.00902517419308424; 
32; -0.6576612591743469; 0.010729992762207985; -0.15275953710079193; -0.26103225350379944; 1.2443755865097046; -0.02493685856461525; 
16; -1.0239920616149902; 0.522389829158783; -0.14781533181667328; -0.45818841457366943; 1.1681379079818726; -0.0031512705609202385; 
12; -0.9207724332809448; 0.4527401626110077; -0.057748597115278244; -0.4246210753917694; 1.0024067163467407; 0.14848896861076355; 
17; -0.787966787815094; 0.31182393431663513; -0.29429247975349426; -0.4240304231643677; 1.0321385860443115; 0.027147088199853897; 
31; -0.6473188400268555; 0.2165362536907196; -0.07554148137569427; -0.484186589717865; 0.9865362048149109; -0.06261112540960312; 
44; -0.6076411008834839; 0.3681643009185791; 0.13103151321411133; -0.42121902108192444; 1.2249853610992432; 0.06940764933824539; 
50; -0.57938152551651; 0.2627430856227875; -0.10136672109365463; -0.5756869316101074; 0.9951403141021729; 0.09799088537693024; 
88; -1.3449616432189941; 0.15300744771957397; -0.21432258188724518; -0.3668215870857239; 1.1662309169769287; 0.11444933712482452; 
51; -0.856843113899231; 0.23092305660247803; -0.18287678062915802; -0.299864798784256; 1.0406142473220825; -0.05546624958515167; 
54; -0.9863728284835815; -0.025758707895874977; -0.07131645828485489; -0.37345215678215027; 1.1408313512802124; -0.14378510415554047; 
52; -0.8285423517227173; 0.03646111115813255; -0.17192694544792175; -0.19513188302516937; 1.0284849405288696; 0.018891585990786552; 
59; -1.052354335784912; 0.14081883430480957; -0.08040507137775421; -0.4733470678329468; 1.1992008686065674; -0.0746675580739975; 
95; -0.4819256067276001; 0.013886007480323315; 0.16322511434555054; -0.371772825717926; 1.2253774404525757; 0.12351801991462708; 
96; -0.8377165198326111; 0.08457215130329132; -0.14978323876857758; -0.41726231575012207; 1.08584725856781; -0.05920945852994919; 
94; -0.5232716798782349; 0.12766315042972565; 0.020214544609189034; -0.3017454743385315; 1.2213751077651978; -0.1611909568309784; 
100; -0.8041126132011414; 0.16938449442386627; 0.31227055191993713; -0.3683536648750305; 0.9314690828323364; 0.009661220945417881; 
98; -0.9569112658500671; 0.028789471834897995; 0.029112592339515686; -0.4371638894081116; 1.1144497394561768; 0.059054043143987656; 
97; -1.2164071798324585; 0.28158748149871826; -0.04074039310216904; -0.3742362856864929; 0.9634664058685303; 0.03307860717177391; 
65; -0.7413300275802612; 0.34922945499420166; 0.04284133389592171; -0.4096333384513855; 1.200291633605957; -0.027217935770750046; 
63; -0.9484521746635437; 0.42947816848754883; 0.27077823877334595; -0.39705780148506165; 1.1843764781951904; 0.08370711654424667; 
56; -1.1072726249694824; -0.007572723552584648; -0.10615088045597076; -0.4440259039402008; 0.9849121570587158; 0.09275062382221222; 
60; -1.071428656578064; 0.18892191350460052; 0.21593903005123138; -0.48880282044410706; 1.188148856163025; 0.06411139667034149; 
58; -0.6624674797058105; 0.1322595775127411; 0.0040896013379096985; -0.546278715133667; 1.0871731042861938; -0.039957769215106964; 
57; -0.8712581992149353; 0.12708815932273865; -0.10497566312551498; -0.3578954339027405; 1.136689305305481; -0.024598512798547745; 
61; -0.7598129510879517; -0.2058779001235962; 0.11388709396123886; -0.5196860432624817; 1.1515998840332031; 0.037279658019542694; 
62; -0.7331519722938538; 0.10763176530599594; -0.014851557090878487; -0.33118829131126404; 1.0668981075286865; 0.12296975404024124; 
64; -0.7626633644104004; 0.2748473882675171; -0.19674620032310486; -0.4860135614871979; 1.178306221961975; 0.059982381761074066; 
91; -1.086139440536499; 0.43179282546043396; -0.06652633845806122; -0.4392869472503662; 1.0816930532455444; -0.09234952926635742; 
71; -1.1992933750152588; 0.376764178276062; -0.04917031526565552; -0.4167138934135437; 1.0449893474578857; 0.01741134002804756; 
77; -0.8756011724472046; 0.034729283303022385; 0.11500167846679688; -0.27275776863098145; 1.1758381128311157; 0.014783325605094433; 
93; -0.6898658871650696; 0.16301798820495605; 0.07373449206352234; -0.41362619400024414; 1.1279785633087158; 0.0037930563557893038; 
89; -1.0445239543914795; 0.3203448951244354; -0.08390999585390091; -0.3657504618167877; 1.2001442909240723; -0.08036264032125473; 
92; -0.6228688955307007; 0.2931804358959198; 0.15002773702144623; -0.354034960269928; 0.9678144454956055; 0.03036094456911087; 
76; -0.6282506585121155; 0.07316450029611588; 0.26855260133743286; -0.32620319724082947; 1.0075478553771973; 0.0322226844727993; 
86; -1.2460832595825195; 0.5497525334358215; -0.31543123722076416; -0.297793447971344; 1.1156458854675293; -0.02990170754492283; 
90; -0.7873773574829102; -0.20258033275604248; 0.15968221426010132; -0.28298231959342957; 0.9896115660667419; 0.08088405430316925; 
82; -1.2213232517242432; 0.1892336755990982; 0.2195989340543747; -0.4711233079433441; 1.2217743396759033; 0.08426493406295776; 
69; -0.8150702714920044; 0.44006070494651794; -0.4083946645259857; -0.4654593765735626; 1.0441982746124268; 0.13960519433021545; 
84; -1.1040844917297363; 0.20722715556621552; -0.25722575187683105; -0.43699517846107483; 1.0160194635391235; -0.054025955498218536; 
53; -0.8778145909309387; -0.1043674647808075; -0.1317722648382187; -0.28255125880241394; 1.1559884548187256; -0.052544187754392624; 
70; -0.8867079019546509; 0.310023695230484; -0.44279852509498596; -0.2758864164352417; 0.9860571622848511; -0.07718675583600998; 
74; -0.8274072408676147; 0.36803972721099854; -0.12463100999593735; -0.4940454959869385; 1.1529004573822021; -0.05762283131480217; 
81; -0.6083012819290161; 0.33299463987350464; -0.04889630526304245; -0.4147751033306122; 1.1353665590286255; -0.0018342100083827972; 
78; -0.821675717830658; -0.2032039612531662; 0.22600603103637695; -0.21602918207645416; 1.005847454071045; -0.017735112458467484; 
73; -0.9194369316101074; -0.12912708520889282; 0.21453611552715302; -0.4547683298587799; 1.168762445449829; -0.10223525762557983; 
87; -0.8891844153404236; 0.11284653842449188; 0.0866413563489914; -0.3450610935688019; 1.329040765762329; -0.03431329131126404; 
99; -0.8301058411598206; 0.14214859902858734; -0.04612059146165848; -0.4559973478317261; 1.0133998394012451; 0.056965138763189316; 
80; -0.5909914970397949; 0.2215062826871872; 0.17923182249069214; -0.44004371762275696; 1.12337064743042; 0.026341818273067474; 
79; -0.7809920310974121; 0.10954435169696808; -0.0518021322786808; -0.511021614074707; 1.0673186779022217; 0.18879999220371246; 
72; -0.9813949465751648; -0.03422258421778679; -0.026053909212350845; -0.3707684874534607; 1.0040651559829712; -0.07940272986888885; 
55; -1.3345751762390137; 0.4274716079235077; -0.10895086824893951; -0.5820673704147339; 1.1117559671401978; 0.03242064639925957; 
75; -0.7361558675765991; -0.08757900446653366; -0.06617837399244308; -0.2963702976703644; 1.3506228923797607; 0.07680368423461914; 
66; -1.1330655813217163; 0.08041298389434814; -0.1284678429365158; -0.43543747067451477; 1.147188425064087; 0.057177554816007614; 
67; -1.192819356918335; 0.04152176156640053; 0.2486734241247177; -0.3714648485183716; 1.080257534980774; -0.005334018263965845; 
68; -0.6500641107559204; 0.08397038280963898; -0.041330114006996155; -0.3972267806529999; 1.178609848022461; -0.004497431218624115; 
85; -0.7309495210647583; 0.10628955811262131; -0.2594372034072876; -0.36797040700912476; 1.0538666248321533; -0.14174506068229675; 
83; -0.8542197942733765; 0.008377725258469582; -0.15067288279533386; -0.3293840289115906; 1.0666801929473877; 0.1181328073143959; 
102; -0.995578408241272; 0.0747811570763588; -0.055588968098163605; -0.27542680501937866; 1.1474909782409668; -0.06973186135292053; 
101; -0.40715765953063965; 0.24192410707473755; 0.36382201313972473; -0.37538042664527893; 0.9608198404312134; -0.017431482672691345; 
112; -0.7688642144203186; 0.05305813252925873; -0.6054872870445251; -0.44279393553733826; 1.0979360342025757; -0.10383908450603485; 
109; -0.9181849360466003; 0.11663181334733963; 0.0971483439207077; -0.3706431984901428; 1.1270958185195923; -0.010928913950920105; 
105; -0.3615182936191559; 0.0922931358218193; 0.1246640756726265; -0.5162414908409119; 1.1132895946502686; -0.07702673971652985; 
107; -0.5459861159324646; 0.11940664052963257; 0.13904057443141937; -0.28991061449050903; 1.1373076438903809; 0.08375521749258041; 
117; -1.068739414215088; 0.13406410813331604; -0.31797894835472107; -0.3726079761981964; 1.0077812671661377; 0.06039527803659439; 
114; -1.0340369939804077; 0.3162122368812561; -0.19079601764678955; -0.412375271320343; 1.0675039291381836; 0.11757481098175049; 
119; -1.2987909317016602; 0.10594788193702698; -0.11544907093048096; -0.5277898907661438; 0.9461525082588196; -0.09972070157527924; 
108; -0.8368813991546631; 0.43537282943725586; 0.11357536166906357; -0.4595315158367157; 1.1812336444854736; -0.006784748286008835; 
116; -0.7499538660049438; 0.35085076093673706; 0.25169771909713745; -0.36798763275146484; 1.038931965827942; -0.042909979820251465; 
103; -0.7490899562835693; 0.35790780186653137; -0.06232614442706108; -0.34550008177757263; 0.9824052453041077; -0.013880335725843906; 
111; -1.248314380645752; 0.02649887651205063; -0.11333613097667694; -0.3762398660182953; 1.0728795528411865; 0.03906576707959175; 
113; -0.8770012259483337; 0.01552644744515419; 0.29220330715179443; -0.4440191388130188; 1.0807448625564575; 0.07854445278644562; 
115; -0.7693100571632385; 0.08856356143951416; -0.012301180511713028; -0.3864809274673462; 1.1929330825805664; 0.166823148727417; 
130; -1.0269434452056885; 0.2373574823141098; -0.12312960624694824; -0.3210667371749878; 1.1535258293151855; 0.011124232783913612; 
110; -0.6858163475990295; 0.06047797203063965; -0.13730335235595703; -0.3854181468486786; 1.113976240158081; 0.16023212671279907; 
106; -1.3758516311645508; 0.16381371021270752; 0.16468262672424316; -0.364719957113266; 1.2579244375228882; 0.09950542449951172; 
118; -0.8627191185951233; 0.3472157120704651; 0.0003948146477341652; -0.3032718002796173; 1.024492859840393; -0.10088995099067688; 
123; -0.8729131817817688; 0.28060460090637207; 0.06737063080072403; -0.42272835969924927; 1.1387583017349243; -0.06882122159004211; 
131; -0.5488096475601196; 0.25821453332901; 0.2246067225933075; -0.32401999831199646; 1.0554600954055786; -0.06256262212991714; 
129; -1.3044260740280151; 0.12401283532381058; -0.25841060280799866; -0.4385843873023987; 1.2738600969314575; 0.03611159324645996; 
124; -1.2368422746658325; 0.4835537374019623; -0.07916384190320969; -0.22346626222133636; 1.0812102556228638; -0.09802418202161789; 
120; -0.7567984461784363; 0.2816757559776306; -0.09816410392522812; -0.3578503131866455; 1.1896556615829468; 0.03290610387921333; 
122; -0.7660077810287476; 0.10206449776887894; -0.3209838271141052; -0.4667273759841919; 1.1575026512145996; 0.14523597061634064; 
128; -1.0336272716522217; 0.280977725982666; -0.34884771704673767; -0.4927656650543213; 0.977544367313385; -0.03396641090512276; 
121; -0.8169642686843872; 0.01944052428007126; -0.41158148646354675; -0.4340727925300598; 1.1505037546157837; 0.028439996764063835; 
125; -1.1524771451950073; 0.6179600954055786; 0.07390444725751877; -0.29641711711883545; 1.057806134223938; 0.05947590619325638; 
126; -1.5029842853546143; 0.3067265450954437; -0.28524601459503174; -0.40141379833221436; 0.9175752401351929; 0.0323902890086174; 
127; -1.559354543685913; -0.0628630518913269; -0.11710972338914871; -0.24495600163936615; 1.0771211385726929; 0.06509055197238922; 
104; -0.5891730189323425; 0.2634209990501404; 0.01380942203104496; -0.41701725125312805; 1.1585376262664795; -0.11630026996135712; 
147; -1.0575093030929565; 0.21641404926776886; 0.19862940907478333; -0.314466655254364; 1.1201478242874146; -0.036854617297649384; 
132; -0.5416921377182007; -0.13619980216026306; -0.37444689869880676; -0.5388090014457703; 1.2366005182266235; 0.09614493697881699; 
146; -0.9856232404708862; 0.26948922872543335; -0.1784481406211853; -0.3228830397129059; 1.1947144269943237; -0.12019187957048416; 
148; -0.7531283497810364; 0.24004006385803223; 0.028780531138181686; -0.19521866738796234; 1.0908175706863403; -0.11149527132511139; 
136; -0.9554522037506104; 0.16859596967697144; 0.3178524076938629; -0.32616233825683594; 1.1058107614517212; -0.0823269784450531; 
135; -1.1481051445007324; 0.05891350284218788; 0.01998579502105713; -0.37707284092903137; 1.0570122003555298; -0.08584636449813843; 
133; -0.9809567332267761; 0.11047117412090302; 0.002085130661725998; -0.3567379117012024; 1.0229971408843994; 0.07973390072584152; 
144; -0.9555021524429321; 0.3665110170841217; -0.21278898417949677; -0.3396501839160919; 1.1840615272521973; -0.019794924184679985; 
134; -0.881933331489563; -0.2025527060031891; 0.19208811223506927; -0.2870834469795227; 1.081393837928772; 0.05333511903882027; 
137; -0.8320753574371338; 0.2789138853549957; -0.0051697250455617905; -0.3601503372192383; 1.1133414506912231; -0.012013830244541168; 
138; -0.7387018799781799; -0.06475435197353363; -0.02226736769080162; -0.4900677800178528; 1.1399568319320679; 0.04848097264766693; 
141; -0.8439040184020996; 0.23454853892326355; -0.07774057984352112; -0.3617755174636841; 1.104676365852356; 0.17298826575279236; 
142; -0.7318373322486877; 0.4734426438808441; 0.10600598156452179; -0.47393709421157837; 1.0298632383346558; -0.008811277337372303; 
140; -0.7648886442184448; 0.44790828227996826; -0.26539090275764465; -0.6055042147636414; 1.1783580780029297; 0.10385605692863464; 
152; -0.6717438101768494; 0.2601911425590515; -0.45329344272613525; -0.43729862570762634; 1.0984899997711182; -0.046899713575839996; 
145; -0.902696967124939; 0.2849191427230835; 0.03889191895723343; -0.3081453740596771; 0.8558534979820251; 0.030389918014407158; 
154; -0.6477565765380859; 0.2534865438938141; 0.08361954241991043; -0.43172746896743774; 1.0313843488693237; 0.13679401576519012; 
153; -1.4097023010253906; 0.03524477779865265; -0.1591297686100006; -0.35320746898651123; 0.9857170581817627; 0.07313349097967148; 
150; -0.42059922218322754; 0.06822049617767334; -0.15703612565994263; -0.44782230257987976; 1.1766316890716553; -0.03933337330818176; 
159; -0.8803752064704895; -0.1725812554359436; 0.07083326578140259; -0.4647454023361206; 1.0923980474472046; -0.08477410674095154; 
167; -0.8827184438705444; 0.18518581986427307; 0.1409500390291214; -0.4498431086540222; 1.2261167764663696; 0.050267454236745834; 
158; -0.5472894310951233; 0.0354192778468132; -0.11572573333978653; -0.38515448570251465; 1.2758307456970215; 0.028622929006814957; 
166; -0.8908336162567139; -0.11968231201171875; -0.027431543916463852; -0.4922311305999756; 1.1933308839797974; -0.02559640258550644; 
165; -1.0720486640930176; 0.10194157809019089; -0.353831022977829; -0.4052402079105377; 1.0793554782867432; 0.01222875528037548; 
143; -0.7786402702331543; 0.07801418006420135; -0.037982277572155; -0.2666895091533661; 0.9855738282203674; 0.04136836901307106; 
139; -0.596084475517273; 0.03766358643770218; 0.0067907702177762985; -0.3961755335330963; 1.156567096710205; 0.002071651630103588; 
169; -1.4019041061401367; 0.20816603302955627; -0.14120055735111237; -0.3695318400859833; 1.0620685815811157; 0.0425681471824646; 
151; -0.41126108169555664; 0.6004605889320374; 0.3899485468864441; -0.3278910517692566; 1.161931037902832; 0.17376255989074707; 
168; -0.7885504364967346; 0.37876638770103455; 0.2573588490486145; -0.30423521995544434; 1.0066919326782227; -0.058639660477638245; 
162; -0.7588865756988525; 0.25541213154792786; 0.048159025609493256; -0.2610964775085449; 1.038295030593872; 0.033811863511800766; 
164; -0.8104631304740906; 0.41647958755493164; -0.21191643178462982; -0.33304864168167114; 1.2669651508331299; -0.06685753166675568; 
163; -0.7773120403289795; 0.1193598136305809; -0.1364135891199112; -0.4927586317062378; 1.143044114112854; -0.07756523042917252; 
175; -1.1836973428726196; 0.05387162044644356; -0.35427337884902954; -0.2836119532585144; 1.020456314086914; -0.1042029857635498; 
170; -1.2108609676361084; 0.3168454170227051; -0.030530039221048355; -0.3964657485485077; 1.2086594104766846; -0.1026318371295929; 
156; -0.8038312792778015; 0.30659154057502747; -0.2539041340351105; -0.29065829515457153; 1.0966359376907349; 0.01660054549574852; 
160; -0.9340610504150391; -0.06206994876265526; -0.12322209775447845; -0.2528783082962036; 1.0747182369232178; 0.11307716369628906; 
157; -1.054401159286499; 0.1169634535908699; -0.5174781084060669; -0.448681503534317; 1.0522987842559814; -0.043219249695539474; 
171; -0.8096339106559753; -0.04790586978197098; 0.058846697211265564; -0.32819104194641113; 1.0866236686706543; 0.1061088964343071; 
180; -0.5034895539283752; -0.03682165592908859; 0.16728909313678741; -0.3647085428237915; 1.069649577140808; -0.09591901302337646; 
177; -0.8135511875152588; 0.22403624653816223; 0.10745116323232651; -0.4744836390018463; 1.1398028135299683; -0.00536477193236351; 
188; -0.736884593963623; 0.267392098903656; 0.05372041091322899; -0.49083662033081055; 1.125235676765442; -0.002231098245829344; 
181; -0.5920493602752686; 0.20724360644817352; -0.14412415027618408; -0.40895578265190125; 1.0961754322052002; 0.0673811212182045; 
192; -0.8357399702072144; 0.14554378390312195; -0.26167210936546326; -0.2136492133140564; 1.0920249223709106; -0.001610917504876852; 
161; -0.9216521382331848; 0.5407583117485046; -0.19000659883022308; -0.20334546267986298; 1.0124666690826416; 0.11566539108753204; 
184; -0.862877607345581; 0.10107019543647766; -0.03584310784935951; -0.3276447355747223; 1.0270140171051025; 0.001894162967801094; 
174; -0.8382599353790283; 0.33143365383148193; -0.13418053090572357; -0.4140460193157196; 1.223340630531311; -0.06352569907903671; 
191; -0.9963746666908264; -0.23618705570697784; -0.2885165810585022; -0.3018399775028229; 1.0775940418243408; -0.0854450985789299; 
193; -0.9846739768981934; 0.07905545830726624; 0.3182107210159302; -0.3229964077472687; 1.0268316268920898; 0.055578120052814484; 
183; -0.6771309971809387; 0.3954026401042938; -0.06310582160949707; -0.46160319447517395; 1.0432806015014648; 0.04204653576016426; 
186; -1.1190966367721558; 0.2787439823150635; -0.07698200643062592; -0.41795116662979126; 1.1334716081619263; 0.015891533344984055; 
189; -0.7688422203063965; -0.07533396780490875; -0.002507401630282402; -0.4433041512966156; 1.0892778635025024; -0.08197329938411713; 
173; -0.7389718890190125; 0.4560346007347107; -0.14594802260398865; -0.4651821553707123; 1.1544077396392822; -0.19290190935134888; 
194; -0.8396598100662231; 0.32972589135169983; 0.041890230029821396; -0.4157387614250183; 1.0832674503326416; 0.039055369794368744; 
172; -0.8564628958702087; 0.2393033802509308; -0.15929430723190308; -0.4516361653804779; 1.06003737449646; 0.08449575304985046; 
187; -0.7281660437583923; 0.4692559242248535; -0.2573779225349426; -0.18190622329711914; 1.1245713233947754; 0.07421815395355225; 
179; -0.9087651968002319; 0.15607701241970062; 0.18404130637645721; -0.3627871572971344; 1.3093512058258057; 0.16319362819194794; 
176; -0.76067715883255; 0.19849714636802673; -0.08114907890558243; -0.47584909200668335; 0.9763264060020447; -0.024196159094572067; 
185; -0.6293487548828125; 0.061090171337127686; 0.15041013062000275; -0.41383862495422363; 1.0180059671401978; 0.05259080231189728; 
195; -0.9509152173995972; 0.42733293771743774; 0.25423598289489746; -0.418052077293396; 1.0483890771865845; 0.10581719875335693; 
155; -0.7346948385238647; 0.0596831776201725; 0.12585954368114471; -0.4711288511753082; 1.0685080289840698; 0.0019616354256868362; 
190; -1.0063143968582153; 0.3507551848888397; 0.07365193963050842; -0.4328172206878662; 1.0482594966888428; 0.08865141123533249; 
197; -0.9941815137863159; 0.4541385769844055; -0.1492634415626526; -0.4002348780632019; 0.9809104204177856; -0.045105691999197006; 
178; -0.27486351132392883; 0.2383183389902115; -0.2539651095867157; -0.37954360246658325; 1.0395032167434692; -0.017299914732575417; 
199; -1.0822715759277344; 0.040614183992147446; -0.21390341222286224; -0.2713283896446228; 1.0674893856048584; -0.047756243497133255; 
196; -0.657002329826355; 0.1387496143579483; -0.29213353991508484; -0.3937317430973053; 1.1609266996383667; -0.06577301025390625; 
198; -0.9879685044288635; 0.3074610233306885; -0.02966674603521824; -0.3298147916793823; 1.0708235502243042; -0.04503447189927101; 
182; -0.932921290397644; 0.4027170240879059; 0.3248903751373291; -0.40925270318984985; 1.0261385440826416; -0.13610228896141052; 
149; -1.0633625984191895; 0.21214084327220917; 0.30472418665885925; -0.48402753472328186; 1.1846345663070679; 0.14110171794891357; 
200; -1.042169451713562; 0.0685487762093544; 0.283704936504364; -0.5188356637954712; 1.0408791303634644; -0.033591244369745255; 
213; -0.8018839359283447; 0.07440467178821564; -0.1265420764684677; -0.5383030772209167; 1.0424762964248657; 0.035653479397296906; 
202; -0.7365236878395081; 0.0646626278758049; -0.5881104469299316; -0.32422778010368347; 1.0215237140655518; -0.011001693084836006; 
241; -0.7924688458442688; 0.20852704346179962; 0.1117657870054245; -0.21567845344543457; 0.9582645297050476; -0.1124945878982544; 
223; -0.6307156682014465; 0.5097747445106506; -0.04116995260119438; -0.38315579295158386; 1.1193538904190063; -0.15340787172317505; 
212; -0.7096611261367798; 0.42692071199417114; -0.04340030997991562; -0.4650072753429413; 1.1157602071762085; 0.032883599400520325; 
204; -0.9819943308830261; -0.09056296944618225; 0.006347723305225372; -0.29934602975845337; 1.0371432304382324; 0.07967032492160797; 
240; -1.1304786205291748; 0.22532768547534943; -0.06623542308807373; -0.44069942831993103; 1.1396275758743286; -0.21216700971126556; 
221; -1.1233247518539429; 0.14904578030109406; 0.004738550633192062; -0.4837202727794647; 1.2209833860397339; 0.05202507972717285; 
200; -1.0421693325042725; 0.068548783659935; 0.2837049663066864; -0.5188356637954712; 1.0408790111541748; -0.033591244369745255; 
205; -0.7207184433937073; -0.07981535792350769; -0.0979747474193573; -0.38603147864341736; 1.0718494653701782; -0.025032157078385353; 
244; -0.8757215142250061; 0.010835898108780384; -0.15607669949531555; -0.4676285684108734; 0.9115962386131287; -0.0012573804706335068; 
216; -1.2135628461837769; 0.023229481652379036; -0.06878981739282608; -0.303743451833725; 1.0588375329971313; 0.02536768838763237; 
224; -0.2310085892677307; 0.45085909962654114; 0.0007778357248753309; -0.2950083613395691; 1.1009002923965454; -0.11775091290473938; 
237; -1.3662803173065186; 0.38246574997901917; 0.023728009313344955; -0.3690275251865387; 1.108489990234375; -0.0404423363506794; 
243; -1.0939408540725708; 0.2065919041633606; -0.18805810809135437; -0.48131585121154785; 1.023953914642334; 0.008821052499115467; 
226; -0.6643555760383606; 0.1515946239233017; 0.0887308418750763; -0.4652029275894165; 1.0796775817871094; 0.2646680474281311; 
227; -1.0469138622283936; 0.21428336203098297; -0.028821712359786034; -0.4492119550704956; 1.2707725763320923; 0.02795092761516571; 
206; -0.8323253393173218; 0.2894502878189087; 0.34786680340766907; -0.5839341282844543; 1.1818625926971436; -0.08936874568462372; 
236; -0.5814180970191956; 0.24081194400787354; 0.015816839411854744; -0.4071916937828064; 1.0469286441802979; 0.036951661109924316; 
248; -0.7971344590187073; 0.07079047709703445; 0.21612930297851562; -0.38240939378738403; 1.1503251791000366; 0.013651568442583084; 
238; -1.3298308849334717; 0.19275110960006714; 0.020495347678661346; -0.3930034041404724; 1.0741828680038452; -0.1433926224708557; 
229; -0.9508620500564575; 0.405193567276001; -0.43340104818344116; -0.5304666757583618; 1.0075862407684326; 0.019643031060695648; 
228; -0.9168452620506287; 0.18271374702453613; 0.10276845097541809; -0.4631016254425049; 1.1227216720581055; -0.06314563006162643; 
214; -0.8682230710983276; 0.09982366114854813; -0.1105894222855568; -0.41959282755851746; 1.1766722202301025; -0.04531190171837807; 
231; -1.163020372390747; 0.38555315136909485; -0.41055330634117126; -0.40127891302108765; 1.1921952962875366; 0.05980227142572403; 
234; -0.7044727206230164; -0.0659884512424469; -0.26543906331062317; -0.2987653911113739; 1.2484389543533325; 0.004391655325889587; 
209; -1.200022578239441; 0.2821407914161682; -0.13522492349147797; -0.5315135717391968; 1.0973221063613892; 0.014994028955698013; 
235; -0.8582810759544373; 0.12800417840480804; 0.090294249355793; -0.3194807171821594; 1.1409246921539307; 0.0180869959294796; 
225; -1.0506473779678345; 0.3431975841522217; -0.20723184943199158; -0.4616560935974121; 1.0640065670013428; -0.11458901315927505; 
220; -0.7360817193984985; 0.08714176714420319; -0.05732762813568115; -0.3851722478866577; 1.1855584383010864; 0.2359742820262909; 
251; -0.7715960144996643; 0.04946010559797287; -0.035409584641456604; -0.3146207630634308; 1.0320783853530884; -0.14974571764469147; 
222; -0.5360844135284424; 0.11654149740934372; -0.338685542345047; -0.3043907582759857; 1.1366773843765259; 0.003787543624639511; 
218; -0.9572606682777405; 0.039649493992328644; 0.1263122707605362; -0.3042282462120056; 1.0408672094345093; 0.1452496200799942; 
253; -0.7593021988868713; 0.24483081698417664; -0.06585580855607986; -0.30172160267829895; 1.183997631072998; 9.429268538951874e-05; 
210; -1.013060450553894; 0.3044710159301758; 0.05884993448853493; -0.5879586338996887; 1.026901125907898; -0.046727195382118225; 
207; -1.0318608283996582; 0.14648254215717316; -0.08359118551015854; -0.44010335206985474; 0.9525971412658691; -0.01418074406683445; 
215; -0.7611915469169617; 0.2555931508541107; -0.085325226187706; -0.5707122683525085; 1.0250073671340942; 0.20208048820495605; 
208; -0.6396041512489319; 0.026049286127090454; 0.08817014843225479; -0.4730989933013916; 1.0795468091964722; -0.08809637278318405; 
258; -0.7727129459381104; 0.17477747797966003; -0.14268307387828827; -0.4252276122570038; 1.0427969694137573; 0.0459432490170002; 
203; -0.7398642301559448; 0.33776572346687317; 0.01976238563656807; -0.2704744040966034; 1.199967384338379; 0.045443661510944366; 
239; -1.3492003679275513; 0.1293843388557434; 0.20901358127593994; -0.26018989086151123; 1.0591561794281006; 0.03279866650700569; 
261; -0.6893641352653503; 0.040466487407684326; -0.025746790692210197; -0.44315576553344727; 1.0198514461517334; 0.05189485102891922; 
256; -1.142112374305725; -0.05381191894412041; 0.127188041806221; -0.36278292536735535; 0.9789870977401733; -0.02381715178489685; 
245; -0.8392254710197449; 0.23007503151893616; 0.1348934769630432; -0.3837328553199768; 0.9986140131950378; 0.05416976287961006; 
219; -0.9653335213661194; 0.44023314118385315; 0.01583651639521122; -0.3948727250099182; 1.1634210348129272; -0.20861263573169708; 
211; -1.1229065656661987; 0.03587597236037254; 0.10562411695718765; -0.3382089138031006; 1.14357590675354; 0.024194274097681046; 
232; -0.6172454357147217; -0.1506565362215042; 0.17934958636760712; -0.5560623407363892; 1.0275053977966309; -0.033710602670907974; 
246; -1.189180850982666; 0.3544861674308777; 0.14515988528728485; -0.3956642150878906; 1.084376573562622; -0.00629351194947958; 
264; -0.954463005065918; -0.05727187544107437; -0.3466184139251709; -0.32121434807777405; 1.1750577688217163; 0.038463082164525986; 
275; -0.8731275796890259; 0.28369876742362976; -0.32337871193885803; -0.28591620922088623; 0.9500601887702942; -0.1060868576169014; 
201; -1.0942939519882202; 0.19377382099628448; -0.1613929569721222; -0.3771011531352997; 1.059696912765503; -0.12688323855400085; 
249; -1.0236164331436157; -0.08860781788825989; -0.06446357816457748; -0.587885320186615; 1.1865226030349731; 0.0892239436507225; 
217; -1.0247260332107544; -0.17034076154232025; -0.07512430846691132; -0.4048454165458679; 1.0811686515808105; 0.13558393716812134; 
269; -0.9266194105148315; 0.1991463601589203; -0.1952604353427887; -0.39946484565734863; 0.9944489002227783; -0.09380002319812775; 
252; -1.0516777038574219; 0.2789618670940399; -0.019235756248235703; -0.4280577600002289; 1.221426248550415; -0.04931168630719185; 
266; -1.1135822534561157; 0.15843336284160614; -0.007584765087813139; -0.3194520175457001; 1.141182541847229; -0.008841223083436489; 
260; -0.912808895111084; 0.4354957342147827; 0.054799385368824005; -0.2431948482990265; 1.0566821098327637; -0.189268097281456; 
267; -0.8742774724960327; 0.08861915022134781; -0.4716542065143585; -0.4022163450717926; 1.1081877946853638; -0.002779900562018156; 
265; -1.033833384513855; -0.2143717259168625; -0.15609104931354523; -0.30724552273750305; 0.9976800084114075; 0.03964460268616676; 
276; -0.9580762982368469; -0.18717455863952637; 0.049819398671388626; -0.4336877763271332; 0.9846214056015015; -0.0009629912674427032; 
294; -0.2997494637966156; 0.28820565342903137; 0.019336741417646408; -0.38684961199760437; 1.088415265083313; -0.17810699343681335; 
262; -0.8623450994491577; 0.12093464285135269; -0.03778649494051933; -0.2804134786128998; 1.0752865076065063; -0.0030686315149068832; 
242; -0.9114939570426941; -0.06384847313165665; 0.20553641021251678; -0.3135368227958679; 1.2561644315719604; 0.0730518102645874; 
254; -0.7207481861114502; 0.39764952659606934; 0.0963718593120575; -0.3067435920238495; 1.0462573766708374; 0.004338860511779785; 
293; -0.8376386761665344; 0.4946327805519104; -0.16678711771965027; -0.33150941133499146; 1.002380609512329; 0.06222379580140114; 
263; -0.8077085614204407; 0.08209685236215591; -0.236516535282135; -0.4359665513038635; 1.1800506114959717; -0.06257378309965134; 
274; -0.892187237739563; 0.2095123529434204; -0.13428698480129242; -0.5333985686302185; 1.2528549432754517; 0.025885414332151413; 
230; -0.6822991371154785; 0.10858318209648132; -0.1270023137331009; -0.3709827959537506; 1.1620283126831055; -0.04786762222647667; 
279; -0.9895409941673279; 0.23546864092350006; -0.13140535354614258; -0.400876522064209; 1.1517484188079834; -0.018120210617780685; 
270; -0.7975113391876221; 0.31898564100265503; -0.09001372009515762; -0.38602781295776367; 1.044213891029358; -0.05434441566467285; 
285; -0.6662886142730713; -0.09024468064308167; 0.03274013474583626; -0.5900608897209167; 0.931790828704834; 0.20031830668449402; 
287; -0.966046154499054; 0.4471549689769745; 0.09321745485067368; -0.49024638533592224; 1.1603270769119263; -0.08822712302207947; 
300; -0.8149561882019043; 0.15919353067874908; -0.0640067309141159; -0.2811468839645386; 1.0415809154510498; -0.03224929794669151; 
250; -0.5676543116569519; -0.10434723645448685; -0.14757965505123138; -0.4133114814758301; 1.1185275316238403; -0.04978984221816063; 
291; -0.8357924818992615; -0.055857524275779724; 0.0027089230716228485; -0.33110952377319336; 1.2243610620498657; 0.020874638110399246; 
282; -0.3249013125896454; 0.33654218912124634; -0.03724295273423195; -0.29928383231163025; 1.0686650276184082; 0.024515099823474884; 
290; -0.8353995084762573; 0.26150283217430115; 0.10510587692260742; -0.36662739515304565; 1.1330759525299072; 0.0785110592842102; 
286; -0.6959256529808044; 0.35264018177986145; -0.07854962348937988; -0.3779396712779999; 1.2666468620300293; -0.11450530588626862; 
233; -0.5995420217514038; 0.046550072729587555; 0.2221827358007431; -0.2800455391407013; 1.1765371561050415; -0.028245355933904648; 
281; -1.5106860399246216; 0.40041273832321167; -0.3148250877857208; -0.5170347094535828; 1.2697190046310425; -0.06935179978609085; 
247; -0.6093723177909851; -0.011930396780371666; -0.05778660625219345; -0.45847928524017334; 1.1234580278396606; -0.009911119937896729; 
302; -0.7902083396911621; 0.23736657202243805; 0.12239054590463638; -0.44068586826324463; 1.070858120918274; -0.02980957366526127; 
298; -1.0604497194290161; -0.0513167642056942; 0.2807174324989319; -0.502881646156311; 1.0877176523208618; -0.017600279301404953; 
283; -0.7817263603210449; 0.03595384955406189; 0.11864348500967026; -0.3675101399421692; 1.1169832944869995; 0.18749016523361206; 
292; -0.7632122039794922; 0.18222399055957794; -0.13725446164608002; -0.428345263004303; 1.1817706823349; 0.009402085095643997; 
289; -1.1101536750793457; 0.2148219645023346; -0.10760048031806946; -0.2532476782798767; 1.2567555904388428; -0.03286515921354294; 
277; -0.9070284366607666; -0.20811977982521057; -0.04298190027475357; -0.3275056779384613; 1.1600666046142578; 0.011827150359749794; 
306; -1.2848899364471436; 0.036072470247745514; 0.019617676734924316; -0.5662848949432373; 1.0241672992706299; -0.11256309598684311; 
296; -0.6875898838043213; -0.011572534218430519; 0.18987056612968445; -0.3993191421031952; 1.0766291618347168; -0.1710166484117508; 
268; -0.7705013751983643; 0.5608702301979065; 0.1875649243593216; -0.3183574974536896; 1.0553205013275146; 0.035025812685489655; 
284; -0.7006649971008301; 0.19366444647312164; 0.3099452555179596; -0.3662279546260834; 1.048110842704773; -0.11083725839853287; 
278; -0.9691281318664551; 0.10173431783914566; 0.1098918616771698; -0.33712005615234375; 1.1418802738189697; 0.016268160194158554; 
308; -0.674360990524292; 0.3823449909687042; 0.24396634101867676; -0.4210900068283081; 1.232337474822998; 0.03473209589719772; 
257; -0.2910080552101135; 0.4139727056026459; 0.3591386079788208; -0.29611462354660034; 0.9404734969139099; -0.14117206633090973; 
280; -0.48633402585983276; 0.4372701346874237; 0.17277884483337402; -0.3384358584880829; 1.2711197137832642; 0.02730080671608448; 
315; -0.559762179851532; 0.37709689140319824; -0.1844436079263687; -0.41768091917037964; 1.2188823223114014; -0.20515885949134827; 
272; -0.8999086618423462; 0.32313409447669983; -0.08662010729312897; -0.3317560851573944; 1.0732903480529785; 0.03646232187747955; 
307; -0.8441815972328186; 0.19317318499088287; -0.2895868718624115; -0.38798993825912476; 1.1396023035049438; 0.07769481092691422; 
309; -0.9334326386451721; 0.3624972701072693; 0.02403702773153782; -0.28503432869911194; 1.0807740688323975; 0.034192971885204315; 
273; -1.7400791645050049; 0.11596333980560303; 0.20545750856399536; -0.3778103291988373; 0.9685251712799072; -0.07400186359882355; 
297; -0.7826631665229797; -0.14451688528060913; 0.02949598617851734; -0.35625001788139343; 1.1272969245910645; 0.10291904956102371; 
301; -0.9229466915130615; 0.4495529532432556; -0.14926165342330933; -0.5519058108329773; 1.1567195653915405; -0.08822865784168243; 
310; -1.0596116781234741; 0.14524900913238525; 0.2744792401790619; -0.2942485809326172; 1.1926913261413574; 0.2038011997938156; 
304; -1.064858078956604; 0.1623414307832718; -0.061504386365413666; -0.3373430371284485; 1.1210044622421265; 0.0002914564684033394; 
288; -0.7342246174812317; 0.2240266501903534; 0.261162668466568; -0.2931659519672394; 0.9941606521606445; -0.06421268731355667; 
259; -0.9993205666542053; 0.40549176931381226; -0.2603481113910675; -0.3930138647556305; 1.0306389331817627; -0.061589475721120834; 
312; -1.0741455554962158; 0.2940709888935089; -0.07347190380096436; -0.41559797525405884; 1.1119449138641357; -0.16099591553211212; 
305; -1.2424750328063965; 0.36624959111213684; -0.04670225456357002; -0.4144192636013031; 1.1063047647476196; 0.05358012765645981; 
316; -0.8228073120117188; 0.4412253797054291; 0.03368702530860901; -0.3422608971595764; 1.2141096591949463; 0.057222750037908554; 
314; -0.913164496421814; 0.4570960998535156; 0.1698310524225235; -0.4521452486515045; 1.1120364665985107; -0.054507218301296234; 
323; -0.5439466238021851; 0.37304675579071045; -0.12341544032096863; -0.36727169156074524; 1.1851495504379272; -0.03883688151836395; 
299; -0.9668960571289062; 0.059691883623600006; -0.08488931506872177; -0.2539379298686981; 1.2326858043670654; 0.0938962921500206; 
331; -0.8522459268569946; 0.1461726874113083; -0.24049264192581177; -0.35161831974983215; 1.1259496212005615; -0.005165525712072849; 
295; -0.8905612230300903; 0.2505919635295868; -0.12648487091064453; -0.34324830770492554; 1.270444631576538; -0.07084840536117554; 
311; -1.0874451398849487; 0.14755120873451233; 0.14538562297821045; -0.44073331356048584; 1.0782873630523682; -0.05123557895421982; 
255; -0.8890333771705627; 0.3337908685207367; 0.1917193979024887; -0.4683609902858734; 1.0389575958251953; -0.12705779075622559; 
313; -0.7546989917755127; 0.22991535067558289; -0.24811945855617523; -0.38940897583961487; 1.0652878284454346; -0.1141451969742775; 
326; -0.7196660041809082; -0.2620646059513092; -0.14268918335437775; -0.37182390689849854; 1.135728359222412; 0.02961764484643936; 
271; -0.4946250319480896; 0.019958753138780594; 0.13968120515346527; -0.30792516469955444; 1.181457757949829; -0.015356790274381638; 
327; -0.34472590684890747; 0.09118066728115082; 0.0008427435532212257; -0.5286732316017151; 1.0326519012451172; 0.061563462018966675; 
341; -0.954182505607605; 0.0031293858774006367; 0.3847123384475708; -0.49196702241897583; 1.0736206769943237; 0.018157843500375748; 
334; -0.848477303981781; 0.17366836965084076; -0.0687335655093193; -0.4237746596336365; 1.1455951929092407; -0.08877052366733551; 
317; -0.734359860420227; 0.35090240836143494; -0.10207086056470871; -0.3586851954460144; 1.108417272567749; -0.047402992844581604; 
319; -0.8862713575363159; 0.0021773166954517365; 0.09233569353818893; -0.33964282274246216; 1.0765244960784912; -0.021309735253453255; 
330; -1.0097880363464355; 0.3546614944934845; 0.12981897592544556; -0.4674972891807556; 1.093259334564209; -0.13782790303230286; 
328; -1.2447779178619385; -0.15153618156909943; 0.07472921907901764; -0.34184104204177856; 0.964533269405365; 0.13470536470413208; 
336; -0.9171347618103027; 0.16731399297714233; 0.053452927619218826; -0.4307410418987274; 1.0497198104858398; -0.0008583832532167435; 
332; -0.5996281504631042; 0.2866772711277008; 0.22309494018554688; -0.19380585849285126; 0.8633373379707336; 0.03100191056728363; 
303; -0.7887561321258545; 0.28928902745246887; -0.11808634549379349; -0.40226417779922485; 0.9938579201698303; -0.06873602420091629; 
325; -0.8791908621788025; 0.3524858057498932; -0.241986483335495; -0.45640331506729126; 1.092799425125122; 0.024230072274804115; 
320; -0.9252989292144775; 0.08640743046998978; -0.0576176680624485; -0.4726606607437134; 1.1500208377838135; 0.0014439397491514683; 
324; -0.9851679801940918; 0.3162935674190521; -0.3047858774662018; -0.43921905755996704; 1.080133080482483; 0.1138835996389389; 
329; -0.6415321230888367; 0.3338148891925812; -0.01697196438908577; -0.43737509846687317; 1.0332541465759277; -0.08938369899988174; 
318; -0.9324514865875244; 0.029904218390583992; -0.041682831943035126; -0.308860719203949; 0.9900336861610413; -0.019634027034044266; 
357; -0.5329224467277527; 0.29686489701271057; -0.02466641739010811; -0.3924112915992737; 1.0177149772644043; 0.048871658742427826; 
322; -1.1879087686538696; 0.43653541803359985; -0.09312667697668076; -0.33902567625045776; 1.1094639301300049; 0.09863138198852539; 
335; -0.9052425622940063; 0.1313292682170868; -0.11214291304349899; -0.38478052616119385; 1.0064432621002197; -0.11169426143169403; 
351; -0.7165558934211731; 0.11939965933561325; 0.1943083107471466; -0.5293431878089905; 1.1950981616973877; -0.05186493694782257; 
337; -1.241628885269165; 0.03296888619661331; -0.006392881274223328; -0.45621824264526367; 1.061022400856018; 0.09408613294363022; 
366; -0.9855632781982422; 0.5916744470596313; -0.25207510590553284; -0.43382692337036133; 1.1968494653701782; -0.10632780939340591; 
356; -1.0260263681411743; 0.16823475062847137; -0.09240096807479858; -0.4451654851436615; 1.179650068283081; -0.01809554174542427; 
343; -0.6800318956375122; 0.4646609425544739; -0.17872928082942963; -0.5127861499786377; 1.1869537830352783; 0.04627202823758125; 
339; -0.5815674066543579; 0.22199676930904388; -0.023259764537215233; -0.44030269980430603; 1.0492397546768188; -0.05722510814666748; 
352; -0.7492283582687378; 0.23537865281105042; -0.04273261874914169; -0.44391581416130066; 0.9960373640060425; -0.14644132554531097; 
349; -0.6814651489257812; 0.1966821551322937; 0.0958675742149353; -0.46504974365234375; 1.0538500547409058; -0.009438779205083847; 
347; -0.708439826965332; 0.08628345280885696; 0.1248873770236969; -0.2962026596069336; 1.1344650983810425; -0.01514976006001234; 
344; -1.1386553049087524; 0.11260461807250977; 0.1171252429485321; -0.3789079189300537; 0.9987875819206238; -0.08920344710350037; 
350; -0.8947116136550903; 0.5846635103225708; 0.07046863436698914; -0.40689921379089355; 1.0280550718307495; -0.14094066619873047; 
346; -0.6277888417243958; 0.3721909821033478; -0.12627296149730682; -0.31007763743400574; 1.0464706420898438; 0.020293891429901123; 
348; -0.8959411978721619; 0.10396245121955872; -0.22405029833316803; -0.4206993877887726; 1.0513200759887695; -0.021474575623869896; 
338; -0.7775055766105652; -0.024126065894961357; -0.030347973108291626; -0.336687833070755; 0.9046261310577393; -0.023126980289816856; 
369; -0.5805607438087463; 0.1465204805135727; 0.048228669911623; -0.2889081537723541; 1.0759097337722778; -0.024446647614240646; 
342; -0.7407563924789429; -0.06591388583183289; 0.45379966497421265; -0.20204243063926697; 1.0040549039840698; 0.07597432285547256; 
360; -1.2687119245529175; 0.4345467686653137; -0.22548401355743408; -0.3859172463417053; 1.0564239025115967; -0.11891098320484161; 
345; -0.8486042022705078; 0.21532273292541504; 0.08118938654661179; -0.4709455072879791; 1.1414868831634521; 0.17245236039161682; 
355; -0.5918022990226746; 0.085455983877182; 0.1283816248178482; -0.47923925518989563; 1.0459849834442139; -0.044278230518102646; 
367; -0.6480270028114319; 0.53701251745224; 0.174386128783226; -0.37306275963783264; 1.0316848754882812; -0.03950214385986328; 
364; -0.6306297183036804; 0.703909695148468; 0.019168511033058167; -0.338115930557251; 1.2037110328674316; 0.03941328451037407; 
372; -1.1132539510726929; 0.23211875557899475; 0.3161226212978363; -0.36791470646858215; 1.091909408569336; 0.024134375154972076; 
379; -0.8588755130767822; 0.324426531791687; -0.09556678682565689; -0.4528900980949402; 1.098887324333191; 0.011190295219421387; 
368; -0.7059409618377686; 0.27855515480041504; -0.14279858767986298; -0.5651021599769592; 1.2062839269638062; -0.04660848528146744; 
370; -1.093276858329773; 0.1665571928024292; -0.3303591310977936; -0.48282936215400696; 1.1458373069763184; -0.08846785128116608; 
354; -1.0851126909255981; 0.39772698283195496; 0.08125673979520798; -0.3713231682777405; 1.201858639717102; -0.002013123594224453; 
353; -1.1920992136001587; 0.2638048529624939; 0.04817810654640198; -0.4564901888370514; 1.1125046014785767; -0.12223852425813675; 
377; -1.0346046686172485; 0.3689580261707306; -0.03358402103185654; -0.38587939739227295; 1.1346970796585083; 0.07357145100831985; 
333; -1.0596227645874023; 0.38792163133621216; 0.36553576588630676; -0.5938110947608948; 0.9879040718078613; -0.15956413745880127; 
362; -1.1334785223007202; 0.41658440232276917; -0.054512880742549896; -0.4256231188774109; 1.1950687170028687; 0.08252932131290436; 
321; -0.1912889927625656; 0.09730496257543564; -0.21307696402072906; -0.3900262713432312; 1.2023953199386597; 0.09064124524593353; 
376; -1.2200927734375; 0.3948841691017151; 0.27980345487594604; -0.572797954082489; 1.1552339792251587; -0.006399763748049736; 
375; -1.3039637804031372; 0.03030102699995041; 0.07246196269989014; -0.4388648271560669; 1.057085394859314; -0.029095927253365517; 
391; -0.9214256405830383; 0.03719744086265564; 0.08565407991409302; -0.3091721832752228; 1.1788510084152222; -0.07908132672309875; 
373; -0.9391760230064392; 0.1460316926240921; 0.06578286737203598; -0.23410727083683014; 1.298079252243042; 0.03344119340181351; 
380; -0.7159497737884521; 0.1725163608789444; -0.10318467020988464; -0.42052820324897766; 1.0871831178665161; -0.09122055023908615; 
340; -0.7715055346488953; 0.35195398330688477; 0.023177657276391983; -0.325806200504303; 1.2610727548599243; 0.0670565813779831; 
363; -1.0710937976837158; 0.2731792628765106; -0.2614055573940277; -0.3383314907550812; 0.9959647059440613; -0.13166770339012146; 
374; -0.8055787682533264; 0.06437666714191437; -0.3463561236858368; -0.4128546416759491; 1.064849615097046; 0.013150686398148537; 
397; -0.7775145769119263; 0.09786885231733322; 0.04525988548994064; -0.45219874382019043; 1.1352739334106445; 0.08196430653333664; 
378; -0.8986538052558899; 0.6226984262466431; 0.14672227203845978; -0.23691770434379578; 1.1183161735534668; -0.15769611299037933; 
385; -0.9729506373405457; 0.017088573426008224; 0.005297305062413216; -0.4841695725917816; 1.0675255060195923; -0.07016559690237045; 
388; -0.8408244848251343; 0.5111762881278992; 0.13473740220069885; -0.5030206441879272; 1.0054495334625244; 0.0741296261548996; 
389; -1.0639203786849976; 0.2687595784664154; -0.5217888355255127; -0.2483472228050232; 1.1423463821411133; 0.012683069333434105; 
403; -0.8490704894065857; 0.06871603429317474; -0.10107940435409546; -0.39293020963668823; 1.1171231269836426; 0.020114097744226456; 
390; -0.9673082232475281; 0.347625195980072; -0.14893417060375214; -0.2839074730873108; 1.1136384010314941; -0.13048823177814484; 
371; -0.7806112766265869; 0.21035148203372955; 0.1729770451784134; -0.47283321619033813; 1.0935544967651367; 0.033984702080488205; 
393; -1.0364515781402588; 0.22590522468090057; -0.23125799000263214; -0.3828076422214508; 1.0022956132888794; 0.04149589315056801; 
395; -0.8421191573143005; 0.14783048629760742; 0.04557263106107712; -0.374248743057251; 1.091849446296692; -0.027614429593086243; 
402; -0.8956034183502197; 0.37111544609069824; -0.1262333244085312; -0.31504493951797485; 1.0882457494735718; -0.1473192423582077; 
382; -0.4595189392566681; -0.09368953853845596; -0.12806878983974457; -0.553122341632843; 1.1155881881713867; -0.0752374678850174; 
404; -0.8838626146316528; -0.06034702807664871; -0.0009393878281116486; -0.50839763879776; 1.1705846786499023; 0.008466880768537521; 
384; -0.568229615688324; 0.2627631425857544; -0.17199203372001648; -0.4580352008342743; 1.1257015466690063; -0.01663549616932869; 
359; -0.7674580216407776; 0.3706103265285492; -0.00661299005150795; -0.4138606786727905; 1.00518798828125; -0.06450818479061127; 
361; -0.7438210844993591; 0.21443432569503784; -0.08952559530735016; -0.377172589302063; 0.9357222318649292; 0.03795962035655975; 
420; -0.5287416577339172; 0.19659161567687988; -0.3125287592411041; -0.3066904544830322; 1.0278507471084595; -0.00772505346685648; 
358; -1.0635493993759155; 0.19777585566043854; -0.5613727569580078; -0.39783355593681335; 1.111256718635559; -0.15445595979690552; 
383; -0.7451320290565491; 0.2593691945075989; 0.09884141385555267; -0.36595800518989563; 1.174386739730835; -0.08915979415178299; 
418; -1.056159496307373; 0.4020541310310364; -0.09528198838233948; -0.4290626347064972; 1.2178772687911987; 0.03586510941386223; 
409; -1.2737301588058472; 0.21297362446784973; 0.026857806369662285; -0.5203565359115601; 1.0531411170959473; 0.18551573157310486; 
406; -1.1754555702209473; -0.048614926636219025; -0.2770179212093353; -0.39853307604789734; 1.0054912567138672; -0.10270348191261292; 
398; -0.6028165221214294; 0.23379649221897125; 0.16657309234142303; -0.5035249590873718; 0.9842776656150818; 0.03153460845351219; 
411; -0.5922334790229797; 0.16754385828971863; 0.11993948370218277; -0.3301094174385071; 1.1254645586013794; -0.1059069111943245; 
392; -0.9177374839782715; 0.3015066087245941; 0.27195504307746887; -0.39567503333091736; 1.0484758615493774; 0.07765115797519684; 
413; -1.5978915691375732; 0.35350239276885986; 0.14046162366867065; -0.3289588987827301; 1.1524443626403809; -0.09636995941400528; 
425; -0.8863887786865234; 0.3147001266479492; -0.4298723042011261; -0.4162839949131012; 1.0071150064468384; -0.08549570292234421; 
412; -0.9548522233963013; 0.13492697477340698; -0.1686820089817047; -0.25941208004951477; 0.9955407977104187; 0.08342946320772171; 
396; -1.1722779273986816; -0.007501259446144104; 0.467677503824234; -0.3339310586452484; 1.0480802059173584; 0.12987913191318512; 
410; -0.6599313020706177; 0.3033451437950134; 0.3016797602176666; -0.4370494782924652; 1.0674946308135986; 0.10524467378854752; 
381; -1.1152163743972778; 0.26382091641426086; -0.222364604473114; -0.3299250304698944; 1.1562622785568237; -0.14339008927345276; 
394; -0.7857384085655212; 0.11284245550632477; -0.24483276903629303; -0.4829322099685669; 0.9834957718849182; 0.0274345725774765; 
421; -0.6387007236480713; 0.22347243130207062; 0.1137358546257019; -0.558232843875885; 0.9528632164001465; 0.003921850584447384; 
400; -0.5716140270233154; -0.10589586943387985; -0.04980079084634781; -0.3626938462257385; 1.1064865589141846; -0.13854606449604034; 
422; -0.6573523879051208; -0.04884490743279457; -0.11667095869779587; -0.3343818783760071; 1.073311448097229; 0.04667538031935692; 
407; -0.8418218493461609; 0.259964257478714; 0.05172094702720642; -0.40266498923301697; 1.1679824590682983; -0.10924448072910309; 
427; -0.970442533493042; 0.1330970674753189; 0.04393058642745018; -0.4576514959335327; 1.064340591430664; -0.07840409874916077; 
428; -0.7046011090278625; 0.13731905817985535; -0.17590008676052094; -0.3726979196071625; 1.0317751169204712; -0.004941941238939762; 
365; -1.1162225008010864; 0.1031368300318718; -0.7201915979385376; -0.28825774788856506; 1.1225587129592896; -0.0318068265914917; 
405; -1.057977318763733; 0.28633835911750793; 0.16315871477127075; -0.32041531801223755; 1.1091570854187012; -0.007147015072405338; 
417; -0.8955551981925964; 0.004347078502178192; -0.2161518782377243; -0.4096846580505371; 1.0930520296096802; -0.12981224060058594; 
419; -1.1676346063613892; -0.057886891067028046; -0.24761973321437836; -0.3152049779891968; 0.9555364847183228; -0.1673528552055359; 
426; -0.6840607523918152; 0.012539814226329327; 0.09392812848091125; -0.34130388498306274; 1.1523209810256958; -0.0019040852785110474; 
434; -0.7912141680717468; 0.03443358466029167; -0.6282756328582764; -0.38214540481567383; 1.035459041595459; 0.13587340712547302; 
438; -0.7118916511535645; 0.25452688336372375; 0.12696221470832825; -0.2582087516784668; 1.153104305267334; 0.08094722032546997; 
431; -0.5926075577735901; 0.17183223366737366; -0.3961159586906433; -0.34033340215682983; 0.9524661898612976; 0.08500486612319946; 
442; -0.589465320110321; 0.06582435965538025; -0.1641579568386078; -0.45106276869773865; 1.229469656944275; 0.06343202292919159; 
423; -1.058132290840149; 0.2931048572063446; -0.04209785535931587; -0.45200806856155396; 1.0043461322784424; -0.010703685693442822; 
443; -0.9737893342971802; 0.26452481746673584; -0.38410380482673645; -0.37444090843200684; 1.11582350730896; 0.10065492987632751; 
444; -0.8886585235595703; 0.13749545812606812; -0.04331641644239426; -0.45711153745651245; 1.159968376159668; 0.0019100373610854149; 
432; -0.6684814095497131; -0.15896733105182648; -0.36471670866012573; -0.479274719953537; 1.093514084815979; -0.14532653987407684; 
401; -1.0360831022262573; 0.327768474817276; 0.04488493502140045; -0.47249090671539307; 1.2235578298568726; -0.09251349419355392; 
387; -0.6371895670890808; 0.29909977316856384; -0.06169171631336212; -0.4887681007385254; 1.045172095298767; -0.038561247289180756; 
436; -1.0145339965820312; 0.38660815358161926; -0.10937480628490448; -0.3361590504646301; 1.0606415271759033; -0.15427693724632263; 
437; -0.7979034781455994; 0.08501680940389633; -0.12659551203250885; -0.3868609368801117; 0.978706419467926; -0.03502742573618889; 
399; -1.1088088750839233; 0.021762404590845108; -0.015809332951903343; -0.28587207198143005; 1.1700853109359741; -0.02349303662776947; 
439; -0.7967509627342224; 0.24391314387321472; 0.025030627846717834; -0.5199900269508362; 1.0760886669158936; -0.08819188177585602; 
445; -0.9668070673942566; 0.2479071468114853; -0.32987523078918457; -0.5281921029090881; 0.9873917102813721; 0.04116995632648468; 
440; -0.7675140500068665; 0.2183106392621994; -0.2498316764831543; -0.41407397389411926; 0.9762696623802185; -0.061109237372875214; 
459; -0.7898728251457214; 0.35689857602119446; 0.23363769054412842; -0.2637052536010742; 1.1614583730697632; 0.043228961527347565; 
408; -0.9497696161270142; 0.6004195809364319; 0.4266034662723541; -0.29796138405799866; 1.0838276147842407; -0.07241952419281006; 
454; -0.7372356653213501; 0.1307845562696457; -0.0898151844739914; -0.42270708084106445; 1.1234538555145264; 0.08227074891328812; 
452; -0.3457558751106262; 0.184381902217865; -0.20078280568122864; -0.4998839497566223; 0.9263846278190613; 0.03623933345079422; 
414; -0.617189884185791; 0.7622407078742981; 0.3608768582344055; -0.4220302402973175; 1.2080531120300293; 0.02545843832194805; 
468; -1.3867214918136597; 0.2603502571582794; -0.3236626982688904; -0.38541221618652344; 1.2502572536468506; 0.002653496339917183; 
448; -0.69899982213974; 0.35036396980285645; 0.02101173624396324; -0.437266081571579; 1.0070246458053589; 0.06381028145551682; 
441; -0.784702479839325; 0.2125052958726883; -0.0287695974111557; -0.43024808168411255; 1.0204604864120483; -0.011421507224440575; 
386; -1.2550363540649414; -0.23336875438690186; 0.1291455626487732; -0.3828323185443878; 1.1122323274612427; -0.21637646853923798; 
474; -0.865212619304657; 0.19766326248645782; 0.199454665184021; -0.38037022948265076; 1.0022920370101929; -0.002116276416927576; 
450; -0.7958084940910339; 0.10611555725336075; 0.14754930138587952; -0.2664965093135834; 1.2519015073776245; 0.020824624225497246; 
453; -0.7519533634185791; -0.007668712176382542; 0.12653848528862; -0.34416499733924866; 1.169651746749878; 0.22870801389217377; 
467; -0.5715389847755432; 0.11081366240978241; -0.2578144073486328; -0.26593294739723206; 1.0793298482894897; 0.08419671654701233; 
430; -0.9628269672393799; 0.10005337744951248; 0.1717073619365692; -0.31290730834007263; 1.007047176361084; 0.1426825225353241; 
416; -0.8480587601661682; 0.37115922570228577; -0.08722557127475739; -0.39704981446266174; 1.1352828741073608; 0.08537540584802628; 
476; -0.9874036908149719; 0.11878055334091187; -0.1656772792339325; -0.41635608673095703; 1.0575162172317505; 0.0691189095377922; 
480; -1.5291918516159058; 0.21483223140239716; 0.10537055134773254; -0.5110546350479126; 1.144377589225769; -0.024712368845939636; 
457; -0.8851619958877563; 0.13582323491573334; -0.2590252161026001; -0.26835495233535767; 1.0307518243789673; 0.056755416095256805; 
458; -0.6040741205215454; 0.2263972908258438; 0.17149357497692108; -0.2609306871891022; 1.017162561416626; 0.052636899054050446; 
463; -0.5782245993614197; 0.09161597490310669; 0.245452880859375; -0.42663246393203735; 1.0834736824035645; -0.028535563498735428; 
433; -0.9336143732070923; 0.05829186365008354; 0.08769545704126358; -0.36244145035743713; 1.0295778512954712; -0.008522357791662216; 
455; -0.4658900201320648; 0.2818659543991089; -0.33161646127700806; -0.3912432789802551; 1.2284706830978394; 0.04019230604171753; 
449; -0.515546441078186; -0.00024304445832967758; 0.012926241382956505; -0.39729806780815125; 0.9724776744842529; 0.05294864624738693; 
470; -0.9990053176879883; 0.37626907229423523; 0.05909692868590355; -0.36193859577178955; 0.99052894115448; 0.05767754837870598; 
456; -0.9067021012306213; 0.2967701554298401; 0.060725487768650055; -0.4510507881641388; 0.9789578318595886; -0.09028962254524231; 
451; -0.8579671382904053; 0.12682776153087616; 0.061401285231113434; -0.4889858663082123; 1.1764477491378784; -0.02754276990890503; 
466; -0.9085046052932739; -0.2386312335729599; -0.18286192417144775; -0.5004808306694031; 1.177753210067749; -0.03411708399653435; 
461; -1.0112329721450806; -0.28159165382385254; -0.2892579436302185; -0.33264416456222534; 1.2510534524917603; -0.02697806805372238; 
460; -1.0748661756515503; 0.25920477509498596; -0.08393466472625732; -0.4389859139919281; 1.006813645362854; -0.09433139860630035; 
464; -0.6943925619125366; 0.18561723828315735; 0.22228595614433289; -0.5034461617469788; 1.0741254091262817; -0.13736553490161896; 
462; -0.9906700849533081; 0.17862972617149353; -0.2244642674922943; -0.44241318106651306; 0.9627332091331482; 0.03830689191818237; 
447; -1.142432451248169; 0.1288514882326126; 0.18865260481834412; -0.3363857865333557; 1.2029551267623901; -0.02735084854066372; 
415; -0.7616406679153442; 0.22792178392410278; -0.46960416436195374; -0.2912687063217163; 0.833669126033783; -0.05862988531589508; 
487; -0.7291358709335327; 0.10861923545598984; 0.0914546400308609; -0.3595280647277832; 1.1218620538711548; 0.07544991374015808; 
469; -0.63142329454422; 0.47001343965530396; -0.08501710742712021; -0.239942729473114; 1.038504719734192; 0.07229647040367126; 
483; -0.7386108636856079; 0.5507366061210632; 0.03314711153507233; -0.2519492208957672; 1.226973056793213; -0.018699433654546738; 
477; -1.409252643585205; 0.3324241638183594; 0.24089042842388153; -0.45144668221473694; 1.0760102272033691; -0.11651013791561127; 
424; -0.9565711617469788; 0.10704576969146729; 0.041862066835165024; -0.3159511387348175; 1.120341181755066; 0.04346929118037224; 
472; -0.9108780026435852; 0.358219712972641; 0.1471530944108963; -0.40603992342948914; 1.1242610216140747; 0.07730145007371902; 
435; -0.7072021961212158; -0.10162964463233948; -0.24440646171569824; -0.3432934880256653; 0.9484190344810486; -0.04949487745761871; 
471; -0.988579273223877; 0.21776224672794342; -0.1100776270031929; -0.43071994185447693; 0.9815676212310791; -0.03148086369037628; 
475; -1.072500228881836; 0.15252383053302765; -0.09839818626642227; -0.25790640711784363; 1.1662801504135132; -0.157069131731987; 
479; -1.185895323753357; 0.23161116242408752; 0.03084118291735649; -0.3897689878940582; 1.0633257627487183; 0.0997457280755043; 
484; -0.9340069890022278; 0.39694106578826904; 0.018674446269869804; -0.18722477555274963; 0.9459083676338196; -0.09696967899799347; 
465; -1.0608415603637695; 0.26098209619522095; -0.023720145225524902; -0.4712580740451813; 1.0916510820388794; -0.03608497232198715; 
496; -0.8366832137107849; 0.15896721184253693; -0.037978753447532654; -0.22085823118686676; 1.1128616333007812; -0.0014358633197844028; 
485; -1.277839183807373; 0.08107318729162216; 0.09036339074373245; -0.3725970983505249; 1.0906466245651245; -0.07552111893892288; 
429; -0.904776930809021; 0.42911967635154724; -0.17728212475776672; -0.45729318261146545; 1.2263437509536743; -0.04024854674935341; 
486; -0.7914237976074219; 0.13874951004981995; -0.17549629509449005; -0.35288795828819275; 1.063611626625061; 0.044772129505872726; 
473; -0.7792602181434631; 0.2758162021636963; -0.057364314794540405; -0.4830324351787567; 1.0962185859680176; -0.0003889492363668978; 
491; -0.5547018647193909; -0.010097350925207138; 0.08135050535202026; -0.5246627926826477; 1.0897741317749023; 0.03774018958210945; 
481; -1.0146492719650269; 0.24336828291416168; -0.2853683531284332; -0.301013320684433; 0.9939765334129333; 0.03570181131362915; 
488; -0.9682042002677917; 0.21922585368156433; -0.06779693067073822; -0.30649644136428833; 1.1528068780899048; 0.08982887864112854; 
446; -0.44358697533607483; 0.5695892572402954; -0.13227644562721252; -0.3127572536468506; 1.163068413734436; -0.041092753410339355; 
478; -0.8145344853401184; 0.000519690103828907; 0.034241899847984314; -0.4226330816745758; 1.06441068649292; 0.04569637030363083; 
490; -1.2957805395126343; 0.29002898931503296; -0.09507741034030914; -0.3725184202194214; 1.0373144149780273; 0.044212449342012405; 
493; -1.2706228494644165; 0.006041339598596096; -0.12579432129859924; -0.3753262758255005; 1.1181700229644775; 0.023680388927459717; 
499; -0.7908360958099365; 0.24612489342689514; -0.3648591637611389; -0.38421201705932617; 1.178017497062683; 0.047307081520557404; 
495; -0.6018447279930115; 0.3996453583240509; 0.05709805339574814; -0.48002055287361145; 1.2428696155548096; -0.13168898224830627; 
497; -1.0784598588943481; -0.08008132129907608; -0.07667404413223267; -0.3632606565952301; 0.952835738658905; -0.06569518893957138; 
489; -0.7553027272224426; 0.206842303276062; -0.03154350072145462; -0.3746221661567688; 1.1959660053253174; -0.022053368389606476; 
498; -0.8097761273384094; 0.3342093825340271; 0.01749088428914547; -0.5299520492553711; 1.1280758380889893; 0.011176119558513165; 
482; -0.9020649194717407; 0.12885229289531708; 0.1708795130252838; -0.3658927083015442; 1.2261993885040283; 0.07706465572118759; 
492; -0.7387726902961731; 0.3078218996524811; 0.025770731270313263; -0.37987959384918213; 1.0299819707870483; 0.0801410973072052; 
494; -1.2792420387268066; 0.32090824842453003; -0.05143558979034424; -0.4652135372161865; 1.0344237089157104; 0.024343442171812057; 
