26; -0.884457528591156; 0.39706069231033325; 0.16778823733329773; -0.37397265434265137; 1.041095495223999; -0.007719679735600948; 
35; -0.9296784400939941; 0.3590213358402252; -0.1493005007505417; -0.27063071727752686; 1.0724539756774902; -0.0578279122710228; 
40; -1.0168451070785522; 0.18291139602661133; -0.1660383641719818; -0.29196423292160034; 1.0179985761642456; 0.06117158755660057; 
20; -0.7996301651000977; 0.15015384554862976; -0.11621153354644775; -0.3564368486404419; 1.0866291522979736; 0.01132353488355875; 
9; -0.8800169229507446; 0.12452010810375214; -0.05196493864059448; -0.3189167380332947; 0.9602698087692261; -0.008819522336125374; 
25; -0.6668183207511902; 0.35567033290863037; -0.2763655483722687; -0.46526312828063965; 1.0332427024841309; -0.1589556336402893; 
21; -0.7697662115097046; -0.009221861138939857; 0.09789132326841354; -0.38243368268013; 1.05448579788208; 0.09632070362567902; 
3; -0.8649139404296875; 0.30817005038261414; -0.13037647306919098; -0.34514254331588745; 1.0798239707946777; -0.03021439164876938; 
0; -0.950361967086792; 0.18822944164276123; 0.1951112598180771; -0.39088118076324463; 1.0965691804885864; 0.04292399808764458; 
; 
29; -0.6850703358650208; 0.11472444236278534; 0.1509343683719635; -0.3102456331253052; 1.1258631944656372; 0.02417406067252159; 
33; -0.8537721037864685; 0.2335362583398819; 0.13349966704845428; -0.4454341232776642; 0.9925282001495361; -0.007909474894404411; 
36; -0.9491643309593201; 0.2755487561225891; -0.09227943420410156; -0.35916784405708313; 1.015277624130249; 0.056038565933704376; 
13; -0.8960188031196594; -0.052186522632837296; 0.2869972288608551; -0.45162850618362427; 1.1563445329666138; 0.04874565824866295; 
39; -0.970047652721405; 0.072719506919384; 0.020741762593388557; -0.3931664228439331; 1.1318038702011108; -0.0043743993155658245; 
47; -0.8316789269447327; 0.20516462624073029; 0.13310550153255463; -0.3215153217315674; 1.0334832668304443; -0.07621298730373383; 
38; -0.7828218936920166; 0.30720674991607666; -0.16425085067749023; -0.36543431878089905; 1.2053396701812744; -0.06664622575044632; 
8; -0.8006519675254822; -0.07534578442573547; -0.06648093461990356; -0.3166070282459259; 1.1889289617538452; -0.004910701885819435; 
6; -0.6598013043403625; 0.3480258285999298; -0.0730276107788086; -0.3931860327720642; 1.1030421257019043; -0.0017891507595777512; 
19; -1.0214478969573975; 0.019366387277841568; -0.004177485592663288; -0.3815278112888336; 1.1612671613693237; 0.04902234673500061; 
49; -0.9563090205192566; 0.32964813709259033; 0.018486155197024345; -0.4831896424293518; 1.1415565013885498; 0.08776021748781204; 
28; -0.7062180638313293; 0.2695387899875641; 0.12128696590662003; -0.3855817914009094; 1.0343761444091797; -0.07104059308767319; 
15; -1.3903675079345703; 0.07430358976125717; 0.17170871794223785; -0.41684773564338684; 1.0554059743881226; -0.08658803999423981; 
37; -1.3448594808578491; 0.1089518591761589; 0.03437419235706329; -0.46217209100723267; 1.001918077468872; 0.15323781967163086; 
18; -0.9335501194000244; 0.09687120467424393; -0.569686233997345; -0.420421838760376; 1.0412087440490723; 0.03607175871729851; 
41; -0.893865704536438; 0.3433079719543457; 0.27926573157310486; -0.39745575189590454; 0.9431857466697693; 0.07304912060499191; 
10; -0.8523964285850525; 0.17084059119224548; -0.4844331741333008; -0.3880038857460022; 1.0293177366256714; -0.026428785175085068; 
43; -0.7111099362373352; 0.21231159567832947; 0.19600094854831696; -0.4312017858028412; 1.011565923690796; -0.09246126562356949; 
7; -1.3179819583892822; 0.19464680552482605; 0.16646651923656464; -0.29941561818122864; 1.0402990579605103; 0.054018281400203705; 
46; -1.2484095096588135; 0.09291727840900421; 0.30778831243515015; -0.4797079265117645; 1.0935988426208496; -0.11092503368854523; 
34; -0.6532089710235596; 0.39453163743019104; -0.05924210697412491; -0.438903272151947; 1.101273536682129; -0.09129856526851654; 
45; -0.7785413265228271; 0.4739011824131012; 0.13455355167388916; -0.3800223469734192; 1.0688890218734741; 0.03548801317811012; 
42; -0.9931279420852661; 0.12552975118160248; -0.2801322937011719; -0.40465787053108215; 1.053183913230896; -0.05407153069972992; 
2; -1.2654094696044922; 0.3722050189971924; -0.11509024351835251; -0.3528057634830475; 0.9897353053092957; -0.008301012217998505; 
23; -0.6080551147460938; 0.1038198247551918; -0.13160201907157898; -0.37292730808258057; 1.2428377866744995; 0.09487054497003555; 
14; -0.7569316029548645; 0.09341546893119812; 0.24935369193553925; -0.37325793504714966; 1.0471662282943726; -0.08874381333589554; 
4; -0.8200632929801941; 0.06395785510540009; 0.06756206601858139; -0.41954007744789124; 1.1335475444793701; -0.10104969888925552; 
22; -0.936130702495575; 0.09021985530853271; -0.11501170694828033; -0.3172195255756378; 0.9913071393966675; 0.09265106916427612; 
30; -0.8087703585624695; -0.08674156665802002; -0.30049586296081543; -0.24514684081077576; 1.2228115797042847; 0.07015392184257507; 
5; -1.2200775146484375; 0.30763137340545654; 0.048692554235458374; -0.5133480429649353; 1.1620759963989258; -0.08928389847278595; 
48; -1.1622459888458252; 0.1922987401485443; 0.15479610860347748; -0.4087376594543457; 1.162796974182129; -0.08967404067516327; 
16; -1.026817798614502; 0.36294275522232056; -0.04364137351512909; -0.39396899938583374; 1.15200936794281; -0.025926927104592323; 
27; -1.2163165807724; 0.2030891478061676; -0.012766018509864807; -0.21608684957027435; 1.1433510780334473; 0.022777339443564415; 
11; -0.9769494533538818; 0.03213445842266083; 0.14865949749946594; -0.2898195683956146; 0.9719128608703613; -0.034851543605327606; 
1; -0.7421355843544006; 0.2378741055727005; -0.15417379140853882; -0.4714452624320984; 1.136555790901184; -0.025103557854890823; 
32; -0.6076326966285706; -0.007311265915632248; -0.00971304252743721; -0.3553052246570587; 1.0676920413970947; -0.0979352816939354; 
31; -0.6824995279312134; 0.28121069073677063; -0.2617932856082916; -0.5143899321556091; 1.0273358821868896; -0.13702696561813354; 
12; -0.897753894329071; 0.28675928711891174; -0.14031332731246948; -0.39701324701309204; 0.937782347202301; 0.17344070971012115; 
17; -0.7351905107498169; 0.3777705430984497; -0.2515006959438324; -0.37699970602989197; 1.0152535438537598; 0.053238872438669205; 
44; -0.6811302900314331; 0.40525880455970764; 0.21797075867652893; -0.420644074678421; 1.1946579217910767; 0.08171495795249939; 
50; -0.6802239418029785; 0.3539835214614868; -0.054740630090236664; -0.4881713092327118; 1.0576246976852417; -0.00196257047355175; 
88; -1.247346043586731; 0.15897788107395172; -0.2626689672470093; -0.34329476952552795; 1.0931105613708496; 0.10378608852624893; 
51; -0.7771420478820801; 0.30652520060539246; -0.17628756165504456; -0.35818982124328613; 0.955280601978302; -0.029664313420653343; 
54; -0.85860675573349; -0.013514723628759384; -0.020686164498329163; -0.3751068115234375; 1.0680949687957764; -0.0713040679693222; 
52; -0.7665408253669739; 0.26279157400131226; -0.07311975955963135; -0.29609206318855286; 1.0998718738555908; 0.03296327590942383; 
59; -1.0889102220535278; 0.08987639844417572; -0.028815843164920807; -0.4544261693954468; 1.162798523902893; 0.002197548747062683; 
94; -0.4751059412956238; 0.08768542855978012; 0.0842050164937973; -0.33259621262550354; 1.0757617950439453; -0.07009436190128326; 
95; -0.6341968178749084; 0.08503004908561707; 0.2810268998146057; -0.3776244521141052; 1.1667213439941406; 0.059943072497844696; 
96; -0.9671562910079956; 0.14758172631263733; -0.0772792175412178; -0.45375359058380127; 1.1143195629119873; 0.01479872316122055; 
100; -0.7056164741516113; 0.07244270294904709; 0.3251611292362213; -0.3473045229911804; 0.9951868057250977; 0.02288687601685524; 
65; -0.8109380006790161; 0.39284655451774597; 0.05913807079195976; -0.3084295988082886; 1.199286699295044; -0.01641608402132988; 
98; -0.9147105813026428; -0.07242122292518616; -0.07593929022550583; -0.4520473778247833; 1.099220633506775; -0.03848825767636299; 
97; -1.145146131515503; 0.2680770456790924; -0.048700712621212006; -0.4752488136291504; 0.9941427111625671; 0.00801392737776041; 
63; -0.8508081436157227; 0.40322163701057434; 0.2232687920331955; -0.48070037364959717; 1.206317663192749; 0.059130605310201645; 
60; -1.1120225191116333; 0.15505331754684448; 0.20657989382743835; -0.4248206615447998; 1.142209529876709; 0.10716873407363892; 
56; -1.0842794179916382; -0.05897388234734535; -0.1608952432870865; -0.3940785229206085; 1.0855106115341187; 0.06102754920721054; 
58; -0.7169914245605469; 0.09497436136007309; 0.11638332903385162; -0.5337383151054382; 1.0791630744934082; -0.13828958570957184; 
71; -1.1969244480133057; 0.3202797472476959; 0.04342489317059517; -0.45356112718582153; 1.0215108394622803; 0.04773378372192383; 
61; -0.7155938744544983; -0.10351724922657013; 0.15296155214309692; -0.4906728267669678; 1.1590907573699951; 0.045294661074876785; 
57; -0.9500589966773987; 0.07503153383731842; -0.055559463798999786; -0.3986767530441284; 1.119449257850647; 0.053460851311683655; 
77; -0.8393680453300476; 0.1321607232093811; -0.025375306606292725; -0.2523799538612366; 1.0609760284423828; 0.02865203469991684; 
62; -0.7210173606872559; 0.09138607978820801; -0.07152296602725983; -0.3941645324230194; 1.0611199140548706; 0.07981070876121521; 
64; -0.7209594249725342; 0.40423348546028137; -0.04314291849732399; -0.40917739272117615; 1.1758533716201782; 0.05429307371377945; 
91; -0.9216028451919556; 0.47046124935150146; -0.04622959718108177; -0.3588525354862213; 1.050724983215332; 0.0019538188353180885; 
86; -1.055027961730957; 0.36442437767982483; -0.2422732561826706; -0.3334924280643463; 1.134191870689392; 0.012583138421177864; 
93; -0.8626466393470764; 0.24732008576393127; 0.18755650520324707; -0.3680661916732788; 1.1194828748703003; 0.046496808528900146; 
76; -0.7389754056930542; 0.14001590013504028; 0.1516306847333908; -0.3541834354400635; 1.0717241764068604; 0.10067671537399292; 
84; -1.0429911613464355; 0.22568073868751526; -0.03994814306497574; -0.4406464695930481; 1.1496999263763428; 0.0073012700304389; 
89; -1.1280934810638428; 0.18321922421455383; -0.15640288591384888; -0.4589182734489441; 1.1830358505249023; -0.0447949655354023; 
92; -0.7294846177101135; 0.4032820761203766; 0.0990864560008049; -0.3541252315044403; 0.9453457593917847; 0.02211851254105568; 
74; -0.8732864260673523; 0.33687272667884827; 0.03757739067077637; -0.422062486410141; 1.0919350385665894; -0.01946089044213295; 
70; -0.9247015714645386; 0.3021247684955597; -0.4448178708553314; -0.4244953691959381; 0.9518939256668091; -0.03202444314956665; 
90; -0.7764192223548889; -0.1939433217048645; 0.16696488857269287; -0.320210337638855; 0.9789414405822754; 0.0881849005818367; 
99; -0.8348532915115356; -0.015061470679938793; -0.04401891306042671; -0.4547041356563568; 1.055277943611145; 0.02123076096177101; 
82; -1.2030879259109497; 0.14380274713039398; 0.20765022933483124; -0.3564656674861908; 1.1705574989318848; 0.05499124526977539; 
53; -0.781021773815155; -0.09968643635511398; -0.18260079622268677; -0.29368022084236145; 1.1288723945617676; -0.07686552405357361; 
87; -0.9819461107254028; 0.2667628228664398; 0.06341609358787537; -0.36963963508605957; 1.2906466722488403; 0.0822465643286705; 
69; -0.7853569388389587; 0.2727949917316437; -0.2774353623390198; -0.3643275201320648; 1.0234318971633911; 0.16974705457687378; 
73; -0.8771323561668396; -0.12781721353530884; 0.17092320322990417; -0.4758952856063843; 1.11812162399292; -0.05295155197381973; 
78; -0.7151813507080078; -0.13465146720409393; 0.24283015727996826; -0.2345208078622818; 1.016463041305542; -0.09780564159154892; 
80; -0.661352813243866; 0.23643946647644043; 0.15905822813510895; -0.3971588611602783; 1.0978262424468994; -0.055302612483501434; 
79; -0.7737248539924622; 0.20675355195999146; -0.045299235731363297; -0.4702393710613251; 1.1101502180099487; 0.14209912717342377; 
81; -0.6044522523880005; 0.42628148198127747; -0.10826532542705536; -0.4281907379627228; 1.1454232931137085; -0.00325075164437294; 
55; -1.2307302951812744; 0.35362404584884644; -0.045425672084093094; -0.5706321597099304; 1.1237903833389282; -0.03550809621810913; 
72; -1.1167584657669067; -0.046854957938194275; -0.12758198380470276; -0.3918333053588867; 1.0439521074295044; -0.07998163998126984; 
75; -0.8155766129493713; 0.022060107439756393; -0.20918028056621552; -0.34000369906425476; 1.2932660579681396; 0.06902925670146942; 
66; -1.0935120582580566; 0.16986113786697388; -0.25596389174461365; -0.4309755265712738; 1.1299630403518677; -0.008902140893042088; 
68; -0.6413739323616028; 0.15412814915180206; -0.09331678599119186; -0.40181779861450195; 1.230019211769104; 0.0481293648481369; 
67; -0.9537822008132935; -0.0024976469576358795; 0.12847016751766205; -0.289844810962677; 1.0253294706344604; -0.039195142686367035; 
85; -0.6796154975891113; 0.20584508776664734; -0.1326218545436859; -0.3848315477371216; 1.1259452104568481; -0.09693439304828644; 
83; -0.8256505727767944; 0.18869000673294067; -0.20761902630329132; -0.3562520146369934; 0.9957911968231201; 0.046396654099226; 
102; -1.2464803457260132; 0.1918329894542694; -0.14384816586971283; -0.20625336468219757; 1.0834449529647827; 0.006513806059956551; 
101; -0.5471060276031494; 0.17435577511787415; 0.3530611991882324; -0.2944685220718384; 1.064931035041809; 0.11820961534976959; 
109; -0.9866030216217041; 0.20490530133247375; 0.077410489320755; -0.3484959602355957; 1.1200758218765259; -0.0512164831161499; 
112; -0.7812449336051941; 0.009809981100261211; -0.45628878474235535; -0.41159218549728394; 1.050086498260498; -0.039917875081300735; 
107; -0.502983570098877; 0.1288028359413147; 0.03891759365797043; -0.3246053457260132; 1.1324596405029297; 0.11090310662984848; 
105; -0.5348734855651855; 0.0799006000161171; 0.023083176463842392; -0.4034751057624817; 1.0304951667785645; -0.07381366193294525; 
114; -1.0442758798599243; 0.2163027822971344; -0.18434423208236694; -0.362635999917984; 1.1315741539001465; 0.13350839912891388; 
117; -0.9763750433921814; 0.11846387386322021; -0.3658919632434845; -0.4670952558517456; 1.0038478374481201; 0.11860518157482147; 
119; -1.2305266857147217; 0.06316462904214859; -0.1675681173801422; -0.4397454857826233; 0.9903059601783752; -0.04559830203652382; 
116; -0.8233779668807983; 0.16362833976745605; 0.24118682742118835; -0.3924686312675476; 1.1100844144821167; -0.13842761516571045; 
103; -0.8849849104881287; 0.38761115074157715; -0.12557868659496307; -0.3717241883277893; 0.9172502756118774; -0.018447984009981155; 
108; -0.9354916214942932; 0.3471200466156006; 0.06705585867166519; -0.5059107542037964; 1.1817312240600586; -0.010210028849542141; 
115; -0.8642470836639404; 0.04245243966579437; -0.06627820432186127; -0.3968563377857208; 1.0959402322769165; 0.1314290314912796; 
113; -0.8674247860908508; -0.049204424023628235; 0.27712833881378174; -0.4789031744003296; 1.0486679077148438; 0.09577227383852005; 
111; -1.155572533607483; 0.03508489578962326; -0.02319571003317833; -0.38570457696914673; 1.03329598903656; 0.02652929164469242; 
110; -0.5351128578186035; -0.02777700126171112; -0.1522991955280304; -0.36972564458847046; 1.221606731414795; 0.1402139663696289; 
130; -1.1698040962219238; 0.4172912538051605; 0.018657948821783066; -0.43612584471702576; 1.1249191761016846; -0.04977000877261162; 
123; -0.9659551382064819; 0.29316088557243347; 0.12380644679069519; -0.4147520959377289; 1.0503548383712769; -0.05344323441386223; 
106; -1.5242387056350708; 0.1902252733707428; 0.00505487434566021; -0.38568511605262756; 1.310532569885254; 0.11201491206884384; 
131; -0.687571108341217; 0.09151732921600342; 0.1530769169330597; -0.3294098973274231; 1.0178136825561523; 0.035687558352947235; 
124; -1.1737666130065918; 0.4053952395915985; -0.04964745417237282; -0.276566743850708; 1.0880109071731567; -0.07292070984840393; 
118; -0.9590346813201904; 0.4609581232070923; 0.041635673493146896; -0.43400394916534424; 1.018394947052002; -0.09561523050069809; 
104; -0.628576934337616; 0.3001723289489746; -0.015132114291191101; -0.31700193881988525; 1.124306559562683; -0.1523423194885254; 
120; -0.7402451038360596; 0.21089300513267517; -0.056164857000112534; -0.35484540462493896; 1.1318601369857788; -0.02475154772400856; 
129; -1.212376356124878; 0.1972779482603073; -0.18005481362342834; -0.4422931373119354; 1.1356948614120483; -0.004437953233718872; 
128; -1.002445936203003; 0.20154380798339844; -0.3886965215206146; -0.4554661810398102; 1.0333915948867798; 0.0030264328233897686; 
122; -0.9013829827308655; 0.10784842818975449; -0.2064458429813385; -0.39375025033950806; 1.1355679035186768; 0.012549959123134613; 
121; -0.8754236698150635; 0.22710713744163513; -0.31375598907470703; -0.47437119483947754; 1.1148933172225952; 0.05545809119939804; 
127; -1.4283581972122192; -0.09027252346277237; -0.04411140829324722; -0.38552823662757874; 1.00984525680542; 0.0046403780579566956; 
125; -1.0980236530303955; 0.703380823135376; 0.10248301178216934; -0.3155779242515564; 1.0825202465057373; 0.11138096451759338; 
126; -1.4401068687438965; 0.343530535697937; -0.22313292324543; -0.39474382996559143; 0.9768396019935608; -0.013191500678658485; 
132; -0.5880780816078186; -0.09575004130601883; -0.32818061113357544; -0.4832339286804199; 1.2244946956634521; 0.067957803606987; 
147; -1.1061943769454956; 0.17375342547893524; 0.14283889532089233; -0.3823498487472534; 1.156460165977478; 0.01285918615758419; 
146; -0.9520682096481323; 0.20161350071430206; -0.32087022066116333; -0.3994466960430145; 1.0898303985595703; -0.01940777897834778; 
133; -0.9448897242546082; 0.051216572523117065; -0.056124210357666016; -0.3600442707538605; 1.038451910018921; 0.05729847773909569; 
136; -1.0306525230407715; 0.1989700347185135; 0.173884779214859; -0.2996706962585449; 1.1876722574234009; -0.08140391856431961; 
148; -0.8256707191467285; 0.3397299647331238; -0.15849024057388306; -0.2582942843437195; 1.0828278064727783; 0.015649989247322083; 
135; -0.9350947737693787; 0.11358243227005005; -0.13970695436000824; -0.38522961735725403; 1.0237966775894165; -0.024741215631365776; 
134; -0.9523904919624329; -0.05403231456875801; 0.23716843128204346; -0.3354003429412842; 1.1018768548965454; 0.03716345131397247; 
137; -0.8185107707977295; 0.12818604707717896; 0.013539851643145084; -0.3977106213569641; 1.0636169910430908; 0.022336799651384354; 
144; -0.8746669292449951; 0.30912843346595764; -0.18030156195163727; -0.3455519378185272; 1.1395351886749268; -0.016904372721910477; 
138; -0.8015779852867126; -0.08779600262641907; -0.02297542244195938; -0.30587393045425415; 1.047473430633545; 0.055158719420433044; 
141; -0.7514252662658691; 0.09023549407720566; -0.06449722498655319; -0.3493407368659973; 1.026257872581482; 0.09333989769220352; 
140; -0.8214038014411926; 0.4558785557746887; -0.16541637480258942; -0.5004506707191467; 1.208767056465149; 0.10868888348340988; 
142; -0.7884376049041748; 0.3308783173561096; 0.20435872673988342; -0.40575939416885376; 1.0150984525680542; 0.03244142606854439; 
152; -0.7264795303344727; 0.3326282799243927; -0.33147257566452026; -0.4548378884792328; 1.0040825605392456; -0.058177411556243896; 
145; -0.7969769239425659; 0.32298144698143005; 0.07660876959562302; -0.3087204098701477; 0.9877920150756836; 0.07295405864715576; 
154; -0.6054684519767761; 0.16934582591056824; 0.24594977498054504; -0.3528861105442047; 1.0861800909042358; 0.11257284879684448; 
153; -1.3982257843017578; -0.012448491528630257; 0.00067137461155653; -0.3940955698490143; 0.9427350759506226; 0.05929507315158844; 
143; -0.9959522485733032; 0.07726401835680008; 0.01904645934700966; -0.26995766162872314; 0.9811495542526245; 0.10819379985332489; 
150; -0.5532366037368774; 0.015963060781359673; -0.1022195890545845; -0.4545570909976959; 1.1709425449371338; 0.01651591621339321; 
159; -0.8934226036071777; -0.047843001782894135; 0.015327410772442818; -0.3871540427207947; 1.0993900299072266; -0.05297481641173363; 
139; -0.5404149293899536; 0.20698122680187225; -0.11247558146715164; -0.35290688276290894; 1.1299192905426025; -0.028185749426484108; 
167; -0.9118945598602295; 0.05513892322778702; 0.07884737104177475; -0.49389520287513733; 1.1595852375030518; -0.008167708292603493; 
158; -0.4525490403175354; 0.0835815891623497; -0.027673229575157166; -0.34407997131347656; 1.2949950695037842; 0.04836953431367874; 
165; -1.0891127586364746; 0.022573046386241913; -0.22281797230243683; -0.36031097173690796; 1.126725196838379; -0.01234748400747776; 
166; -0.8819373846054077; -0.053212665021419525; 0.05336129665374756; -0.47767874598503113; 1.1210054159164429; -0.03116326779127121; 
162; -0.8059033155441284; 0.2942984700202942; -0.12466339021921158; -0.36777549982070923; 1.0629523992538452; -0.02310018241405487; 
151; -0.5055276155471802; 0.4679638147354126; 0.20652705430984497; -0.32454198598861694; 1.1427206993103027; 0.16842329502105713; 
156; -0.7348005175590515; 0.23141378164291382; -0.1787823885679245; -0.41472703218460083; 1.1824933290481567; -0.03919743001461029; 
164; -0.8117409348487854; 0.48440617322921753; -0.19154754281044006; -0.3977961540222168; 1.2133227586746216; -0.0003486787900328636; 
157; -0.9746124744415283; -0.008588057942688465; -0.4870552122592926; -0.4828678369522095; 1.0555872917175293; -0.050958968698978424; 
169; -1.4150880575180054; 0.06657692044973373; -0.11828932911157608; -0.4112810790538788; 0.9978352785110474; 0.05515013262629509; 
163; -0.7673997282981873; 0.17099349200725555; -0.023604989051818848; -0.37546148896217346; 1.167901635169983; -0.028305353596806526; 
168; -0.8693209290504456; 0.47364121675491333; 0.14559482038021088; -0.3035937547683716; 1.0785199403762817; -0.01919713243842125; 
160; -0.9031676650047302; 0.05293215811252594; -0.11146596074104309; -0.34213319420814514; 1.1358723640441895; 0.0461842343211174; 
170; -1.1199984550476074; 0.2329629361629486; -0.0036801695823669434; -0.43544793128967285; 1.1680843830108643; -0.082689568400383; 
175; -1.0953261852264404; 0.10661717504262924; -0.2776010036468506; -0.36922866106033325; 1.0499454736709595; -0.0653470978140831; 
177; -0.8803535103797913; 0.21925674378871918; -0.07837805151939392; -0.44760236144065857; 1.1172889471054077; -0.002201638650149107; 
180; -0.42946740984916687; 0.06206103786826134; 0.2321634292602539; -0.3908107280731201; 1.1015793085098267; -0.08772934228181839; 
171; -0.842183530330658; -0.09982526302337646; 0.09276607632637024; -0.35760095715522766; 0.9804035425186157; 0.0076781827956438065; 
161; -1.0252326726913452; 0.39143237471580505; -0.09630235284566879; -0.19049404561519623; 1.0425944328308105; 0.0648636743426323; 
174; -0.8481642603874207; 0.3071248531341553; -0.11007519066333771; -0.4326218366622925; 1.1837422847747803; -0.08199131488800049; 
188; -0.6873700618743896; 0.27236542105674744; 0.010847852565348148; -0.40751713514328003; 1.1606547832489014; -0.010431328788399696; 
181; -0.716566264629364; 0.11951461434364319; -0.24861901998519897; -0.39841461181640625; 1.0980976819992065; 0.05434595048427582; 
184; -1.028446912765503; 0.0999702662229538; 0.07719433307647705; -0.41760188341140747; 1.0769203901290894; -0.0295399259775877; 
192; -0.803027331829071; 0.1657991260290146; -0.16577564179897308; -0.22915880382061005; 1.1388801336288452; -0.03566131740808487; 
189; -0.7360228300094604; 0.12710446119308472; -0.010199280455708504; -0.45059630274772644; 1.0938149690628052; 0.004073423333466053; 
186; -1.0318560600280762; 0.2818029522895813; -0.05247366800904274; -0.3854524493217468; 0.9705001711845398; 0.04124625027179718; 
193; -0.8020323514938354; 0.056038834154605865; 0.20531266927719116; -0.3362312912940979; 1.0418140888214111; 0.04199495539069176; 
183; -0.8364302515983582; 0.4529615044593811; -0.05645555257797241; -0.4399445056915283; 1.0370668172836304; 0.0016748663038015366; 
191; -0.932075023651123; -0.16366887092590332; -0.20536497235298157; -0.2485317885875702; 1.0917729139328003; -0.07407193630933762; 
172; -0.9212848544120789; 0.2667098641395569; -0.10144675523042679; -0.350574791431427; 0.9643835425376892; -0.003167944960296154; 
194; -0.8229948282241821; 0.3408880829811096; -0.036044057458639145; -0.4281861186027527; 1.0745872259140015; 0.03998507559299469; 
173; -0.6961811780929565; 0.3249211311340332; -0.029350804165005684; -0.4831998944282532; 1.0988558530807495; -0.22783887386322021; 
185; -0.7359212040901184; 0.07345236092805862; 0.03990670666098595; -0.4129577875137329; 0.9544337391853333; 0.10081155598163605; 
187; -0.7649524807929993; 0.49002620577812195; -0.0647398829460144; -0.20784664154052734; 1.0850032567977905; -0.01438155584037304; 
195; -0.8338459134101868; 0.32893210649490356; 0.3596767783164978; -0.35423967242240906; 1.1534851789474487; 0.06947200745344162; 
179; -0.8813928961753845; 0.22482290863990784; 0.10365203768014908; -0.3663282096385956; 1.1818757057189941; 0.04604228213429451; 
176; -0.656216025352478; 0.24332158267498016; -0.1484263688325882; -0.34392595291137695; 0.9801620244979858; 0.006516872905194759; 
155; -0.7930821776390076; 0.0618428960442543; 0.17753660678863525; -0.452950119972229; 1.0562376976013184; 0.04073954001069069; 
197; -0.9770811796188354; 0.5219982266426086; -0.033792003989219666; -0.48525115847587585; 1.0914140939712524; -0.11946505308151245; 
178; -0.4014180302619934; 0.17359274625778198; -0.2515166401863098; -0.3682864010334015; 1.0642703771591187; -0.03305302560329437; 
190; -0.9114248752593994; 0.3442544937133789; 0.08343501389026642; -0.4528944492340088; 1.0448330640792847; 0.06051592528820038; 
182; -0.8445359468460083; 0.5160591006278992; 0.3446232080459595; -0.4246155917644501; 1.077991008758545; -0.19321167469024658; 
199; -0.986484944820404; 0.01670803315937519; -0.0912436693906784; -0.38039430975914; 1.117094874382019; -0.004066156223416328; 
196; -0.6970735788345337; 0.19398021697998047; -0.32478228211402893; -0.3735331594944; 1.096769094467163; -0.032723166048526764; 
198; -0.9329667687416077; 0.24774165451526642; -0.033823855221271515; -0.3009774386882782; 1.0466690063476562; -0.005114724859595299; 
149; -0.831447422504425; 0.1987847238779068; 0.1937643587589264; -0.4265320897102356; 1.1959168910980225; 0.059246838092803955; 
200; -1.037904977798462; 0.14178287982940674; 0.2666216790676117; -0.4523116648197174; 0.9768205285072327; -0.018519073724746704; 
213; -0.7297940850257874; 0.07532238215208054; -0.02354620210826397; -0.5736665725708008; 0.9701182246208191; -0.05490114539861679; 
202; -0.62063068151474; 0.09428234398365021; -0.46221452951431274; -0.35907602310180664; 1.0839364528656006; 0.016918499022722244; 
241; -0.8044297099113464; 0.1612870693206787; 0.06571970880031586; -0.2979397177696228; 0.9929302334785461; -0.027629725635051727; 
223; -0.493208646774292; 0.5216860771179199; -0.07866069674491882; -0.35923922061920166; 1.1703026294708252; -0.023638276383280754; 
204; -0.9116799831390381; 0.06395977735519409; -0.1140831783413887; -0.39111819863319397; 1.0659350156784058; 0.049245819449424744; 
205; -0.6701176166534424; -0.16071583330631256; -0.08391116559505463; -0.4410019516944885; 1.036560297012329; -0.01755790039896965; 
212; -0.7784785628318787; 0.5357713103294373; -0.0646161437034607; -0.5204724669456482; 1.1957026720046997; 0.1569131761789322; 
221; -1.0943238735198975; 0.24696645140647888; -0.11689366400241852; -0.46511611342430115; 1.1034072637557983; 0.022031743079423904; 
240; -1.1643446683883667; 0.23134875297546387; 0.03801888972520828; -0.3966746926307678; 1.1882110834121704; -0.07408620417118073; 
200; -1.037904977798462; 0.14178286492824554; 0.2666216492652893; -0.4523116648197174; 0.9768204689025879; -0.018519090488553047; 
244; -0.8647558689117432; -0.018886767327785492; -0.07396610081195831; -0.43403467535972595; 0.9025327563285828; -0.05754249542951584; 
237; -1.3954769372940063; 0.43819814920425415; -0.02165631763637066; -0.4666270613670349; 1.2063254117965698; -0.0072410437278449535; 
243; -1.117431879043579; 0.11644939333200455; -0.32512837648391724; -0.49000972509384155; 1.0353986024856567; 0.06320247054100037; 
224; -0.18231555819511414; 0.52891606092453; 0.06337132304906845; -0.3709600567817688; 1.0692766904830933; -0.08676166832447052; 
216; -1.1517568826675415; 0.08111888915300369; -0.2049930989742279; -0.29949045181274414; 0.994833767414093; -0.047710418701171875; 
227; -0.9031959772109985; 0.04988398402929306; -0.0036188000813126564; -0.45606017112731934; 1.2489960193634033; 0.04910118505358696; 
226; -0.7240738868713379; 0.0979296937584877; 0.12570422887802124; -0.44797348976135254; 1.0178897380828857; 0.213395893573761; 
206; -0.9596436619758606; 0.35517027974128723; 0.2168872058391571; -0.4369882047176361; 1.056565284729004; -0.09101807326078415; 
220; -0.6175618767738342; 0.09768208116292953; -0.06372512876987457; -0.3658800721168518; 1.1195003986358643; 0.09102575480937958; 
222; -0.4862273335456848; 0.23896673321723938; -0.33358073234558105; -0.3201790452003479; 1.1796318292617798; -0.062050286680459976; 
238; -1.2606464624404907; 0.1903068721294403; 0.08397965133190155; -0.4711768329143524; 1.0203646421432495; -0.06969286501407623; 
228; -0.8811836838722229; 0.049057118594646454; 0.038369230926036835; -0.437910258769989; 1.119292974472046; -0.05788525193929672; 
229; -1.1472827196121216; 0.396594762802124; -0.27123647928237915; -0.4319472014904022; 1.0154471397399902; -0.05278710275888443; 
236; -0.4183391332626343; 0.3345928490161896; 0.090666763484478; -0.4358626902103424; 1.124306321144104; -0.016006890684366226; 
214; -0.8549848794937134; 0.16607235372066498; -0.03857586905360222; -0.3150775134563446; 1.1267311573028564; -0.08491157740354538; 
218; -0.938690185546875; 0.07788266986608505; 0.11850068718194962; -0.3044002652168274; 0.9798590540885925; 0.07888138294219971; 
231; -1.2828141450881958; 0.33162182569503784; -0.4280970096588135; -0.41945597529411316; 1.1360127925872803; -0.006523465272039175; 
248; -0.6991668343544006; 0.04972587525844574; 0.14186234772205353; -0.2869407832622528; 1.0989258289337158; 0.07056953012943268; 
209; -1.0714191198349; 0.13959774374961853; 0.014671694487333298; -0.4283043444156647; 1.1130924224853516; 0.0356268472969532; 
211; -1.1802507638931274; 0.013248322531580925; 0.16354776918888092; -0.3760603368282318; 1.1380268335342407; 0.08708467334508896; 
210; -1.1139670610427856; 0.298892617225647; -0.025302138179540634; -0.5417178273200989; 0.9625306129455566; -0.07191213965415955; 
203; -0.6665274500846863; 0.19512659311294556; -0.05806565657258034; -0.3403303623199463; 1.0537713766098022; 0.079689159989357; 
234; -0.8150961399078369; -0.0560261569917202; -0.3500562608242035; -0.25842922925949097; 1.197466254234314; -0.06176401674747467; 
225; -1.1249732971191406; 0.21326757967472076; -0.06643741577863693; -0.49900898337364197; 1.097887396812439; -0.08851072937250137; 
235; -0.8433236479759216; 0.13662029802799225; 0.0785464271903038; -0.44305703043937683; 1.081444501876831; 0.10325177013874054; 
215; -0.7910650968551636; 0.21378567814826965; 0.1403380036354065; -0.5754610300064087; 1.0277020931243896; 0.10113346576690674; 
251; -0.8635611534118652; 0.0815054327249527; -0.08672066032886505; -0.33717912435531616; 1.0416957139968872; -0.09543120115995407; 
207; -0.96696537733078; 0.15182548761367798; -0.010579467751085758; -0.47858670353889465; 0.9509371519088745; 0.05195502191781998; 
253; -0.823916494846344; 0.23257672786712646; -0.16674742102622986; -0.38569176197052; 1.221987247467041; 0.05996814742684364; 
208; -0.8402754664421082; 0.09327410161495209; -7.179658859968185e-05; -0.5641463398933411; 1.143311619758606; -0.028091542422771454; 
201; -1.1213361024856567; 0.2247515469789505; -0.11367014795541763; -0.3050595819950104; 1.002551555633545; -0.17355883121490479; 
258; -0.7589700818061829; 0.1107083261013031; -0.06109734997153282; -0.41222986578941345; 1.100866675376892; 0.06490625441074371; 
239; -1.238222599029541; -0.006680251564830542; 0.2353993058204651; -0.2102043628692627; 1.0073928833007812; -0.009007591754198074; 
256; -1.2699170112609863; 0.07800239324569702; 0.22490999102592468; -0.43209853768348694; 1.0397313833236694; -0.026751549914479256; 
232; -0.6483773589134216; -0.0762767642736435; 0.1805296689271927; -0.4580802619457245; 1.1310012340545654; -0.03582793101668358; 
245; -0.801746666431427; 0.3160681426525116; 0.009671706706285477; -0.29048705101013184; 0.9867655634880066; 0.0676804780960083; 
219; -1.0702040195465088; 0.40943917632102966; 0.007005542516708374; -0.5243923664093018; 1.147269368171692; -0.12960074841976166; 
261; -0.7021487951278687; 0.045413788408041; -0.0783003643155098; -0.421695351600647; 1.1036416292190552; 0.00907689705491066; 
246; -1.1995099782943726; 0.4028834104537964; 0.27481669187545776; -0.4256608784198761; 1.0858277082443237; -0.011692779138684273; 
217; -0.9806865453720093; -0.12585383653640747; -0.05046332627534866; -0.3486582040786743; 1.1113361120224; 0.14669004082679749; 
264; -0.9742379188537598; -0.12634754180908203; -0.26432809233665466; -0.368478000164032; 1.1923015117645264; 0.1000855341553688; 
242; -0.8501192331314087; 0.006471752189099789; 0.2020672708749771; -0.3050898611545563; 1.1417902708053589; 0.05055456608533859; 
230; -0.6700156927108765; 0.2598572373390198; -0.011975406669080257; -0.3694576919078827; 1.1583658456802368; -0.11483316868543625; 
275; -0.7800112366676331; 0.20255616307258606; -0.2140025645494461; -0.39577168226242065; 1.031100869178772; -0.11376862227916718; 
249; -1.0173133611679077; -0.02469230443239212; 0.07937769591808319; -0.5399351716041565; 1.1633678674697876; 0.0675511360168457; 
269; -1.0677416324615479; 0.28035372495651245; -0.15358783304691315; -0.49893540143966675; 0.9996009469032288; -0.058663129806518555; 
252; -1.084164023399353; 0.3618656396865845; 0.035738516598939896; -0.3443242013454437; 1.1907572746276855; -0.00015281513333320618; 
233; -0.7062956094741821; 0.029306713491678238; 0.054153360426425934; -0.3410738408565521; 1.2130234241485596; 0.03336693346500397; 
266; -1.1102545261383057; 0.13466088473796844; 0.0670870915055275; -0.30284056067466736; 1.0723689794540405; -0.05560917407274246; 
265; -1.039345383644104; -0.015315815806388855; -0.06470760703086853; -0.3882603347301483; 1.0111653804779053; -0.01550885010510683; 
276; -1.0136889219284058; -0.1944545954465866; 0.06927128881216049; -0.39773133397102356; 0.9901118874549866; 0.07873480021953583; 
267; -0.9845313429832458; 0.07773991674184799; -0.5225330591201782; -0.44031408429145813; 1.127718448638916; 0.00486588291823864; 
260; -0.8311419486999512; 0.4438573122024536; -0.04137476533651352; -0.3192472457885742; 1.0070735216140747; -0.1271965205669403; 
247; -0.45319947600364685; 0.038303911685943604; -0.07317515462636948; -0.3375907242298126; 1.0898233652114868; 0.05215844511985779; 
282; -0.38837096095085144; 0.31577783823013306; -0.09523612260818481; -0.2610887587070465; 1.0740323066711426; 0.07762172073125839; 
254; -0.7359780669212341; 0.3529888391494751; 0.112882100045681; -0.266783744096756; 0.9874117374420166; 0.04113005846738815; 
262; -0.953806459903717; 0.06945516914129257; -0.006017743144184351; -0.25674569606781006; 1.0724822282791138; -0.07777586579322815; 
250; -0.5986564755439758; -0.14601120352745056; -0.16914059221744537; -0.40127822756767273; 1.1341625452041626; -0.12013879418373108; 
293; -0.902307391166687; 0.3858449161052704; -0.14597424864768982; -0.2790394723415375; 0.9760405421257019; 0.07301263511180878; 
270; -0.7615136504173279; 0.19126121699810028; -0.14620070159435272; -0.41566625237464905; 1.028357982635498; 0.000528278760612011; 
294; -0.341162770986557; 0.16331011056900024; 0.04118186607956886; -0.413664311170578; 1.1717772483825684; -0.1218867301940918; 
263; -0.7460259795188904; 0.22331742942333221; -0.21851587295532227; -0.44677793979644775; 1.2487176656723022; -0.11824706196784973; 
287; -1.0556799173355103; 0.4971752166748047; 0.1284107267856598; -0.4219168722629547; 1.1417053937911987; -0.04160499945282936; 
285; -0.6551305055618286; 0.0016371025703847408; 0.2131839096546173; -0.5269960761070251; 0.9789823889732361; 0.11758259683847427; 
274; -0.8546018600463867; 0.2989791929721832; -0.03163011744618416; -0.5301615595817566; 1.1397812366485596; -0.024201832711696625; 
290; -0.9565726518630981; 0.2405034303665161; 0.12034400552511215; -0.37753361463546753; 1.1097290515899658; 0.003262673271819949; 
279; -1.0980347394943237; 0.20717474818229675; 0.06977304816246033; -0.40775930881500244; 1.1487035751342773; 0.06396256387233734; 
291; -0.8153865933418274; 0.1739254891872406; 0.04453142732381821; -0.2516268193721771; 1.1724684238433838; 0.003189623821526766; 
268; -0.7944763898849487; 0.6354696154594421; 0.22377830743789673; -0.34065088629722595; 1.2042601108551025; -0.037041936069726944; 
300; -0.6806209683418274; 0.07097458839416504; 0.03784351050853729; -0.331802636384964; 1.0528923273086548; -0.012410102412104607; 
289; -0.9796591401100159; 0.11434762179851532; -0.002718090545386076; -0.3421757221221924; 1.170127511024475; -0.031799934804439545; 
283; -0.6927690505981445; 0.03266232833266258; 0.19289764761924744; -0.36558103561401367; 1.141829013824463; 0.022410612553358078; 
298; -0.9402971863746643; -0.05428272485733032; 0.40076929330825806; -0.4167076349258423; 1.0416193008422852; 0.10301309823989868; 
281; -1.2497320175170898; 0.3428505063056946; -0.29063501954078674; -0.38346701860427856; 1.1311534643173218; -0.08533310890197754; 
277; -0.8372805118560791; -0.12880362570285797; -0.027686305344104767; -0.3435056507587433; 1.182778000831604; 0.022314555943012238; 
286; -0.6223503947257996; 0.2899792790412903; 0.004230528604239225; -0.4033275544643402; 1.195552110671997; -0.08202289044857025; 
292; -0.9725021719932556; 0.1301281899213791; -0.11624009907245636; -0.4454728662967682; 1.2124942541122437; -0.05550777167081833; 
302; -0.7560854554176331; 0.23853324353694916; 0.11522288620471954; -0.4228874444961548; 1.1632987260818481; -0.0846824049949646; 
272; -0.961660623550415; 0.4435596466064453; -0.13814865052700043; -0.3962171673774719; 1.0800316333770752; 0.06333067268133163; 
257; -0.3502624034881592; 0.3981243968009949; 0.2524152398109436; -0.34517595171928406; 0.9397350549697876; -0.09500569850206375; 
278; -1.059302806854248; 0.09904474020004272; 0.09624606370925903; -0.30714595317840576; 1.1609638929367065; -0.05989580228924751; 
273; -1.7233127355575562; 0.06655697524547577; 0.09789840131998062; -0.39411765336990356; 0.9155158996582031; -0.14938043057918549; 
306; -1.2965888977050781; 0.1578027606010437; -0.10214273631572723; -0.553010106086731; 1.0616270303726196; -0.12062866985797882; 
296; -0.8012079000473022; -0.04951076954603195; 0.10319798439741135; -0.408200740814209; 1.0489941835403442; -0.05694165825843811; 
284; -0.8662490844726562; 0.0575697124004364; 0.21893516182899475; -0.4198344349861145; 1.0312047004699707; -0.08003830909729004; 
280; -0.6185789108276367; 0.4293357729911804; 0.0314023494720459; -0.3081636130809784; 1.1662993431091309; -0.058141157031059265; 
308; -0.8313134908676147; 0.401139497756958; 0.16181254386901855; -0.46749353408813477; 1.2323558330535889; -0.07697976380586624; 
259; -0.9486101269721985; 0.442801296710968; -0.18968823552131653; -0.3379591107368469; 1.0310112237930298; -0.07149862498044968; 
315; -0.6940197348594666; 0.25964558124542236; 0.03190411627292633; -0.49237319827079773; 1.1004244089126587; -0.12181601673364639; 
255; -0.738064169883728; 0.35110729932785034; 0.0368180014193058; -0.41667041182518005; 0.9841498732566833; -0.12556855380535126; 
288; -0.9647030234336853; 0.2563606798648834; 0.18357202410697937; -0.2926482558250427; 1.0116419792175293; -0.06931031495332718; 
310; -0.9878959655761719; 0.07326845079660416; 0.477811723947525; -0.2464967519044876; 1.217484951019287; 0.18255937099456787; 
; 
271; -0.5104160904884338; 0.059681110084056854; 0.1215531975030899; -0.309721976518631; 1.1133739948272705; -0.011198986321687698; 
297; -0.786486029624939; -0.03245420381426811; 0.03526030108332634; -0.40816453099250793; 1.1355184316635132; 0.05799926072359085; 
295; -0.8658638000488281; 0.18643176555633545; -0.07679042965173721; -0.30870530009269714; 1.2164915800094604; -0.032341744750738144; 
301; -0.9120063185691833; 0.33162257075309753; -0.15538586676120758; -0.48719891905784607; 1.1255362033843994; -0.027766363695263863; 
309; -1.113529920578003; 0.35365787148475647; -0.02427138388156891; -0.3041519224643707; 1.160129189491272; -0.017115535214543343; 
304; -1.004934310913086; 0.12859970331192017; -0.10169298946857452; -0.3772885501384735; 1.0134179592132568; -0.04592309147119522; 
305; -1.2070732116699219; 0.23507758975028992; -0.006189664825797081; -0.4783238470554352; 0.9891724586486816; 0.020917735993862152; 
299; -0.9756977558135986; -0.07376699894666672; -0.07059219479560852; -0.3197806775569916; 1.1910228729248047; 0.09997689723968506; 
312; -1.2131538391113281; 0.14407961070537567; 0.14812813699245453; -0.4875664710998535; 1.1198614835739136; -0.08171846717596054; 
316; -0.8097566962242126; 0.36484721302986145; 0.08901380747556686; -0.34131157398223877; 1.198646903038025; 0.03755415230989456; 
314; -0.8722092509269714; 0.49746713042259216; 0.14675046503543854; -0.36859869956970215; 1.0113525390625; -0.01643788255751133; 
326; -0.7972155809402466; -0.1227363795042038; -0.16275659203529358; -0.3658064305782318; 1.1303273439407349; 0.05170436203479767; 
311; -1.0879720449447632; 0.19749271869659424; 0.06376293301582336; -0.459919810295105; 1.1336867809295654; -0.09041810035705566; 
331; -0.8348873257637024; 0.10284513980150223; -0.18489281833171844; -0.2921418249607086; 1.1754660606384277; 0.016605570912361145; 
313; -0.7240306735038757; 0.2286268025636673; -0.2962193489074707; -0.3752656579017639; 1.0596716403961182; -0.04516206309199333; 
323; -0.6102612614631653; 0.35218480229377747; -0.21965982019901276; -0.44017356634140015; 1.1644210815429688; -0.0726853534579277; 
327; -0.4860922694206238; -0.026086218655109406; -0.02117491513490677; -0.45623916387557983; 1.06650710105896; 0.14426739513874054; 
341; -1.0171390771865845; 0.05340137332677841; 0.3542507588863373; -0.42919933795928955; 1.1005443334579468; 0.07015040516853333; 
334; -0.7034984827041626; 0.11551464349031448; 0.009106580168008804; -0.44341716170310974; 1.1156704425811768; 0.02676798589527607; 
330; -1.1807621717453003; 0.3812595009803772; 0.027365069836378098; -0.3875676691532135; 1.0798972845077515; -0.09110204875469208; 
303; -0.8355194330215454; 0.32932910323143005; -0.06409887224435806; -0.3774990141391754; 0.9137749671936035; -0.07700422406196594; 
319; -0.9085700511932373; -0.08892562240362167; 0.1558561772108078; -0.41810011863708496; 1.088375449180603; 0.08495213091373444; 
336; -0.865495502948761; 0.18216411769390106; -0.019756251946091652; -0.33735984563827515; 1.0281589031219482; -0.018070178106427193; 
317; -0.8443611860275269; 0.2827260494232178; -0.005741260480135679; -0.3645339608192444; 1.0772109031677246; -0.09592530131340027; 
328; -1.2777436971664429; -0.18563228845596313; 0.09812843054533005; -0.36133432388305664; 1.009292483329773; 0.12280602008104324; 
332; -0.8864956498146057; 0.2614789605140686; 0.0830884575843811; -0.3589862287044525; 0.876031219959259; 0.009600121527910233; 
325; -0.8135161399841309; 0.367188036441803; 0.010758844204246998; -0.44044074416160583; 1.0992975234985352; -0.015064375475049019; 
320; -0.9247040152549744; 0.04121964052319527; -0.0058072712272405624; -0.485355943441391; 1.1820002794265747; -0.08390790224075317; 
324; -0.9510073661804199; 0.3873715400695801; -0.15408684313297272; -0.5451704859733582; 1.1447070837020874; 0.044704921543598175; 
318; -0.9473234415054321; 0.0017695166170597076; -0.1197836846113205; -0.31532543897628784; 1.0399703979492188; -0.013478420674800873; 
322; -1.1913880109786987; 0.11852319538593292; -0.054869115352630615; -0.29704996943473816; 1.113870620727539; 0.011635428294539452; 
329; -0.7368366718292236; 0.14258717000484467; -0.052826642990112305; -0.36723485589027405; 1.1867748498916626; -0.06105099990963936; 
335; -0.8741808533668518; 0.2763559818267822; -0.11877021938562393; -0.4175114035606384; 1.0536998510360718; -0.046977028250694275; 
357; -0.5593412518501282; 0.23677881062030792; 0.0683860331773758; -0.355499804019928; 1.0953624248504639; -0.025527380406856537; 
337; -1.0773741006851196; 0.07887933403253555; -0.05725274235010147; -0.47100719809532166; 1.0154836177825928; 0.10917127132415771; 
351; -0.6999726295471191; 0.060231082141399384; 0.11358490586280823; -0.4947901666164398; 1.1342970132827759; 0.02696039527654648; 
356; -1.1352956295013428; 0.24372488260269165; 0.007984122261404991; -0.4435815215110779; 1.1064270734786987; -0.03509904071688652; 
343; -0.5594787001609802; 0.5036501884460449; -0.046839259564876556; -0.49746382236480713; 1.1768836975097656; 0.06580933183431625; 
352; -0.7054154872894287; 0.360843300819397; -0.04772200435400009; -0.449004203081131; 1.0230309963226318; -0.15301108360290527; 
339; -0.5635198950767517; 0.19400885701179504; 0.03282943740487099; -0.43502339720726013; 1.0388479232788086; -0.08485797047615051; 
349; -0.7118614912033081; 0.18895955383777618; 0.030764777213335037; -0.409013569355011; 1.0422072410583496; -0.002406562678515911; 
366; -0.9895617961883545; 0.4277402460575104; -0.1638128012418747; -0.41814640164375305; 1.1626070737838745; -0.13780027627944946; 
344; -1.2221862077713013; -0.010587891563773155; 0.14704541862010956; -0.38049253821372986; 0.9899327158927917; -0.1345570981502533; 
347; -0.6903946399688721; 0.10463881492614746; 0.06322424858808517; -0.32562804222106934; 1.1067520380020142; -9.754765778779984e-05; 
346; -0.6418566703796387; 0.3287087082862854; -0.176235169172287; -0.3437787592411041; 1.066999912261963; -0.03493361547589302; 
338; -0.7398594617843628; -0.09154324233531952; -0.20852424204349518; -0.3807816207408905; 1.0643686056137085; -0.04409686475992203; 
342; -0.7750875949859619; 0.00021988153457641602; 0.3698020577430725; -0.2989789545536041; 1.0408333539962769; 0.04949802905321121; 
350; -0.9598780870437622; 0.5274580717086792; 0.08829734474420547; -0.4739316403865814; 1.1032233238220215; -0.12936852872371674; 
369; -0.4433814287185669; 0.1145709827542305; 0.039995335042476654; -0.37244731187820435; 1.0556728839874268; 0.01996494084596634; 
348; -0.9212279915809631; 0.08565807342529297; -0.1706910878419876; -0.4082571268081665; 1.0430686473846436; -0.04175892099738121; 
360; -1.1182880401611328; 0.36907219886779785; -0.05282699316740036; -0.43090710043907166; 1.1037808656692505; -0.11324402689933777; 
345; -0.9560036063194275; 0.11993880569934845; 0.13851597905158997; -0.46015727519989014; 1.1383155584335327; 0.08503922075033188; 
355; -0.8116967678070068; 0.17549043893814087; 0.030159762129187584; -0.4233943819999695; 1.0551573038101196; -0.05055822804570198; 
321; -0.3859027922153473; 0.14943748712539673; -0.18261060118675232; -0.43936410546302795; 1.251399278640747; 0.0664520338177681; 
354; -1.0427026748657227; 0.39738839864730835; 0.10567358881235123; -0.42263150215148926; 1.1411457061767578; 0.06184759736061096; 
370; -1.0111451148986816; 0.2452479898929596; -0.21924743056297302; -0.42311257123947144; 1.1312458515167236; -0.08713573217391968; 
372; -0.951909065246582; 0.29691678285598755; 0.3350474238395691; -0.26673877239227295; 1.1310440301895142; 0.08607722073793411; 
368; -0.6681892275810242; 0.35326552391052246; 0.014272008091211319; -0.48907381296157837; 1.1429938077926636; -0.027437470853328705; 
333; -0.9696791768074036; 0.3741264343261719; 0.39628249406814575; -0.5048771500587463; 0.9999507665634155; -0.2418077290058136; 
364; -0.7044581770896912; 0.6339426636695862; -0.0395212322473526; -0.4245103597640991; 1.1553925275802612; -0.021622877568006516; 
379; -0.9636099934577942; 0.14786048233509064; -0.07376144826412201; -0.4833672344684601; 1.0921456813812256; 0.07600641250610352; 
367; -0.6112810969352722; 0.4473811686038971; 0.2991940975189209; -0.35895174741744995; 1.1481918096542358; -0.05210968479514122; 
377; -0.9547528624534607; 0.3656947910785675; -0.021901261061429977; -0.36753472685813904; 1.0705435276031494; -0.02705717831850052; 
353; -1.2531651258468628; 0.18745402991771698; 0.0750565305352211; -0.3553405702114105; 1.1431201696395874; -0.10414894670248032; 
362; -1.044880747795105; 0.42466387152671814; 0.006148558109998703; -0.3668741285800934; 1.2073341608047485; 0.14390012621879578; 
340; -0.7930104732513428; 0.2768615186214447; 0.019433071836829185; -0.30367356538772583; 1.1415258646011353; 0.08044518530368805; 
378; -0.7874188423156738; 0.5512058138847351; 0.10438606142997742; -0.31614384055137634; 1.0479180812835693; -0.030246082693338394; 
376; -1.048364281654358; 0.44335976243019104; 0.2933175563812256; -0.5078153610229492; 1.2368117570877075; -0.01930229738354683; 
373; -0.9063878655433655; -0.07128136605024338; -0.02653484418988228; -0.308247447013855; 1.181990146636963; 0.01455225795507431; 
375; -1.1824429035186768; -0.09757176786661148; 0.13443636894226074; -0.4960538446903229; 0.9717791080474854; -0.02708449773490429; 
363; -0.8609251379966736; 0.2707630693912506; -0.10832151770591736; -0.3521989583969116; 1.098149061203003; -0.04284244775772095; 
380; -0.7058320045471191; 0.11826528608798981; -0.1499139666557312; -0.3923884630203247; 1.0775645971298218; -0.06206340715289116; 
391; -0.8042533993721008; 0.22010883688926697; 0.05849296972155571; -0.26775574684143066; 1.0627150535583496; -0.03233202546834946; 
388; -0.9629181027412415; 0.4896634817123413; 0.11793903261423111; -0.48434534668922424; 1.0440255403518677; 0.13325177133083344; 
397; -0.6290777921676636; 0.16970773041248322; 0.1016891747713089; -0.4108266532421112; 1.1688158512115479; 0.058708079159259796; 
389; -0.9792382121086121; 0.26922115683555603; -0.4180864691734314; -0.3160269856452942; 1.1525510549545288; -0.013723652809858322; 
371; -0.8863437175750732; 0.24157556891441345; 0.16461963951587677; -0.482260525226593; 1.095862627029419; 0.001708870753645897; 
385; -0.9532198309898376; 0.08092430233955383; 0.13660725951194763; -0.4204530119895935; 1.0810093879699707; 0.04964379593729973; 
359; -0.8878158926963806; 0.46742868423461914; -0.10154488682746887; -0.4164988100528717; 1.0608640909194946; -0.0885702595114708; 
390; -1.0197747945785522; 0.3436199426651001; -0.12450923770666122; -0.39677754044532776; 1.088159441947937; -0.09624066948890686; 
403; -0.8532230257987976; 0.0492229126393795; -0.15205079317092896; -0.4050660729408264; 1.2132327556610107; -0.02836107462644577; 
395; -0.9453022480010986; 0.26803988218307495; -0.00509744742885232; -0.4640292227268219; 1.0045117139816284; -0.032515618950128555; 
382; -0.5312001705169678; 0.002638118341565132; -0.008285660296678543; -0.47926679253578186; 1.024972915649414; -0.13278377056121826; 
358; -1.0595828294754028; 0.3263680934906006; -0.5819031000137329; -0.4232470691204071; 1.046581506729126; -0.14819319546222687; 
402; -0.9689900279045105; 0.1913183480501175; -0.07339684665203094; -0.34045255184173584; 1.1883862018585205; -0.11005356907844543; 
404; -0.881277859210968; 0.04672528803348541; -0.00782061368227005; -0.4253053069114685; 1.1133321523666382; -0.000944935716688633; 
393; -0.8568912148475647; 0.39891135692596436; -0.22503438591957092; -0.43480709195137024; 1.039925456047058; 0.056319814175367355; 
361; -0.7410264015197754; 0.2305605262517929; 0.024317177012562752; -0.3470607101917267; 0.93503338098526; 0.01451355591416359; 
384; -0.5434297323226929; 0.30788156390190125; -0.06661926954984665; -0.47688472270965576; 1.1378741264343262; -0.007983340881764889; 
383; -0.8019413948059082; 0.32788074016571045; 0.07827119529247284; -0.40682652592658997; 1.168434739112854; -0.06631138175725937; 
392; -0.7594200372695923; 0.26291516423225403; 0.2995224893093109; -0.4045819640159607; 1.0037188529968262; 0.01627807505428791; 
420; -0.7065998911857605; 0.3153007924556732; -0.2848430573940277; -0.31864050030708313; 1.012501835823059; -0.00335848331451416; 
418; -1.1247172355651855; 0.41246289014816284; -0.12032728642225266; -0.37386587262153625; 1.1567909717559814; 0.06883466988801956; 
381; -0.9536354541778564; 0.29740357398986816; -0.03491741046309471; -0.3320668637752533; 1.0703586339950562; -0.05555228516459465; 
398; -0.6297234296798706; 0.21114952862262726; 0.12828177213668823; -0.5046534538269043; 1.0279059410095215; 0.035974375903606415; 
409; -1.2401719093322754; 0.20601756870746613; -0.02998572587966919; -0.4663107395172119; 1.0664349794387817; 0.1511576920747757; 
365; -1.1205692291259766; 0.09208853542804718; -0.5165463089942932; -0.3253057897090912; 1.1265195608139038; 0.018868999555706978; 
411; -0.6401568651199341; 0.13231821358203888; 0.05106669291853905; -0.3031860888004303; 1.1075854301452637; -0.07178213447332382; 
406; -1.154044508934021; -0.025237146764993668; -0.19766606390476227; -0.3857874274253845; 1.0549410581588745; -0.0741235613822937; 
413; -1.7059119939804077; 0.3578755557537079; 0.1302763968706131; -0.3005335032939911; 1.060196876525879; -0.040916282683610916; 
394; -0.6643974781036377; 0.16037604212760925; -0.1822119504213333; -0.4725877046585083; 1.060429334640503; 0.03541920334100723; 
425; -0.98180091381073; 0.24918310344219208; -0.39923012256622314; -0.45959627628326416; 1.0129146575927734; 0.0017328397370874882; 
400; -0.6365129947662354; -0.1259312480688095; 0.06788809597492218; -0.3364869952201843; 1.1241074800491333; -0.1160607635974884; 
396; -1.2403168678283691; 0.021796325221657753; 0.4601828455924988; -0.37348607182502747; 1.066846489906311; 0.1033625602722168; 
412; -0.8517799973487854; 0.12062066048383713; -0.08094365894794464; -0.24151892960071564; 0.9025545120239258; 0.0040673986077308655; 
405; -1.0496455430984497; 0.24212415516376495; 0.135806605219841; -0.33362144231796265; 1.1452429294586182; -0.015430839732289314; 
410; -0.6560076475143433; 0.27460357546806335; 0.2768094837665558; -0.43533992767333984; 1.0120823383331299; 0.022276153787970543; 
407; -0.8754631280899048; 0.18873412907123566; 0.07369622588157654; -0.4262254238128662; 1.1566741466522217; -0.0591568686068058; 
427; -0.9520865678787231; 0.024354346096515656; -0.02118115872144699; -0.4355345666408539; 1.171648621559143; -0.05826682597398758; 
419; -0.9815030097961426; 0.024602491408586502; -0.18757709860801697; -0.2425999790430069; 1.0726196765899658; -0.09381825476884842; 
421; -0.7493511438369751; 0.0020293602719902992; 0.1130700632929802; -0.5228575468063354; 1.0536736249923706; 0.0014124475419521332; 
422; -0.5448614358901978; 0.0003630295395851135; 0.0020613865926861763; -0.2846614122390747; 1.1208267211914062; 0.041438788175582886; 
426; -0.6211130023002625; 0.14039169251918793; 0.1825542002916336; -0.26511216163635254; 1.2182306051254272; -0.016209006309509277; 
428; -0.6774271726608276; 0.2219492793083191; -0.15160593390464783; -0.4157544672489166; 1.1087696552276611; 0.04507243633270264; 
417; -0.7383532524108887; -0.003133073914796114; -0.057969946414232254; -0.44071972370147705; 1.0808261632919312; -0.08924714475870132; 
401; -0.9848132729530334; 0.24284327030181885; 0.037308041006326675; -0.442115843296051; 1.190579891204834; 0.00437479093670845; 
434; -0.8737853765487671; 0.1520022749900818; -0.46958595514297485; -0.31044909358024597; 1.0872255563735962; 0.12234052270650864; 
387; -0.6317903399467468; 0.34809988737106323; -0.04999532550573349; -0.47616493701934814; 1.0892338752746582; -0.02304104156792164; 
431; -0.6442726254463196; 0.18923549354076385; -0.4458709955215454; -0.35288920998573303; 0.9803913235664368; 0.127472385764122; 
442; -0.5984216332435608; 0.13286682963371277; -0.19519191980361938; -0.44023552536964417; 1.168430209159851; 0.08731672912836075; 
423; -1.1111221313476562; 0.2788432538509369; -0.11723888665437698; -0.4331110715866089; 1.010380744934082; 0.022433795034885406; 
438; -0.7492172122001648; 0.2545871436595917; 0.19333858788013458; -0.31747230887413025; 1.1157158613204956; -0.050505220890045166; 
443; -0.8738612532615662; 0.28626397252082825; -0.19439305365085602; -0.4346935451030731; 1.105351448059082; 0.08997231721878052; 
399; -1.1249947547912598; -0.0017400693614035845; 0.005298943258821964; -0.39206111431121826; 1.1181942224502563; 0.0018846879247575998; 
414; -0.4712617099285126; 0.643263041973114; 0.4484004080295563; -0.384920209646225; 1.132145881652832; 0.1010809913277626; 
386; -1.1893916130065918; -0.1164621114730835; 0.11400538682937622; -0.3571898639202118; 1.1460275650024414; -0.16836634278297424; 
432; -0.6319656372070312; -0.027021918445825577; -0.42817041277885437; -0.38771021366119385; 1.0190198421478271; -0.12065380811691284; 
444; -0.8176380395889282; 0.12006480991840363; -0.024826455861330032; -0.5682793855667114; 1.1861913204193115; 0.03677388280630112; 
408; -0.937567949295044; 0.4183840751647949; 0.303172767162323; -0.371683806180954; 1.0827401876449585; -0.07604524493217468; 
437; -0.9057229161262512; 0.12241590768098831; -0.17160174250602722; -0.39885807037353516; 1.0090148448944092; 0.002425737679004669; 
436; -0.9316887259483337; 0.42395099997520447; -0.17389246821403503; -0.3730306327342987; 1.059151291847229; -0.116191066801548; 
439; -0.6620181798934937; 0.3384329378604889; 0.06544484943151474; -0.47723349928855896; 1.1323612928390503; -0.026524443179368973; 
430; -1.1777853965759277; 0.05052250996232033; 0.1816643923521042; -0.36839553713798523; 1.1825509071350098; 0.060565102845430374; 
445; -0.7787437438964844; 0.2717157006263733; -0.2618008255958557; -0.4358446002006531; 0.9944245219230652; 0.0327865369617939; 
440; -0.7481274008750916; 0.28408393263816833; -0.23531359434127808; -0.4155690670013428; 0.9629291892051697; -0.027267172932624817; 
452; -0.4580550491809845; 0.019487760961055756; -0.14158925414085388; -0.5685701370239258; 0.9430672526359558; 0.04450671374797821; 
454; -0.7291248440742493; 0.14726439118385315; -0.02810509502887726; -0.39877980947494507; 1.1395379304885864; 0.12272604554891586; 
459; -0.7831956148147583; 0.28020814061164856; 0.1549977958202362; -0.3408101797103882; 1.0598609447479248; 0.04250779002904892; 
450; -0.8051005601882935; 0.12911772727966309; -0.048442620784044266; -0.3156088590621948; 1.2770508527755737; -0.01236189529299736; 
441; -0.8897368311882019; 0.14866416156291962; 0.047528382390737534; -0.38881170749664307; 1.0303341150283813; 0.048161353915929794; 
416; -1.014756441116333; 0.3572375476360321; -0.0779469758272171; -0.3655434548854828; 1.2177634239196777; 0.14327393472194672; 
448; -0.6451485753059387; 0.3115859925746918; 5.5798329412937164e-05; -0.4640500247478485; 1.0663280487060547; 0.0531124472618103; 
433; -0.9397697448730469; 0.14115363359451294; 0.07400371134281158; -0.3716386556625366; 1.1044834852218628; 0.002015848644077778; 
468; -1.344192385673523; 0.2260439246892929; -0.16757723689079285; -0.45288848876953125; 1.1649425029754639; 0.006268069613724947; 
415; -0.788052499294281; 0.20525477826595306; -0.4490358531475067; -0.3834896981716156; 0.9992635846138; -0.025517966598272324; 
467; -0.7457966804504395; 0.18164052069187164; -0.2547203600406647; -0.3317548334598541; 1.163030982017517; 0.014418375678360462; 
474; -0.8635103106498718; 0.09025568515062332; 0.10437136888504028; -0.37445175647735596; 1.0193363428115845; 0.015539050102233887; 
453; -0.778003990650177; 0.2206636518239975; 0.1250043660402298; -0.37981224060058594; 1.1126010417938232; 0.11074463278055191; 
458; -0.548898458480835; 0.23741412162780762; 0.22694268822669983; -0.25765499472618103; 0.9618921279907227; 0.058861806988716125; 
457; -0.8936564922332764; 0.051148541271686554; -0.2688576877117157; -0.32531219720840454; 1.0776160955429077; 0.04379928857088089; 
449; -0.5288174152374268; 0.054652996361255646; 0.02627156674861908; -0.38088348507881165; 1.0170859098434448; -0.021895263344049454; 
455; -0.5393300652503967; 0.1768314242362976; -0.3156937062740326; -0.42813432216644287; 1.1408604383468628; 0.07233571261167526; 
480; -1.432019829750061; 0.06950677931308746; 0.10969879478216171; -0.5210904479026794; 1.0705970525741577; 0.028131261467933655; 
476; -1.0154683589935303; 0.02188318781554699; -0.19225333631038666; -0.3458179533481598; 1.0838816165924072; 0.02029140293598175; 
456; -0.9519487619400024; 0.2632492780685425; 0.07665171474218369; -0.4618106186389923; 0.9741941094398499; -0.07851940393447876; 
435; -0.8266627192497253; 0.07877989858388901; -0.1490415632724762; -0.375870943069458; 0.9750715494155884; -0.08698631078004837; 
447; -1.1162067651748657; 0.12570084631443024; 0.22429248690605164; -0.39673107862472534; 1.2195543050765991; -0.03553778678178787; 
463; -0.765742301940918; 0.15008239448070526; 0.27599456906318665; -0.471432626247406; 1.2080868482589722; -0.03068079985678196; 
451; -0.887052595615387; 0.2157641500234604; 0.016755390912294388; -0.47062432765960693; 1.1039254665374756; -0.050616469234228134; 
460; -0.9808007478713989; 0.23920300602912903; -0.05399155616760254; -0.4378091096878052; 1.0396976470947266; -0.009201785549521446; 
470; -1.0527409315109253; 0.3526572287082672; 0.19351260364055634; -0.3766513466835022; 0.9651315212249756; 0.04601077735424042; 
466; -0.8914830088615417; -0.20466874539852142; -0.14466120302677155; -0.47672998905181885; 1.1749404668807983; -0.029819171875715256; 
424; -0.8247444033622742; 0.16613200306892395; 0.11268599331378937; -0.4161982238292694; 1.0360733270645142; 0.0004615290090441704; 
464; -0.6585685610771179; 0.2285154163837433; -0.0032172873616218567; -0.44521936774253845; 1.0310916900634766; -0.05608806386590004; 
461; -0.9192259311676025; -0.2597265839576721; -0.21665100753307343; -0.40913882851600647; 1.1474838256835938; -0.028395764529705048; 
462; -1.0509759187698364; 0.20186181366443634; -0.2904285490512848; -0.4090299606323242; 1.004624366760254; -0.015204179100692272; 
487; -0.6856446266174316; 0.10016845911741257; 0.2106715738773346; -0.3212948739528656; 1.0718392133712769; 0.0583033561706543; 
469; -0.6956105828285217; 0.2787458300590515; -0.03145739436149597; -0.2999490201473236; 0.9930519461631775; 0.09822292625904083; 
483; -0.686520516872406; 0.45047634840011597; 0.05011802166700363; -0.20837534964084625; 1.224992275238037; -0.027766775339841843; 
472; -0.9773532152175903; 0.36395755410194397; 0.18556754291057587; -0.45311927795410156; 1.1369198560714722; 0.01769610494375229; 
477; -1.3154793977737427; 0.3087756633758545; 0.21399445831775665; -0.4176088869571686; 1.0949599742889404; -0.03239891305565834; 
471; -1.0281211137771606; 0.19950532913208008; -0.17433957755565643; -0.4695422053337097; 1.08650803565979; 0.023366142064332962; 
475; -1.0993151664733887; 0.15046866238117218; -0.11702913045883179; -0.25906872749328613; 1.1960523128509521; -0.08278674632310867; 
429; -0.9440597891807556; 0.44224458932876587; -0.2029767632484436; -0.4467778205871582; 1.167773723602295; 0.025625327602028847; 
484; -0.9233807921409607; 0.3043581247329712; 0.05923686921596527; -0.21919885277748108; 1.0590333938598633; -0.025465603917837143; 
465; -1.1026915311813354; 0.19492869079113007; 0.004161689430475235; -0.44678884744644165; 1.0943093299865723; 0.005399772431701422; 
479; -1.2512868642807007; 0.2574304938316345; 0.03447883948683739; -0.4076938331127167; 0.993979811668396; 0.05409398302435875; 
485; -1.2487884759902954; 0.1262063980102539; -0.01865224540233612; -0.44326555728912354; 1.0932042598724365; -0.04249139502644539; 
473; -0.7662200927734375; 0.31397324800491333; -0.12767912447452545; -0.4699234366416931; 1.1707146167755127; -0.03310391306877136; 
486; -0.8105518817901611; 0.142698734998703; -0.1702929437160492; -0.3889181613922119; 1.1208263635635376; -0.007710218895226717; 
446; -0.4136072099208832; 0.5374050140380859; -0.13646651804447174; -0.3146258294582367; 1.0981905460357666; -0.0811111107468605; 
481; -1.1091673374176025; 0.23090316355228424; -0.2483571171760559; -0.37772929668426514; 1.019655466079712; 0.13851207494735718; 
496; -0.8944776654243469; 0.1842258721590042; -0.11215265840291977; -0.22157618403434753; 1.1300690174102783; -0.10348808020353317; 
491; -0.5344098210334778; 0.1035807877779007; 0.03456523269414902; -0.5249622464179993; 1.0712738037109375; -0.042697980999946594; 
488; -0.9517875909805298; 0.2904236614704132; -0.17692112922668457; -0.3111310601234436; 1.1665905714035034; 0.03029095008969307; 
478; -0.7991521954536438; 0.030659060925245285; -0.051747966557741165; -0.473061203956604; 1.126112461090088; 0.037646662443876266; 
490; -1.181742787361145; 0.24920925498008728; 0.028508206829428673; -0.4533229470252991; 1.012946367263794; 0.007803312037140131; 
493; -1.2569862604141235; 0.16271772980690002; 0.0039347074925899506; -0.3456259071826935; 1.06868314743042; 0.023235024884343147; 
489; -0.8844408988952637; 0.13193254172801971; -0.11394849419593811; -0.4033161699771881; 1.1643280982971191; -0.09090189635753632; 
495; -0.7847303748130798; 0.46610113978385925; 0.05406112223863602; -0.4395567774772644; 1.2170590162277222; 0.01919534243643284; 
497; -1.1113650798797607; -0.01866248995065689; -0.13903647661209106; -0.2728535830974579; 1.0945078134536743; -0.0015623439103364944; 
499; -0.9612501263618469; 0.2601621448993683; -0.47464698553085327; -0.32499760389328003; 1.1021424531936646; -0.02553241327404976; 
482; -0.8447327017784119; 0.06505861133337021; 0.11206986010074615; -0.35975319147109985; 1.1431221961975098; 0.08148594200611115; 
498; -0.8383449912071228; 0.26104018092155457; -0.04591704532504082; -0.5943902134895325; 1.176722764968872; 0.0275239497423172; 
494; -1.0752322673797607; 0.3141806125640869; -0.12454614788293839; -0.4576984941959381; 1.1059558391571045; -0.0144688431173563; 
492; -0.7281674742698669; 0.3558381497859955; 0.03078286349773407; -0.4718714952468872; 1.0624433755874634; 0.037792786955833435; 
