26; -0.7414765357971191; 0.28076374530792236; -0.006037028040736914; -0.43049535155296326; 1.1123279333114624; 0.01910262368619442; 
40; -1.107664942741394; 0.06643499433994293; -0.2620825469493866; -0.40874990820884705; 0.9763696789741516; 0.12084325402975082; 
9; -0.7234399318695068; 0.20609912276268005; -0.08163812756538391; -0.26347556710243225; 1.0711740255355835; -0.08401192724704742; 
35; -1.0280967950820923; 0.410757452249527; -0.31436091661453247; -0.260018914937973; 1.0463018417358398; -0.06699012964963913; 
25; -0.8317989706993103; 0.3944566249847412; -0.19597946107387543; -0.5355076193809509; 0.9691656231880188; -0.12296326458454132; 
20; -0.8262375593185425; 0.15374258160591125; -0.019913647323846817; -0.2931855320930481; 1.2837399244308472; -0.05750039219856262; 
3; -0.9209614396095276; 0.3107427954673767; -0.05291648954153061; -0.25123435258865356; 1.110554575920105; -0.11178082227706909; 
39; -0.8975421786308289; 0.06141618266701698; -0.2243451178073883; -0.27953603863716125; 1.2711365222930908; 0.1512540727853775; 
13; -0.7303446531295776; 0.048365913331508636; 0.4060116410255432; -0.4550606310367584; 1.049153447151184; 0.18649670481681824; 
38; -1.0083965063095093; 0.3709338903427124; -0.1360732614994049; -0.4260575473308563; 1.1016732454299927; -0.14121076464653015; 
29; -0.5076863169670105; 0.047647878527641296; 0.0751897469162941; -0.26036539673805237; 1.0856393575668335; 0.04627706855535507; 
21; -0.7449039816856384; 0.10774572193622589; 0.008741187863051891; -0.34480220079421997; 0.8157821297645569; 0.15008369088172913; 
0; -0.6751741170883179; 0.3031029999256134; 0.049574777483940125; -0.48995181918144226; 1.1545484066009521; 0.1212548017501831; 
49; -0.9578645825386047; 0.3416784107685089; 0.028118755668401718; -0.4869421124458313; 1.1318461894989014; 0.06777793169021606; 
33; -0.8100677132606506; 0.197067528963089; 0.1583392173051834; -0.35417646169662476; 0.9340800642967224; 0.07373590022325516; 
6; -0.6572147607803345; 0.05199844390153885; -0.27187380194664; -0.3799353837966919; 1.1222811937332153; 0.07757493853569031; 
24; -0.9400675296783447; 0.2091532051563263; 0.0855836570262909; -0.2905992269515991; 1.1017378568649292; 0.10304677486419678; 
37; -1.5703933238983154; 0.16887132823467255; -0.05211600288748741; -0.3381618559360504; 1.0676569938659668; 0.0933535248041153; 
19; -0.9356177449226379; -0.06670960783958435; -0.07308529317378998; -0.3688051104545593; 1.2332720756530762; -0.06203228607773781; 
7; -1.632774829864502; 0.18573129177093506; 0.28845301270484924; -0.31336820125579834; 1.125056505203247; 0.009383531287312508; 
43; -0.5909245014190674; 0.21948102116584778; 0.31033989787101746; -0.4686199426651001; 1.0460697412490845; -0.1557520180940628; 
41; -0.845173716545105; 0.3288673758506775; 0.16583624482154846; -0.46649736166000366; 0.9719775319099426; 0.14309915900230408; 
28; -0.7840035557746887; 0.20520462095737457; -0.10389234125614166; -0.4364389479160309; 1.0926252603530884; -0.12308454513549805; 
15; -1.6898317337036133; 0.26986658573150635; -0.0006823419826105237; -0.4174135625362396; 1.0056208372116089; -0.08651526272296906; 
10; -0.8919602036476135; -0.01012104470282793; -0.3892991840839386; -0.3388782739639282; 1.0889396667480469; 0.00890784990042448; 
36; -0.7652183175086975; 0.19561320543289185; -0.01558781135827303; -0.35942596197128296; 0.9608332514762878; 0.041621383279561996; 
47; -0.7920026779174805; 0.29758965969085693; 0.03436806797981262; -0.43318599462509155; 0.9898878335952759; 0.043381694704294205; 
18; -1.3864262104034424; 0.23982901871204376; -0.4397375285625458; -0.304373562335968; 1.024656057357788; 0.07259443402290344; 
46; -1.5106878280639648; 0.21697521209716797; 0.19140513241291046; -0.3975607752799988; 1.026444435119629; -0.06684400141239166; 
8; -0.581556499004364; -0.20566172897815704; -0.2074049860239029; -0.46990206837654114; 1.3293607234954834; 0.10199504345655441; 
23; -0.5484034419059753; 0.025863483548164368; -0.14417095482349396; -0.5039942860603333; 1.271889567375183; 0.13235388696193695; 
34; -0.6002721786499023; 0.3413864076137543; -0.008678561076521873; -0.4572334587574005; 1.1432914733886719; -0.15494561195373535; 
2; -1.167859435081482; 0.07750319689512253; -0.18839697539806366; -0.3179498314857483; 0.9236378073692322; -0.034715231508016586; 
4; -1.073347806930542; 0.19127681851387024; -0.150285005569458; -0.3804805874824524; 1.0693559646606445; -0.0038802220951765776; 
48; -1.0186810493469238; 0.06278949975967407; 0.2927464246749878; -0.38863569498062134; 1.186372995376587; -0.13241788744926453; 
30; -0.7074025273323059; -0.010129591450095177; -0.27335119247436523; -0.2651814818382263; 1.1877241134643555; 0.106300488114357; 
5; -1.0379670858383179; 0.20825083553791046; 0.08195289224386215; -0.4781005382537842; 1.124266505241394; -0.03491410240530968; 
14; -0.7097170352935791; 0.16795703768730164; 0.23182734847068787; -0.36497557163238525; 1.018592119216919; -0.0971742570400238; 
22; -0.9065445065498352; 0.001229377230629325; -0.2145991176366806; -0.2822849452495575; 0.964659571647644; 0.04819381609559059; 
42; -1.1433669328689575; 0.013896957039833069; -0.47055938839912415; -0.4190618693828583; 1.1299396753311157; -0.061067093163728714; 
45; -0.6245699524879456; 0.1448991596698761; 0.006013511214405298; -0.3206053078174591; 1.0798861980438232; 0.15159724652767181; 
11; -1.0656384229660034; 0.0026970619801431894; 0.046204544603824615; -0.23075827956199646; 0.9546210765838623; -0.010195745155215263; 
27; -1.2194898128509521; 0.31052666902542114; -0.028236156329512596; -0.29434090852737427; 1.128434419631958; 0.11582857370376587; 
17; -0.7349833250045776; 0.3261287808418274; -0.2579405605792999; -0.34249404072761536; 1.0302517414093018; 0.038196127861738205; 
1; -0.9543949365615845; 0.33818623423576355; -0.2427995800971985; -0.4588628113269806; 1.2192708253860474; -0.03406601399183273; 
32; -0.7184089422225952; -0.18570080399513245; -0.03933444991707802; -0.36191526055336; 1.065016508102417; -0.0157109834253788; 
12; -1.1363651752471924; 0.4635699689388275; 0.045390427112579346; -0.410745233297348; 1.1027424335479736; 0.2744750678539276; 
16; -1.215991735458374; 0.49995219707489014; -0.17242205142974854; -0.5335908532142639; 1.1718229055404663; -0.04827691614627838; 
44; -0.6164584159851074; 0.33019229769706726; 0.1280294954776764; -0.37785109877586365; 1.1718336343765259; 0.08146877586841583; 
31; -0.8156326413154602; 0.13574330508708954; -0.38106292486190796; -0.3994019329547882; 1.0874689817428589; -0.028181184083223343; 
50; -0.6018946766853333; 0.47431129217147827; -0.11939588189125061; -0.5553454756736755; 0.9265176653862; 0.16774579882621765; 
88; -1.1421257257461548; 0.013931351713836193; -0.15623481571674347; -0.3363785147666931; 1.2266095876693726; 0.04563283920288086; 
51; -0.9729448556900024; 0.06208156794309616; -0.02297065034508705; -0.36239728331565857; 1.0544167757034302; -0.013207364827394485; 
54; -1.0190231800079346; 0.07496033608913422; -0.06704386323690414; -0.34860920906066895; 1.1212204694747925; -0.16392946243286133; 
52; -0.8753410577774048; 0.19180791079998016; -0.1714371144771576; -0.2037259042263031; 0.9986901879310608; -0.05159585550427437; 
59; -1.1373082399368286; 0.21114425361156464; -0.22300906479358673; -0.4874294102191925; 1.1745009422302246; -0.03678099066019058; 
95; -0.5654957890510559; 0.032142333686351776; 0.31589171290397644; -0.45815232396125793; 1.2190505266189575; 0.0374617874622345; 
96; -0.9657654166221619; 0.0013427454978227615; -0.15362760424613953; -0.485445111989975; 0.9511868953704834; -0.15529513359069824; 
100; -0.8470718264579773; 0.13408130407333374; 0.2308565229177475; -0.41725054383277893; 0.8679728507995605; 0.028076302260160446; 
56; -1.097294807434082; -0.11222945898771286; -0.16298794746398926; -0.42383867502212524; 1.0635449886322021; -0.004954711999744177; 
94; -0.6493558883666992; 0.029376905411481857; 0.019086118787527084; -0.2967557907104492; 1.196250557899475; -0.2409386932849884; 
97; -1.2513493299484253; 0.4099159836769104; -0.14397919178009033; -0.5012682676315308; 0.9266558289527893; -0.08768752962350845; 
98; -1.0287832021713257; -0.05609700828790665; -0.06872881948947906; -0.4555608928203583; 1.1180903911590576; 0.03816515952348709; 
63; -0.9710448980331421; 0.56605064868927; 0.26347216963768005; -0.49352869391441345; 1.3472245931625366; 0.060181014239788055; 
58; -0.7938404679298401; -0.0507856123149395; 0.05099080875515938; -0.6214524507522583; 1.133821964263916; 0.026890428736805916; 
57; -1.047865390777588; 0.07755017280578613; -0.050851646810770035; -0.3539673686027527; 1.1515929698944092; 0.11533316969871521; 
65; -0.6559001207351685; 0.2681562006473541; -0.05737730860710144; -0.44655174016952515; 1.1686416864395142; -0.1242414340376854; 
60; -1.1772478818893433; 0.05023123696446419; 0.1786135584115982; -0.39625340700149536; 1.1124178171157837; 0.08429151028394699; 
62; -0.8134550452232361; -0.07958801835775375; -0.006674226373434067; -0.3134864568710327; 1.0118975639343262; 0.08594607561826706; 
61; -0.6219110488891602; -0.15204186737537384; 0.09862234443426132; -0.6278075575828552; 1.1640559434890747; 0.1134665235877037; 
64; -0.6792758703231812; 0.1467391550540924; -0.15859311819076538; -0.35606545209884644; 1.3377114534378052; -0.03792359307408333; 
91; -1.0951673984527588; 0.4109339118003845; -0.11615617573261261; -0.32251206040382385; 0.933380663394928; -0.12367423623800278; 
89; -1.1437442302703857; 0.3984640836715698; -0.07948125898838043; -0.3686423599720001; 1.1333119869232178; -0.09627848118543625; 
92; -0.731257438659668; 0.2058686763048172; 0.11147381365299225; -0.3436160087585449; 1.010196566581726; 0.08102838695049286; 
71; -1.0999222993850708; 0.5197564959526062; -0.1079411581158638; -0.39368805289268494; 1.0819118022918701; 0.11559233069419861; 
76; -0.5281078815460205; 0.15831823647022247; 0.32490256428718567; -0.4359380304813385; 1.1313719749450684; 0.02925538644194603; 
93; -0.8167133927345276; 0.22645093500614166; -0.07204612344503403; -0.3599933981895447; 1.1262011528015137; -0.019179504364728928; 
90; -0.7198739051818848; -0.21272686123847961; 0.04680503532290459; -0.3088347613811493; 0.9374839067459106; 0.10315918922424316; 
77; -0.9720991253852844; -0.003247306915000081; 0.0021536420099437237; -0.29656025767326355; 1.1447243690490723; 0.03429123014211655; 
86; -1.1290743350982666; 0.5635186433792114; -0.2531750500202179; -0.3315167725086212; 1.1398035287857056; -0.037042126059532166; 
82; -1.2901021242141724; 0.28855428099632263; 0.3318629562854767; -0.5631397366523743; 1.2713305950164795; 0.03643955662846565; 
69; -1.0520135164260864; 0.2553521692752838; -0.28445348143577576; -0.32190120220184326; 0.9871025085449219; 0.21067580580711365; 
53; -1.1079648733139038; -0.18364666402339935; -0.07569347321987152; -0.29187220335006714; 1.2418476343154907; -0.07760855555534363; 
84; -1.2737188339233398; 0.3665950894355774; -0.25617364048957825; -0.3762885332107544; 0.9947773218154907; -0.018740996718406677; 
70; -0.8153219223022461; 0.25936952233314514; -0.41814422607421875; -0.428449422121048; 0.9873071312904358; -0.11861196160316467; 
81; -0.7200503945350647; 0.14727678894996643; -0.1911744475364685; -0.4205226004123688; 1.2777708768844604; 0.016134969890117645; 
74; -0.8748000860214233; 0.3854772448539734; 0.10902766138315201; -0.5570877194404602; 1.0851984024047852; -0.0208782646805048; 
79; -0.5867211818695068; 0.07976539433002472; -0.101638562977314; -0.4791204035282135; 1.1595265865325928; 0.17929983139038086; 
78; -0.9375373721122742; -0.15714262425899506; 0.2983621656894684; -0.27114036679267883; 1.0405893325805664; 0.12349902838468552; 
73; -1.0203936100006104; 0.1505557745695114; 0.06874135881662369; -0.45159363746643066; 1.1304246187210083; 0.016221586614847183; 
87; -0.7724472284317017; 0.09856893122196198; 0.061530232429504395; -0.308909147977829; 1.3267773389816284; -0.02895171381533146; 
80; -0.6074782609939575; 0.2902751863002777; 0.10093604773283005; -0.3315672278404236; 1.1029142141342163; 0.013906754553318024; 
99; -0.8594169020652771; 0.28592029213905334; -0.3265845477581024; -0.490457147359848; 1.1216316223144531; 0.16639751195907593; 
72; -1.0053044557571411; -0.00555222574621439; -0.1801166534423828; -0.4252876937389374; 1.116683840751648; -0.04590117931365967; 
75; -1.0429022312164307; -0.13737735152244568; -0.012209870852530003; -0.2486448884010315; 1.4131780862808228; -0.012821134179830551; 
66; -0.978713870048523; 0.022326961159706116; -0.12058639526367188; -0.45352625846862793; 1.220305323600769; -0.0026212893426418304; 
55; -1.606476068496704; 0.252363383769989; -0.05740134418010712; -0.6387040019035339; 1.0662356615066528; -0.03016357123851776; 
67; -1.2924193143844604; -0.04802882298827171; 0.28655368089675903; -0.3906612992286682; 1.054586410522461; -0.021492663770914078; 
68; -0.8253172039985657; 0.24175713956356049; -0.008612515404820442; -0.400081068277359; 1.2057857513427734; 0.10261626541614532; 
85; -0.630127489566803; 0.3410818874835968; -0.20810925960540771; -0.3156202435493469; 1.0308109521865845; -0.25183722376823425; 
102; -1.0172890424728394; 0.19039204716682434; 0.03810424730181694; -0.4511416256427765; 1.2736316919326782; -0.00221884623169899; 
101; -0.5191336274147034; 0.22148051857948303; 0.22056123614311218; -0.2853872776031494; 0.9693412780761719; 0.005463041365146637; 
83; -0.9517214894294739; 0.11944709718227386; -0.2119508981704712; -0.23411399126052856; 1.1198476552963257; -0.009635538794100285; 
112; -0.9453585147857666; -0.0382145494222641; -0.36676427721977234; -0.3444906175136566; 1.0434023141860962; -0.05457436665892601; 
109; -1.0635228157043457; 0.1640775352716446; 0.2764427065849304; -0.44465401768684387; 1.1620419025421143; -0.09424413740634918; 
105; -0.4453756511211395; 0.0710863396525383; 0.10926342010498047; -0.49914321303367615; 1.1846784353256226; -0.030368726700544357; 
117; -0.9924284815788269; 0.14276902377605438; -0.35896846652030945; -0.4079611897468567; 1.0225986242294312; 0.1063845232129097; 
107; -0.5953104496002197; 0.296781450510025; 0.013012462295591831; -0.30362680554389954; 1.1583585739135742; -0.054128557443618774; 
119; -1.3143255710601807; 0.1590275764465332; -0.16221342980861664; -0.5250594019889832; 0.900661826133728; -0.1947086602449417; 
114; -0.9328227639198303; 0.3740643560886383; -0.15191218256950378; -0.36236831545829773; 1.0114386081695557; 0.05858893692493439; 
108; -0.7706656455993652; 0.42418208718299866; 0.1186751201748848; -0.40227237343788147; 1.117310643196106; 0.02802168019115925; 
111; -1.3193740844726562; -0.025066060945391655; -0.18047097325325012; -0.2600926160812378; 1.0975465774536133; 0.09422959387302399; 
116; -0.7501493096351624; 0.3482271730899811; -0.010652931407094002; -0.4079451262950897; 0.9720849990844727; -0.12552055716514587; 
130; -1.0211149454116821; 0.3290940523147583; -0.16118280589580536; -0.2741740643978119; 1.118399977684021; -0.06267908215522766; 
113; -1.0494645833969116; 0.13440899550914764; 0.11540364474058151; -0.36161378026008606; 1.2400844097137451; 0.19830380380153656; 
103; -0.6882933974266052; 0.4067416489124298; -0.1978599578142166; -0.3687164783477783; 0.9914130568504333; -0.08295924961566925; 
115; -0.6942384839057922; 0.15704606473445892; -0.029499677941203117; -0.3494739234447479; 1.1278324127197266; 0.18153901398181915; 
110; -0.7245358228683472; 0.2318831831216812; -0.18028852343559265; -0.35552000999450684; 1.1804195642471313; 0.24834105372428894; 
118; -0.8188979625701904; 0.437588095664978; 0.03533349931240082; -0.4497769773006439; 0.9864534735679626; -0.10356356203556061; 
106; -1.328298568725586; -0.0012369342148303986; 0.04037103429436684; -0.42851749062538147; 1.1848399639129639; 0.07443127036094666; 
129; -1.5201281309127808; 0.012061655521392822; -0.34843915700912476; -0.3461359441280365; 1.327592134475708; 0.07849093526601791; 
131; -0.737876832485199; 0.0008592735975980759; 0.16971759498119354; -0.3318095803260803; 1.0610867738723755; -0.07007136940956116; 
123; -1.0693548917770386; 0.5312581062316895; 0.0011960584670305252; -0.4598364233970642; 1.1037729978561401; -0.14582163095474243; 
121; -0.8469091653823853; 0.06739696860313416; -0.40035825967788696; -0.3708035945892334; 1.0884456634521484; 0.18927080929279327; 
124; -1.0735102891921997; 0.47158175706863403; -0.06488625705242157; -0.32332101464271545; 0.9995149970054626; -0.07930837571620941; 
122; -0.762778639793396; 0.021978573873639107; -0.29407188296318054; -0.45439815521240234; 1.0353235006332397; 0.08902548253536224; 
125; -1.4944521188735962; 0.5034884214401245; -0.019969191402196884; -0.2741486728191376; 0.9036577939987183; 0.17686058580875397; 
128; -0.9301685094833374; 0.3120065927505493; -0.4424663186073303; -0.4793742299079895; 1.027768611907959; 0.029040154069662094; 
147; -1.1313989162445068; 0.19026896357536316; 0.21754352748394012; -0.46395668387413025; 1.2134870290756226; 0.014640160836279392; 
126; -1.3831710815429688; 0.3362595736980438; -0.3867235779762268; -0.3354250490665436; 0.8444209694862366; 0.0734415054321289; 
120; -0.7819459438323975; 0.37332671880722046; -0.17069993913173676; -0.34589922428131104; 1.1440025568008423; -0.01622503437101841; 
127; -1.6591023206710815; -0.013417020440101624; 0.03153888136148453; -0.31306594610214233; 1.0794814825057983; -0.024857548996806145; 
148; -0.6761736869812012; 0.26098567247390747; 0.08803360164165497; -0.26434117555618286; 1.125182867050171; 0.01696731522679329; 
136; -0.9634819626808167; 0.2868158221244812; 0.30295196175575256; -0.38744527101516724; 1.1147881746292114; -0.11995486915111542; 
132; -0.6809449791908264; -0.2006996124982834; -0.44729089736938477; -0.665306806564331; 1.2916306257247925; 0.0706695169210434; 
146; -0.9811157584190369; 0.3112215995788574; -0.09364986419677734; -0.3559463322162628; 1.1047133207321167; 0.05747312679886818; 
135; -1.1398041248321533; -0.14149120450019836; 0.02562941424548626; -0.2704862356185913; 1.0488369464874268; 0.016934145241975784; 
144; -0.9538859128952026; 0.17868663370609283; -0.20519641041755676; -0.34927019476890564; 1.2163581848144531; 0.0407903790473938; 
104; -0.45535382628440857; 0.07486294209957123; -0.026032352820038795; -0.34914451837539673; 1.2369669675827026; -0.22670531272888184; 
137; -0.938305139541626; 0.3779486417770386; -0.09670978784561157; -0.3379485309123993; 1.1220282316207886; -0.06784199923276901; 
134; -1.1001969575881958; -0.22897017002105713; 0.34089764952659607; -0.3133687973022461; 1.1609362363815308; 0.12942364811897278; 
133; -1.0635513067245483; 0.06882064044475555; -0.18681113421916962; -0.4141499996185303; 1.0539199113845825; -0.030090786516666412; 
141; -0.8360460996627808; 0.16032660007476807; -0.05329802632331848; -0.30141162872314453; 1.0882278680801392; 0.12526080012321472; 
138; -0.7378430366516113; 0.025112880393862724; -0.18376097083091736; -0.35280662775039673; 1.2309226989746094; 0.0678645446896553; 
142; -0.5514546036720276; 0.18099921941757202; 0.21601927280426025; -0.48046034574508667; 0.9797520041465759; -0.10070343315601349; 
152; -0.5778530240058899; 0.22486387193202972; -0.4940025806427002; -0.4946790933609009; 1.0745841264724731; -0.1757979542016983; 
140; -0.8019390106201172; 0.46698278188705444; -0.19173631072044373; -0.5662763118743896; 1.1244949102401733; 0.1386430263519287; 
145; -0.8836304545402527; 0.22676558792591095; 0.1210983619093895; -0.2973595857620239; 0.9635617136955261; 0.04863495007157326; 
154; -0.7434976696968079; 0.2651468515396118; 0.1352216750383377; -0.5028042793273926; 1.1763094663619995; 0.22846268117427826; 
153; -1.4879425764083862; 0.0693785548210144; -0.027411535382270813; -0.4163484573364258; 0.9715412855148315; -0.0030695172026753426; 
150; -0.44136518239974976; 0.013273036107420921; -0.06893450021743774; -0.4218865931034088; 1.1356117725372314; -0.007960427552461624; 
167; -0.7761894464492798; 0.22713960707187653; 0.015278318896889687; -0.4292183816432953; 1.2805233001708984; 0.13530029356479645; 
159; -0.8239930868148804; -0.09058210253715515; 0.036946043372154236; -0.41749095916748047; 1.2705283164978027; -0.07633940130472183; 
158; -0.42683055996894836; -0.17111825942993164; -0.05862914025783539; -0.36519137024879456; 1.3850370645523071; 0.01607644185423851; 
169; -1.4642634391784668; 0.21310271322727203; -0.22248730063438416; -0.388327956199646; 1.056955337524414; -0.13562175631523132; 
166; -0.6985906362533569; -0.23594024777412415; 0.074553482234478; -0.5432144999504089; 1.1459102630615234; -0.04721612483263016; 
165; -1.211119294166565; 0.3232746124267578; -0.3083701431751251; -0.2757564187049866; 1.1066293716430664; 0.035379309207201004; 
151; -0.45373353362083435; 0.45886552333831787; 0.4102194905281067; -0.3798801004886627; 1.233262538909912; 0.04008278623223305; 
168; -0.7901144623756409; 0.39451882243156433; 0.37095919251441956; -0.4279114902019501; 1.1494492292404175; 0.009673090651631355; 
175; -1.2122437953948975; 0.11660010367631912; -0.3433462679386139; -0.4442192316055298; 1.083604335784912; -0.033937543630599976; 
143; -0.6665042638778687; 0.07774908095598221; -0.16889476776123047; -0.3278038501739502; 0.9583920240402222; 0.0886455774307251; 
139; -0.5231583118438721; -0.01903519034385681; 0.07870950549840927; -0.3821476995944977; 1.1383044719696045; -0.013353429734706879; 
162; -0.6173863410949707; 0.2252744883298874; -0.05368397757411003; -0.38612058758735657; 1.0081754922866821; 0.06643456965684891; 
163; -0.9279726147651672; -0.00036757439374923706; -0.34491825103759766; -0.5446780323982239; 1.1648181676864624; 0.003301803022623062; 
170; -1.328592300415039; 0.4466073215007782; -0.022103874012827873; -0.5025356411933899; 1.1651753187179565; -0.1015477180480957; 
171; -0.7778515219688416; -0.09114822000265121; -0.04719220846891403; -0.33409446477890015; 1.2273281812667847; 0.19341304898262024; 
180; -0.4689108431339264; -0.0019105297978967428; 0.24235166609287262; -0.4273398518562317; 1.1251024007797241; -0.09939879179000854; 
160; -0.5540657043457031; -0.29030758142471313; -0.11780618131160736; -0.2645871639251709; 1.1561450958251953; 0.03189219906926155; 
164; -0.6555243134498596; 0.4127054810523987; -0.251616895198822; -0.35187768936157227; 1.3554809093475342; -0.09534887969493866; 
157; -0.9995707869529724; 0.12696319818496704; -0.5741093158721924; -0.40670785307884216; 1.0423367023468018; -0.027270600199699402; 
156; -0.6960276961326599; 0.25600603222846985; -0.07663951069116592; -0.27980899810791016; 1.065603494644165; -0.057599179446697235; 
192; -0.7998713850975037; 0.191038116812706; -0.17845673859119415; -0.43819189071655273; 1.0822739601135254; -0.07856492698192596; 
188; -0.6546148061752319; 0.46987953782081604; 0.04414582997560501; -0.5131957530975342; 1.0618268251419067; 0.11947108805179596; 
181; -0.7787510752677917; 0.1658238023519516; -0.17037613689899445; -0.4203683137893677; 1.0382975339889526; 0.13363035023212433; 
177; -0.8672360777854919; 0.00639380794018507; 0.0627933070063591; -0.4731100797653198; 1.2294963598251343; -0.14075276255607605; 
191; -0.9879208207130432; -0.3006684482097626; -0.13210749626159668; -0.3337365984916687; 1.2095892429351807; -0.05865269899368286; 
184; -0.8954060673713684; 0.3134087920188904; 0.0979727953672409; -0.26654452085494995; 0.9983549118041992; 0.07738326489925385; 
183; -0.8704594373703003; 0.5142436027526855; -0.19210250675678253; -0.4953562021255493; 1.0002882480621338; 0.07523692399263382; 
193; -1.048077940940857; -0.020412486046552658; 0.1610005795955658; -0.3021419048309326; 1.1326193809509277; 0.07151870429515839; 
186; -1.2102622985839844; 0.27985507249832153; 0.011376895941793919; -0.4406980872154236; 1.054962158203125; 0.042717207223176956; 
161; -0.8746415376663208; 0.5412576794624329; -0.14872704446315765; -0.2068648636341095; 1.1250518560409546; 0.1872849464416504; 
189; -0.6331300139427185; 0.0759321004152298; 0.03959956020116806; -0.33944249153137207; 1.232245922088623; -0.08968313038349152; 
194; -1.0682423114776611; 0.36585167050361633; 0.09941823780536652; -0.4463762938976288; 1.057959794998169; -0.017272522673010826; 
174; -0.7259541153907776; 0.40363284945487976; -0.22463634610176086; -0.4132041037082672; 1.3005363941192627; -0.17160119116306305; 
173; -0.6214374899864197; 0.44461730122566223; -0.0659293606877327; -0.4172622561454773; 1.1177692413330078; -0.23257660865783691; 
172; -0.6740723848342896; 0.06795784831047058; -0.05804206430912018; -0.4490431547164917; 0.8793520927429199; 0.005917798727750778; 
179; -0.8946739435195923; 0.1714690923690796; 0.11592501401901245; -0.3672093451023102; 1.251692533493042; 0.052441004663705826; 
187; -0.5903862118721008; 0.42585426568984985; -0.28491872549057007; -0.22510159015655518; 1.2046196460723877; 0.12457416951656342; 
176; -0.633102297782898; 0.335551917552948; -0.22848357260227203; -0.4934868812561035; 0.9601123929023743; 0.006021885201334953; 
185; -0.6134498119354248; 0.022748032584786415; 0.09460237622261047; -0.4676367938518524; 0.9411380290985107; 0.04698074609041214; 
195; -1.0606626272201538; 0.2562859356403351; 0.2905868589878082; -0.32009047269821167; 0.9878848195075989; 0.05869119614362717; 
155; -0.5884308815002441; 0.1369854211807251; 0.03303968533873558; -0.4799124002456665; 1.2044817209243774; 0.10743340104818344; 
190; -0.9713929891586304; 0.2583330571651459; -0.06257354468107224; -0.38548359274864197; 1.0168933868408203; 0.03829597681760788; 
197; -0.9519558548927307; 0.5231798887252808; -0.14877639710903168; -0.4487319886684418; 0.9274014830589294; -0.033376093953847885; 
178; -0.3074415326118469; 0.09398253262042999; -0.3474653661251068; -0.4709949195384979; 1.0240890979766846; 0.01767772249877453; 
199; -1.3806694746017456; 0.11173570901155472; -0.06044275313615799; -0.3116045296192169; 1.1014533042907715; -0.020406730473041534; 
198; -0.9811406135559082; 0.20238111913204193; 0.004961138591170311; -0.22955484688282013; 1.0313786268234253; -0.04301276057958603; 
196; -0.6882167458534241; -0.016914596781134605; -0.3647339344024658; -0.37736010551452637; 1.135897159576416; -0.02892668917775154; 
200; -1.0807840824127197; -0.14713580906391144; 0.37940752506256104; -0.5237450003623962; 1.1566153764724731; 0.0013586538843810558; 
182; -0.6113819479942322; 0.6120816469192505; 0.1596425473690033; -0.40751945972442627; 1.0474563837051392; -0.15695708990097046; 
149; -1.114479899406433; 0.232923686504364; 0.1675073206424713; -0.4255421459674835; 1.034074068069458; 0.1311267614364624; 
213; -0.8066055774688721; -0.041133202612400055; -0.14871543645858765; -0.5331032276153564; 1.0496422052383423; -0.009186184033751488; 
241; -0.8376753330230713; 0.135896235704422; 0.20389670133590698; -0.2942807376384735; 1.1123242378234863; -0.004299069754779339; 
202; -0.6891781687736511; 0.13858778774738312; -0.4228402078151703; -0.35772567987442017; 1.0293841361999512; 0.006570516154170036; 
212; -0.8635149598121643; 0.5034922957420349; -0.19328026473522186; -0.5780996680259705; 1.165013313293457; 0.14490005373954773; 
223; -0.5015267729759216; 0.44048821926116943; -0.3365575969219208; -0.4604033827781677; 1.3265116214752197; -0.2937476336956024; 
240; -1.1648794412612915; 0.3010174632072449; 0.20279712975025177; -0.4643550515174866; 1.2683345079421997; -0.06388811767101288; 
204; -1.0106985569000244; 0.05394916236400604; 0.11248897016048431; -0.3058520257472992; 0.961474597454071; 0.009892409667372704; 
200; -1.0807842016220093; -0.14713580906391144; 0.3794076144695282; -0.5237450003623962; 1.1566152572631836; 0.0013586636632680893; 
244; -0.8766564726829529; -0.13561232388019562; -0.3070160746574402; -0.4752623438835144; 0.9619788527488708; -0.019379237666726112; 
221; -0.9740612506866455; 0.12602142989635468; 0.07189630717039108; -0.43154552578926086; 1.3155200481414795; 0.02080220729112625; 
205; -0.9525021314620972; -0.12372834980487823; -0.3895087242126465; -0.3901801109313965; 1.1336244344711304; -0.0437474325299263; 
216; -1.273836374282837; 0.07906549423933029; 0.04729780554771423; -0.31072157621383667; 1.1472827196121216; 0.024521272629499435; 
224; -0.35132354497909546; 0.45247596502304077; 0.1374763548374176; -0.2632145881652832; 1.1292548179626465; -0.13198591768741608; 
226; -0.6035771369934082; 0.25451019406318665; 0.1940733939409256; -0.5253026485443115; 1.1093887090682983; 0.1547517478466034; 
237; -1.4813933372497559; 0.27145352959632874; -0.016964707523584366; -0.4417705833911896; 1.1838446855545044; -0.007890749722719193; 
248; -0.7291218042373657; 0.037629634141922; 0.24577969312667847; -0.29917198419570923; 1.1105843782424927; 0.04424414038658142; 
236; -0.6430162787437439; 0.20335611701011658; -0.09092503786087036; -0.4905877709388733; 1.0228686332702637; 0.02325267717242241; 
227; -0.8570268154144287; 0.2504504323005676; -0.009622124023735523; -0.4447903633117676; 1.2685890197753906; -0.03023107908666134; 
243; -1.1468733549118042; 0.15370166301727295; -0.21198080480098724; -0.3730001747608185; 1.0513155460357666; -0.006286729127168655; 
238; -1.0668129920959473; 0.1567312777042389; -0.01482616737484932; -0.44292375445365906; 1.0153101682662964; -0.0971280038356781; 
214; -0.7010284662246704; 0.09281432628631592; -0.18728794157505035; -0.2773514688014984; 1.0857783555984497; -0.0293599721044302; 
206; -0.8922050595283508; 0.4078896939754486; 0.35778582096099854; -0.5773857831954956; 1.2150709629058838; -0.03477202355861664; 
231; -1.3424019813537598; 0.2925330102443695; -0.7295928597450256; -0.43246015906333923; 1.3338934183120728; 0.024295298382639885; 
229; -1.0063600540161133; 0.29118508100509644; -0.28694021701812744; -0.48221924901008606; 1.0050992965698242; 0.08230365067720413; 
228; -0.92497318983078; 0.032366156578063965; 0.06712355464696884; -0.46821141242980957; 1.204392433166504; -0.06610419601202011; 
234; -0.6048893332481384; -0.055097125470638275; -0.26906687021255493; -0.32732322812080383; 1.0940489768981934; -0.06664204597473145; 
235; -0.9011840224266052; 0.13258370757102966; 0.12572765350341797; -0.2367052584886551; 1.1266133785247803; 0.001262454316020012; 
251; -0.782576858997345; 0.17952071130275726; -0.09748653322458267; -0.339871883392334; 1.0261272192001343; -0.22162915766239166; 
225; -1.0430254936218262; 0.28867611289024353; -0.1912415325641632; -0.40456265211105347; 1.0941635370254517; -0.045534729957580566; 
209; -1.2732276916503906; 0.21148517727851868; -0.09597677737474442; -0.6126788854598999; 0.9972168207168579; 0.029440656304359436; 
253; -0.6934119462966919; 0.4201604127883911; -0.027520524337887764; -0.40752166509628296; 1.276314377784729; 0.05900712311267853; 
261; -0.577779233455658; 0.2089960277080536; 0.1040414422750473; -0.3465481102466583; 0.9696164131164551; 0.029753847047686577; 
220; -0.8771789073944092; 0.199644073843956; -0.1465948075056076; -0.4261024594306946; 1.1792887449264526; 0.1848456710577011; 
207; -0.9992716312408447; 0.11484596133232117; -0.1376217156648636; -0.457568496465683; 0.9319586753845215; -0.02674718387424946; 
239; -1.3826237916946411; 0.05155254155397415; 0.29039958119392395; -0.17261776328086853; 1.1116576194763184; -0.026168551295995712; 
245; -0.896721363067627; 0.2117343693971634; 0.008620459586381912; -0.4677942991256714; 1.0606141090393066; -0.02904549427330494; 
222; -0.5366216897964478; 0.1732008010149002; -0.3108394742012024; -0.2940027713775635; 1.1524884700775146; 0.011187187395989895; 
256; -1.4249374866485596; 0.07135554403066635; 0.28167709708213806; -0.3829558789730072; 1.027954339981079; 0.023749064654111862; 
258; -0.7105422616004944; -0.03608468174934387; -0.19839122891426086; -0.6043996810913086; 1.1373342275619507; 0.024131661280989647; 
215; -0.8197264671325684; 0.13688784837722778; -0.1144496351480484; -0.5881273746490479; 0.9261084794998169; 0.1444108486175537; 
219; -0.9005986452102661; 0.3209002614021301; -0.09470459818840027; -0.4677410125732422; 1.1582677364349365; -0.2590809166431427; 
218; -1.027246117591858; 0.04057192802429199; 0.2474059909582138; -0.284841388463974; 1.010170340538025; 0.03694840893149376; 
210; -1.034676432609558; 0.27474504709243774; -0.1663150191307068; -0.5335497260093689; 0.9971669316291809; -0.08605142682790756; 
208; -0.7331936359405518; 0.1350172460079193; 0.05249150097370148; -0.5305518507957458; 1.0298490524291992; -0.07512077689170837; 
275; -0.7903329730033875; 0.29151302576065063; -0.31434372067451477; -0.4135008454322815; 1.0403881072998047; -0.13467048108577728; 
264; -0.9743682146072388; -0.11314041912555695; -0.22865203022956848; -0.37374407052993774; 1.1292537450790405; 0.02222530171275139; 
203; -0.6508731245994568; 0.3376924991607666; 0.007791386917233467; -0.292646586894989; 1.276660680770874; 0.04185191169381142; 
246; -1.2760276794433594; 0.30097538232803345; 0.16651786863803864; -0.47312358021736145; 1.0600953102111816; -0.06938661634922028; 
249; -0.904232919216156; -0.08214394003152847; -0.14238989353179932; -0.6501945853233337; 1.190182089805603; 0.14545497298240662; 
232; -0.48109662532806396; 0.020526282489299774; 0.25324171781539917; -0.5055466890335083; 1.0465246438980103; 0.057262714952230453; 
269; -0.8309900164604187; 0.22666122019290924; -0.3281761109828949; -0.5242804288864136; 1.0886520147323608; -0.021528081968426704; 
211; -1.0167348384857178; 0.01892705261707306; 0.2224617749452591; -0.31341394782066345; 1.2080214023590088; -0.000776633620262146; 
266; -1.1617279052734375; 0.19287990033626556; -0.01256742887198925; -0.40703192353248596; 1.10200035572052; -0.05419496074318886; 
260; -0.981992781162262; 0.444707989692688; -0.02983965538442135; -0.13106799125671387; 0.9864578247070312; -0.21541444957256317; 
267; -0.8228846788406372; 0.15232865512371063; -0.6538255214691162; -0.33048224449157715; 1.2225252389907837; -0.06285852938890457; 
265; -1.0222787857055664; 0.05736246705055237; -0.17199350893497467; -0.33243876695632935; 1.010018229484558; -0.06273472309112549; 
252; -1.1246832609176636; 0.20718084275722504; 0.266483336687088; -0.434062659740448; 1.1034812927246094; -0.11386902630329132; 
294; -0.14909152686595917; 0.07322528958320618; 0.024506429210305214; -0.2381397932767868; 1.231673002243042; -0.0868334248661995; 
201; -1.1850566864013672; 0.2283000648021698; -0.23245486617088318; -0.3566153943538666; 1.163023829460144; -0.1959647238254547; 
217; -0.9950905442237854; -0.06275615841150284; -0.03491165488958359; -0.39895784854888916; 1.0425667762756348; 0.13304713368415833; 
276; -0.9448273181915283; -0.22826163470745087; 0.08901672065258026; -0.4226944148540497; 0.8416388034820557; -0.03589596599340439; 
262; -0.7256064414978027; 0.04125595465302467; -0.04223497211933136; -0.2407168298959732; 1.1342442035675049; 0.051978155970573425; 
274; -0.9205397367477417; 0.39755961298942566; 0.09377501159906387; -0.534640908241272; 1.2128018140792847; -0.002390412613749504; 
279; -0.933422863483429; 0.07666093111038208; -0.11455890536308289; -0.4202462434768677; 1.170877456665039; 0.04529307037591934; 
293; -0.7599782943725586; 0.5375247597694397; -0.2650141716003418; -0.38528919219970703; 0.9642143845558167; -0.00973940547555685; 
263; -0.834091067314148; 0.022534731775522232; -0.2177940011024475; -0.4031047224998474; 1.2679282426834106; -0.1363850235939026; 
254; -0.734965443611145; 0.39795374870300293; 0.058495186269283295; -0.3164404630661011; 1.0931988954544067; -0.01917772740125656; 
300; -0.770745038986206; 0.10209466516971588; -0.06035594642162323; -0.324861615896225; 0.9850236177444458; -0.013875197619199753; 
285; -0.7281021475791931; -0.07706581056118011; 0.04529440775513649; -0.5375670790672302; 0.9826233386993408; 0.16039691865444183; 
270; -0.6997052431106567; 0.24474270641803741; -0.15271557867527008; -0.2834559679031372; 1.0317835807800293; -0.08155979216098785; 
286; -0.7788997292518616; 0.15754827857017517; 0.012154880911111832; -0.3406451344490051; 1.3279677629470825; -0.01116133015602827; 
287; -1.0859112739562988; 0.31685400009155273; -0.06917685270309448; -0.5309043526649475; 1.1976594924926758; 0.0030433693900704384; 
291; -0.9435253739356995; -0.092455193400383; -0.1567082703113556; -0.3059789836406708; 1.2606661319732666; 0.028291825205087662; 
302; -0.983103334903717; 0.17070336639881134; 0.033659614622592926; -0.47235390543937683; 1.0247527360916138; -0.041459061205387115; 
281; -1.5712171792984009; 0.4531906247138977; -0.36068597435951233; -0.5421259999275208; 1.2319345474243164; -0.07405873388051987; 
292; -0.9454010725021362; 0.24976861476898193; -0.22539643943309784; -0.3821934461593628; 1.1518561840057373; -0.0635533258318901; 
290; -0.9942705035209656; 0.27483636140823364; 0.05998120456933975; -0.5048010349273682; 1.0008108615875244; -0.025143638253211975; 
298; -0.9965167045593262; -0.08702713996171951; 0.27485838532447815; -0.4255036413669586; 1.015869379043579; 0.03823644667863846; 
250; -0.6424522399902344; -0.14225073158740997; -0.20507806539535522; -0.5231111645698547; 1.28134286403656; 0.030934829264879227; 
283; -0.8147053122520447; -0.08279971033334732; -0.021799582988023758; -0.3008391559123993; 1.0974732637405396; 0.0803755670785904; 
306; -1.1983141899108887; 0.1912473738193512; 0.05828725919127464; -0.4811284840106964; 1.0404653549194336; -0.04489539563655853; 
289; -1.2122794389724731; 0.26363369822502136; -0.22686289250850677; -0.2567429542541504; 1.1990983486175537; -0.09794377535581589; 
296; -0.7588802576065063; -0.09746725112199783; 0.3139944076538086; -0.40268656611442566; 0.9602897763252258; -0.22880849242210388; 
277; -1.0978155136108398; -0.1954483687877655; -0.024293430149555206; -0.3369741439819336; 1.2435226440429688; -0.0033536143600940704; 
230; -0.6318597197532654; 0.07279860228300095; -0.1784413754940033; -0.4083361029624939; 1.1681485176086426; -0.07211851328611374; 
242; -0.7530897855758667; -0.16230113804340363; 0.18094655871391296; -0.3519413471221924; 1.40071702003479; 0.0014382768422365189; 
284; -0.6568329334259033; 0.12956924736499786; 0.3569736182689667; -0.2671884000301361; 1.0039677619934082; -0.25462496280670166; 
247; -0.5844910740852356; -0.024719733744859695; 0.0025758016854524612; -0.4171670079231262; 1.1713171005249023; 0.09302154183387756; 
315; -0.4402601718902588; 0.22091493010520935; -0.20692943036556244; -0.4766932427883148; 1.3076401948928833; -0.19565559923648834; 
308; -0.7359606027603149; 0.35660475492477417; 0.20849832892417908; -0.41735973954200745; 1.2268251180648804; -0.018529772758483887; 
233; -0.4939277470111847; 0.05294451490044594; 0.04064067453145981; -0.4093306064605713; 1.4166268110275269; 0.1504582017660141; 
307; -0.8463507890701294; 0.21894517540931702; -0.14805521070957184; -0.3627668023109436; 1.1224313974380493; 0.008483730256557465; 
309; -1.0172253847122192; 0.3834570348262787; 0.16554594039916992; -0.18910551071166992; 1.126065731048584; -0.015265063382685184; 
278; -0.8926581144332886; 0.04921140521764755; 0.038643307983875275; -0.32125401496887207; 1.1255344152450562; 0.0027004098519682884; 
280; -0.6553872227668762; 0.17278625071048737; 0.1261548101902008; -0.43306058645248413; 1.295942783355713; -0.06805193424224854; 
297; -0.7733159065246582; -0.28324824571609497; -0.0066789286211133; -0.4048060476779938; 1.172621488571167; -0.04201660305261612; 
301; -0.9791929721832275; 0.27969276905059814; -0.2546277940273285; -0.5777000784873962; 1.1053348779678345; -0.08653942495584488; 
257; -0.2339511513710022; 0.5673626661300659; 0.37235188484191895; -0.380925714969635; 1.072430968284607; -0.06362766772508621; 
312; -1.202596664428711; 0.17537151277065277; 0.02087794803082943; -0.3744182288646698; 1.150328516960144; -0.10959840565919876; 
304; -0.9853605031967163; 0.06692372262477875; -0.12687762081623077; -0.29358237981796265; 1.1789993047714233; 0.04694662615656853; 
268; -0.8402805924415588; 0.6350384950637817; 0.2262095808982849; -0.2916768491268158; 1.1198872327804565; -0.02329263463616371; 
310; -1.063057541847229; 0.08379967510700226; 0.22581835091114044; -0.3136546313762665; 1.2926439046859741; 0.22252856194972992; 
323; -0.6237188577651978; 0.4474393129348755; -0.07600857317447662; -0.30380719900131226; 1.1907134056091309; -0.04693261533975601; 
305; -1.2776391506195068; 0.21976490318775177; -0.04696003720164299; -0.39634382724761963; 0.9900062084197998; -0.03981741517782211; 
288; -0.8944653272628784; 0.3277055025100708; 0.34061726927757263; -0.22125191986560822; 1.024929165840149; -0.018647991120815277; 
314; -1.0764433145523071; 0.3454406261444092; 0.1559915393590927; -0.40916678309440613; 1.2158044576644897; -0.00495370477437973; 
272; -0.8982225656509399; 0.41292911767959595; -0.08867383003234863; -0.3453770577907562; 1.05999755859375; 0.08293908089399338; 
316; -0.865917444229126; 0.27220419049263; -0.22324472665786743; -0.35719913244247437; 1.1149177551269531; -0.12228542566299438; 
331; -0.9464646577835083; 0.2966405153274536; -0.19887353479862213; -0.4127463698387146; 1.1309012174606323; -0.013048510998487473; 
311; -1.0354982614517212; 0.19530250132083893; -0.039695680141448975; -0.5530503392219543; 1.0460118055343628; -0.052177347242832184; 
326; -0.9207303524017334; -0.14176994562149048; -0.3742302656173706; -0.36174076795578003; 1.00290846824646; 0.12932312488555908; 
327; -0.373740017414093; 0.10825973004102707; 0.03338712453842163; -0.6542074084281921; 1.089645266532898; -0.0667165070772171; 
5; 
273; -1.9396916627883911; -0.015243709087371826; 0.24733535945415497; -0.2987686097621918; 0.990343451499939; 0.007452049292623997; 
341; -1.0370354652404785; 0.055885784327983856; 0.244330033659935; -0.462059885263443; 1.0616950988769531; -0.1057373583316803; 
259; -1.0140767097473145; 0.40488719940185547; -0.2698228359222412; -0.3215448558330536; 0.9759304523468018; -0.10999995470046997; 
299; -0.8306139707565308; -0.013396835885941982; 0.03747245669364929; -0.3487178087234497; 1.253697395324707; 0.1282668262720108; 
334; -0.938834547996521; 0.06347411125898361; -0.19003461301326752; -0.49065694212913513; 0.9919039011001587; -0.012621124275028706; 
317; -0.8638507127761841; 0.5229580402374268; -0.2219855934381485; -0.25653690099716187; 0.902101457118988; -0.1534460037946701; 
328; -1.3449422121047974; -0.1489793360233307; 0.04001818969845772; -0.3038352131843567; 0.9718969464302063; 0.1396937519311905; 
319; -0.8361378312110901; -0.09851395338773727; 0.2583814263343811; -0.4187074601650238; 1.0940061807632446; -0.013799365609884262; 
330; -1.0002777576446533; 0.3665943443775177; 0.24926701188087463; -0.5132803916931152; 1.144117832183838; -0.21411333978176117; 
336; -0.8991146087646484; 0.14613062143325806; 0.11071929335594177; -0.4357878565788269; 1.0237267017364502; -0.07677210122346878; 
295; -0.7923102974891663; 0.2667221128940582; -0.15296880900859833; -0.3231049180030823; 1.2830698490142822; 0.07313166558742523; 
332; -0.6633743047714233; 0.14772896468639374; 0.20147548615932465; -0.17350119352340698; 0.957017183303833; 0.07009284198284149; 
325; -0.7641422748565674; 0.28755396604537964; -0.25422966480255127; -0.5260635614395142; 1.113126277923584; 0.020071836188435555; 
255; -1.1111012697219849; 0.3572574257850647; 0.20229308307170868; -0.511277437210083; 0.9474868774414062; -0.09697110205888748; 
271; -0.7316088080406189; 0.044511131942272186; 0.03481384366750717; -0.24702924489974976; 1.2241624593734741; -0.026664579287171364; 
320; -0.8893330693244934; 0.0851554349064827; -0.15382260084152222; -0.44190385937690735; 1.1409803628921509; 0.0470561683177948; 
357; -0.5005422234535217; 0.4139930009841919; -0.01550328265875578; -0.4199916422367096; 1.0858970880508423; 0.05711422115564346; 
329; -0.6930336952209473; 0.1094382032752037; -0.08883164077997208; -0.5109853744506836; 1.0455790758132935; -0.17415079474449158; 
324; -1.1649024486541748; 0.25803372263908386; -0.2185879945755005; -0.5398147702217102; 1.0730528831481934; 0.14861008524894714; 
303; -0.6613621115684509; 0.23881714046001434; -0.10644350200891495; -0.26749613881111145; 0.9749632477760315; -0.02745969593524933; 
318; -0.8075069785118103; 0.10289650410413742; -0.1844228357076645; -0.2164219617843628; 1.1897518634796143; -0.11231248825788498; 
366; -1.322815179824829; 0.43170297145843506; -0.2583874762058258; -0.43511369824409485; 1.1530190706253052; -0.043825097382068634; 
351; -0.8009933829307556; 0.029087843373417854; 0.13775208592414856; -0.4805081784725189; 1.2504318952560425; 0.03201901540160179; 
335; -0.96715247631073; 0.28335970640182495; -0.09973151981830597; -0.43628618121147156; 1.071815013885498; -0.2100682258605957; 
322; -1.134238362312317; 0.5257163047790527; -0.09047411382198334; -0.35797619819641113; 1.0816006660461426; 0.11876674741506577; 
337; -1.2775096893310547; 0.06308651715517044; 0.11748397350311279; -0.40397486090660095; 1.0878005027770996; 0.1829574853181839; 
339; -0.37134239077568054; 0.33058983087539673; 0.17660371959209442; -0.448686420917511; 0.9423794746398926; -0.04482094198465347; 
343; -0.7430713772773743; 0.3153590261936188; -0.09449602663516998; -0.4652693271636963; 1.09482741355896; 0.11187753081321716; 
356; -1.1230062246322632; 0.2455618977546692; -0.02766464091837406; -0.5051388740539551; 1.246008276939392; -0.045979443937540054; 
352; -0.9212009310722351; 0.18285687267780304; 0.07907725870609283; -0.6098777651786804; 0.9966586232185364; -0.18962711095809937; 
347; -0.6910248398780823; -0.08353216201066971; 0.04372762516140938; -0.39402350783348083; 1.0847009420394897; 0.009852521121501923; 
350; -0.9045252799987793; 0.43423956632614136; -0.09679418802261353; -0.4056786894798279; 0.9471529126167297; -0.11643269658088684; 
344; -1.2484346628189087; 0.03795797377824783; -0.048423439264297485; -0.3195546269416809; 1.015918254852295; -0.14100274443626404; 
349; -0.5003293752670288; 0.310882031917572; 0.015166148543357849; -0.34643474221229553; 1.0753098726272583; 0.17210108041763306; 
348; -1.014301061630249; 0.2494177222251892; -0.12375099956989288; -0.43018797039985657; 1.0780798196792603; 0.039895836263895035; 
346; -0.5163614153862; 0.3214252293109894; -0.18499217927455902; -0.4655801057815552; 1.1107696294784546; 0.018714148551225662; 
338; -0.7809609174728394; -0.1710427850484848; -0.11577913165092468; -0.37784847617149353; 1.0124223232269287; -0.04346275329589844; 
360; -1.4889180660247803; 0.4261057674884796; -0.2903624176979065; -0.4501497745513916; 1.1091294288635254; -0.24303428828716278; 
369; -0.5802933573722839; 0.08540919423103333; 0.09562575072050095; -0.3142752945423126; 1.052616000175476; 0.016600916162133217; 
367; -0.6514041423797607; 0.8044501543045044; 0.3416977822780609; -0.4455544948577881; 1.2146191596984863; -0.165028378367424; 
342; -0.7030224800109863; 0.011798808351159096; 0.27524933218955994; -0.28195104002952576; 1.0610191822052002; 0.08950993418693542; 
345; -0.9390333890914917; -0.0026045776903629303; -0.03393484652042389; -0.41874322295188904; 1.1990158557891846; 0.11762774735689163; 
355; -0.5610456466674805; 0.12873339653015137; 0.15561912953853607; -0.4407350420951843; 1.136849045753479; -0.025699906051158905; 
364; -0.517195463180542; 0.6113978028297424; 0.01270922552794218; -0.4629257321357727; 1.167914628982544; 0.05264581739902496; 
379; -0.8635801076889038; 0.31329694390296936; -0.2619020640850067; -0.41843199729919434; 1.1336050033569336; 0.002160380594432354; 
354; -1.081573247909546; 0.29317474365234375; -0.08921940624713898; -0.31738293170928955; 1.1710803508758545; 0.057318881154060364; 
353; -1.3617768287658691; 0.142584890127182; 0.16171343624591827; -0.49114149808883667; 1.0273240804672241; -0.15326720476150513; 
368; -0.5914206504821777; 0.3103160262107849; -0.3135100305080414; -0.5749116539955139; 1.1950525045394897; -0.11660962551832199; 
372; -1.2735766172409058; 0.3393154740333557; 0.3083772659301758; -0.41907909512519836; 1.1079826354980469; -0.062479279935359955; 
370; -1.1272411346435547; 0.19429047405719757; -0.251936674118042; -0.4097742736339569; 1.0334084033966064; -0.16224898397922516; 
377; -0.9062053561210632; 0.24635450541973114; -0.16226337850093842; -0.30271458625793457; 1.1409547328948975; 0.04750064015388489; 
333; -1.2222381830215454; 0.4398685097694397; 0.3540451228618622; -0.47617995738983154; 1.131284236907959; -0.1489366739988327; 
391; -0.7779374122619629; 0.02059742622077465; -0.08157787472009659; -0.3865832984447479; 1.0954774618148804; -0.04011399298906326; 
375; -1.1838511228561401; -0.1659182608127594; -0.07001817226409912; -0.4888008236885071; 1.0539931058883667; -0.15499447286128998; 
380; -0.7663713693618774; 0.2684963643550873; -0.18042774498462677; -0.5044500827789307; 1.0237337350845337; -0.09095265716314316; 
373; -0.802791178226471; 0.0013229334726929665; -0.05032974109053612; -0.2572208344936371; 1.2405247688293457; -0.027580102905631065; 
374; -0.6909368634223938; 0.13056683540344238; -0.3563407063484192; -0.37804409861564636; 1.1350734233856201; 0.1370973289012909; 
397; -0.7545617818832397; 0.06680373102426529; 0.007497771177440882; -0.44414958357810974; 1.1162844896316528; -0.0031829942017793655; 
362; -1.1848946809768677; 0.4641767144203186; -0.18727770447731018; -0.31662455201148987; 1.1497917175292969; 0.14358234405517578; 
376; -1.2496894598007202; 0.3578447699546814; 0.26727133989334106; -0.5394698977470398; 1.170124888420105; -0.10942406952381134; 
363; -1.146998643875122; 0.18587888777256012; -0.21056804060935974; -0.4338884949684143; 0.9925263524055481; 5.041435360908508e-05; 
385; -1.0000391006469727; 0.12125696986913681; 0.06700881570577621; -0.5556905269622803; 1.1463353633880615; 0.10329616069793701; 
403; -0.7765941023826599; 0.16462470591068268; -0.025750158354640007; -0.376254677772522; 1.0744895935058594; 0.025375891476869583; 
390; -1.1217082738876343; 0.3455475866794586; -0.029326867312192917; -0.4345153272151947; 1.2824925184249878; -0.19232957065105438; 
340; -0.8025338053703308; 0.5282340049743652; 0.06546840071678162; -0.28636640310287476; 1.2120516300201416; 0.010770252905786037; 
389; -1.051774501800537; 0.29114168882369995; -0.7762302756309509; -0.35845670104026794; 1.2067275047302246; 0.07566582411527634; 
321; -0.36165857315063477; -0.006210168823599815; -0.2490159124135971; -0.2614019513130188; 1.1533797979354858; -0.05067924037575722; 
378; -1.0118987560272217; 0.46548330783843994; 0.29080820083618164; -0.38135042786598206; 1.1060749292373657; -0.15023234486579895; 
393; -1.067604422569275; 0.18981114029884338; -0.1593850702047348; -0.3426116108894348; 0.9829912185668945; 0.02965646982192993; 
388; -0.8334358334541321; 0.5426548719406128; 0.16306741535663605; -0.42738959193229675; 0.9790518283843994; 0.08289244025945663; 
395; -0.9201301336288452; 0.12598441541194916; -0.007250450551509857; -0.3334886431694031; 1.0798593759536743; 0.05154547840356827; 
402; -1.0492836236953735; 0.056738369166851044; -0.14287680387496948; -0.3736906349658966; 1.198470950126648; -0.1733429878950119; 
404; -0.8321000337600708; -0.1054065003991127; 0.006433933041989803; -0.5053693056106567; 0.9929596781730652; 0.06457671523094177; 
371; -0.595475435256958; 0.23524026572704315; 0.027125783264636993; -0.5114476084709167; 1.235902190208435; 0.19948531687259674; 
384; -0.6711437106132507; 0.12126903980970383; -0.25456202030181885; -0.4605954885482788; 1.202594518661499; -0.00933399423956871; 
382; -0.3900965750217438; 0.04502372816205025; -0.14833061397075653; -0.4564608931541443; 1.039731502532959; -0.10787738859653473; 
420; -0.43444931507110596; 0.05780831724405289; -0.24821436405181885; -0.2855677902698517; 1.064713478088379; -0.20788881182670593; 
409; -1.5094114542007446; 0.12092790007591248; -0.10143217444419861; -0.43638086318969727; 1.0887055397033691; 0.10084887593984604; 
418; -1.0569323301315308; 0.2154199182987213; -0.16227421164512634; -0.273560106754303; 1.2244223356246948; -0.03871640935540199; 
406; -1.1000696420669556; 0.03551420941948891; -0.2889748215675354; -0.41333556175231934; 1.1177114248275757; -0.14579686522483826; 
411; -0.7064075469970703; 0.24659620225429535; 0.11590336263179779; -0.26936233043670654; 1.052573800086975; -0.030139030888676643; 
361; -0.7218254804611206; 0.16735893487930298; -0.03013252094388008; -0.31634634733200073; 0.963667094707489; 0.06627310812473297; 
383; -0.7762205004692078; 0.3879488408565521; 0.0768645703792572; -0.47286349534988403; 1.1793440580368042; -0.07473817467689514; 
398; -0.6379428505897522; 0.2650053799152374; 0.2165374755859375; -0.5569645762443542; 1.0169880390167236; 0.08026851713657379; 
413; -1.7649106979370117; 0.42048266530036926; 0.25753504037857056; -0.35074880719184875; 1.101599931716919; -0.07223163545131683; 
358; -0.9706271290779114; 0.16517487168312073; -0.4920208156108856; -0.33267083764076233; 1.1802210807800293; -0.2686540186405182; 
359; -0.8650621175765991; 0.1450362205505371; -0.07789234071969986; -0.403717577457428; 0.9501701593399048; -0.15437814593315125; 
392; -0.8586228489875793; 0.41029369831085205; 0.2986016869544983; -0.5237942934036255; 0.9808424115180969; -0.06914881616830826; 
412; -0.8959633111953735; 0.21008282899856567; -0.04621505364775658; -0.3012472093105316; 0.928960919380188; 0.1745319813489914; 
396; -1.2358858585357666; -0.16849778592586517; 0.28273671865463257; -0.19669511914253235; 1.0089151859283447; 0.0928860753774643; 
421; -0.6829535365104675; 0.22541330754756927; 0.3788401484489441; -0.6938799023628235; 1.0332324504852295; 0.023983441293239594; 
422; -0.49722161889076233; 0.07682796567678452; -0.02270991913974285; -0.2797100841999054; 1.0212061405181885; 0.05547773092985153; 
410; -0.5707818269729614; 0.3008514642715454; 0.09693052619695663; -0.42815253138542175; 1.039583444595337; 0.08881325274705887; 
428; -0.8620419502258301; 0.037520378828048706; -0.28624069690704346; -0.38925397396087646; 0.917923092842102; 0.1735004335641861; 
425; -1.0329641103744507; 0.22876539826393127; -0.34469279646873474; -0.4370449483394623; 1.076940894126892; -0.037947844713926315; 
417; -0.9830318093299866; -0.030694667249917984; -0.21010251343250275; -0.36752134561538696; 1.184067726135254; -0.14205971360206604; 
427; -0.9301643967628479; 0.10654633492231369; -0.0066100237891077995; -0.33634042739868164; 1.098230004310608; -0.03213497996330261; 
407; -0.82193523645401; 0.2505970895290375; -0.06455524265766144; -0.4106575548648834; 1.0899341106414795; -0.031651537865400314; 
438; -0.7197107076644897; 0.19133621454238892; 0.10245467722415924; -0.3453455865383148; 1.0787173509597778; 0.04840632155537605; 
400; -0.3267252743244171; -0.148822620511055; 0.20398567616939545; -0.32130107283592224; 1.3309247493743896; -0.13901789486408234; 
426; -0.6320016384124756; 0.030383486300706863; 0.14450153708457947; -0.34614306688308716; 1.0689849853515625; -0.03749479725956917; 
405; -0.920734703540802; 0.250197172164917; 0.14914008975028992; -0.32629653811454773; 1.1723617315292358; -0.0741593986749649; 
419; -1.22586190700531; -0.013153902254998684; -0.17098945379257202; -0.23040087521076202; 1.049803614616394; -0.06425458192825317; 
434; -0.7900135517120361; -0.04489949718117714; -0.5973502397537231; -0.3808859586715698; 1.0925344228744507; 0.17125385999679565; 
394; -0.8185263872146606; 0.1533510684967041; -0.30333149433135986; -0.613450825214386; 0.9912638068199158; 0.0011242963373661041; 
431; -0.5124121308326721; 0.030338719487190247; -0.4953595697879791; -0.19476018846035004; 0.9358127117156982; 0.055919695645570755; 
381; -1.2045217752456665; 0.07562337815761566; -0.23148487508296967; -0.30921801924705505; 1.0757614374160767; -0.12803687155246735; 
423; -1.2224071025848389; 0.3615148961544037; -0.09015553444623947; -0.5401909947395325; 1.0574095249176025; -0.0025762454606592655; 
443; -1.046365737915039; 0.33291178941726685; -0.2467028796672821; -0.280002236366272; 1.2235889434814453; 0.14008042216300964; 
442; -0.6517485976219177; 0.17130808532238007; -0.0631803646683693; -0.4890408217906952; 1.2014216184616089; -0.0006721522659063339; 
365; -1.4235408306121826; 0.03846748173236847; -0.5731045603752136; -0.31133997440338135; 1.1481530666351318; -0.07742921262979507; 
444; -0.9203677177429199; 0.006816467270255089; -0.3061961531639099; -0.4002865254878998; 1.0891050100326538; -0.02785707451403141; 
432; -0.9056950807571411; -0.12771542370319366; -0.2962592840194702; -0.43689289689064026; 1.0825839042663574; -0.16855472326278687; 
436; -1.0443233251571655; 0.32338467240333557; -0.1496543139219284; -0.34143128991127014; 1.0766534805297852; -0.17753827571868896; 
439; -0.8316779732704163; 0.3357280194759369; -0.04939863830804825; -0.570146918296814; 0.9899101853370667; 0.062350083142519; 
445; -0.9766609072685242; 0.203997403383255; -0.22916778922080994; -0.48948970437049866; 1.0930896997451782; 0.0060607679188251495; 
437; -0.7873986959457397; 0.19720754027366638; -0.2919442355632782; -0.42079898715019226; 0.9762364029884338; -0.02392755076289177; 
459; -0.6570958495140076; 0.21715965867042542; 0.25303781032562256; -0.26435768604278564; 1.1064482927322388; -0.06746964156627655; 
440; -0.9508125185966492; 0.20681734383106232; -0.35463619232177734; -0.39363986253738403; 0.9885584115982056; -0.09085191041231155; 
387; -0.7989242672920227; 0.2937697768211365; -0.14700180292129517; -0.4650070071220398; 1.061221957206726; 0.06347648799419403; 
454; -0.7826329469680786; 0.18667817115783691; 0.06854017823934555; -0.40597426891326904; 1.2275798320770264; 0.10809200257062912; 
399; -1.0446579456329346; 0.08466529846191406; 0.03895946964621544; -0.2562842071056366; 1.0912643671035767; -0.1530977487564087; 
452; -0.3453412353992462; 0.10764466226100922; -0.13965587317943573; -0.5530694723129272; 0.8410435318946838; 0.050146445631980896; 
468; -1.407991647720337; 0.17753258347511292; -0.15383309125900269; -0.46855276823043823; 1.1912860870361328; 0.0876278281211853; 
408; -0.9335117936134338; 0.4412541687488556; 0.5416377782821655; -0.2902756929397583; 1.1053621768951416; 0.016184763982892036; 
401; -1.175005555152893; 0.20340223610401154; 0.24301360547542572; -0.448723167181015; 1.2842521667480469; -0.23354415595531464; 
453; -0.7840687036514282; 0.04624928534030914; 0.18427816033363342; -0.39659664034843445; 1.07928466796875; 0.10506173968315125; 
474; -0.739862322807312; 0.13076600432395935; 0.1272350251674652; -0.422297865152359; 1.0071510076522827; 0.012762971222400665; 
448; -0.7577378153800964; 0.5015481114387512; 0.1063297837972641; -0.3910786509513855; 1.0073004961013794; 0.08221566677093506; 
467; -0.2628859877586365; 0.13331085443496704; -0.37985897064208984; -0.26408252120018005; 1.1150143146514893; 0.08195946365594864; 
476; -1.0097532272338867; -0.03085433691740036; -0.23781828582286835; -0.42791587114334106; 1.152245044708252; -0.002259470522403717; 
441; -0.7947555184364319; 0.10580949485301971; -0.06022394075989723; -0.5062597990036011; 1.0484368801116943; 0.07003603875637054; 
480; -1.6479883193969727; 0.1633218377828598; 0.08707892894744873; -0.4948593080043793; 1.1392529010772705; 0.09693818539381027; 
450; -0.7809432148933411; 0.25116342306137085; 0.2163650095462799; -0.28404733538627625; 1.1157495975494385; -0.03577398136258125; 
457; -0.7686925530433655; 0.06916302442550659; -0.32206717133522034; -0.3629496693611145; 1.0856523513793945; 0.10630039870738983; 
458; -0.4955153167247772; 0.25306007266044617; 0.12706145644187927; -0.2400452196598053; 0.9520766139030457; 0.20159535109996796; 
463; -0.8209824562072754; 0.06001555919647217; 0.05900713428854942; -0.434571236371994; 1.0744993686676025; 0.007521526422351599; 
416; -0.7930197715759277; 0.3598857820034027; -0.09816494584083557; -0.47128283977508545; 1.21635901927948; 0.0507470928132534; 
470; -1.0582398176193237; 0.3365582525730133; 0.14283542335033417; -0.3651442527770996; 0.9456548690795898; 0.024120714515447617; 
455; -0.5191439390182495; 0.28666871786117554; -0.7007812857627869; -0.44711002707481384; 1.1819851398468018; 0.0994119942188263; 
466; -0.8934506773948669; -0.22609929740428925; -0.24475952982902527; -0.42037683725357056; 1.3354443311691284; -0.04330030456185341; 
456; -0.6233319044113159; 0.13862183690071106; 0.14502201974391937; -0.3796582818031311; 1.0553407669067383; -0.1625676453113556; 
461; -0.9918311238288879; -0.277029812335968; -0.31192508339881897; -0.2646084427833557; 1.298789620399475; 0.023000257089734077; 
449; -0.7343332767486572; 0.06008710712194443; 0.049917981028556824; -0.4550807476043701; 0.9817684888839722; 0.1657618284225464; 
460; -1.131023645401001; 0.1863233894109726; -0.10198764503002167; -0.4570659101009369; 0.9424784779548645; -0.0298880934715271; 
451; -0.9869235754013062; 0.06435873359441757; -0.0011139791458845139; -0.4763938784599304; 0.9571112990379333; -0.03659480810165405; 
464; -0.8785108923912048; 0.38903898000717163; 0.19925177097320557; -0.5458520650863647; 1.036078691482544; -0.10475146025419235; 
433; -0.9739651083946228; 0.08933620154857635; -0.0606207437813282; -0.5189066529273987; 1.043885350227356; 0.026151858270168304; 
414; -0.6576722860336304; 0.6906970739364624; 0.3268444836139679; -0.4159126877784729; 1.1792762279510498; 0.05965621769428253; 
469; -0.6571980714797974; 0.3122450113296509; -0.03742726147174835; -0.3318537473678589; 1.0619568824768066; 0.09736522287130356; 
430; -1.0330291986465454; -0.013136070221662521; 0.24871844053268433; -0.3251451551914215; 0.9622488021850586; 0.07461145520210266; 
487; -0.8460502028465271; 0.04283272847533226; 0.11636503040790558; -0.3865378201007843; 1.0429242849349976; 0.22776024043560028; 
483; -0.6712942719459534; 0.41272804141044617; 0.026286065578460693; -0.292026162147522; 1.2319939136505127; -0.006400834769010544; 
386; -1.2474502325057983; -0.26037025451660156; 0.01150268130004406; -0.39426058530807495; 1.1083829402923584; -0.1501208245754242; 
477; -1.2294275760650635; 0.1787084937095642; 0.06133277714252472; -0.46522536873817444; 1.0486739873886108; -0.09824678301811218; 
462; -0.9619441628456116; 0.23181402683258057; -0.1756531149148941; -0.4549349546432495; 0.9878043532371521; -0.019131716340780258; 
447; -1.2207778692245483; 0.20769672095775604; 0.2711382806301117; -0.30244871973991394; 1.1141798496246338; -0.01827598549425602; 
475; -1.0294398069381714; 0.029749779030680656; -0.05937690660357475; -0.2536299228668213; 1.113797903060913; -0.11994524300098419; 
472; -0.9829210638999939; 0.3646096885204315; 0.04612239822745323; -0.4338529109954834; 1.2429720163345337; 0.08509069681167603; 
471; -0.83439701795578; 0.0703655481338501; -0.19734305143356323; -0.4454261064529419; 1.0351487398147583; -0.06599733978509903; 
424; -0.8895853161811829; 0.2018449753522873; -0.0397714227437973; -0.31222641468048096; 1.083739995956421; 0.010446486063301563; 
415; -0.7728041410446167; 0.1798318475484848; -0.5228729248046875; -0.31261080503463745; 0.8608333468437195; -0.06984296441078186; 
496; -0.8537006974220276; 0.16804635524749756; 0.03317403793334961; -0.24506579339504242; 1.2586170434951782; -0.10811284184455872; 
479; -1.295885443687439; 0.21416495740413666; 0.2498185634613037; -0.3581019937992096; 1.103110671043396; 0.14974148571491241; 
465; -1.1394740343093872; 0.16831442713737488; -0.006614496931433678; -0.3895793557167053; 1.228224515914917; -0.028312349691987038; 
435; -0.8800534605979919; 0.12005134671926498; -0.24552041292190552; -0.3538562059402466; 0.9632971286773682; -0.010959368199110031; 
484; -0.9227795004844666; 0.3451147675514221; -0.03838040307164192; -0.30510446429252625; 0.915760338306427; -0.028620852157473564; 
485; -1.2576870918273926; 0.059036701917648315; 0.05855557695031166; -0.386408269405365; 1.0481864213943481; -0.08663595467805862; 
491; -0.763058602809906; -0.06705782562494278; -0.008631369099020958; -0.5117067098617554; 1.1294060945510864; 0.13917958736419678; 
488; -0.8125419020652771; 0.23479321599006653; -0.28291499614715576; -0.3385664224624634; 1.1975042819976807; -0.08064216375350952; 
486; -0.8815386295318604; 0.015567153692245483; -0.24118097126483917; -0.290001779794693; 0.9928987622261047; 0.09686735272407532; 
473; -0.767167329788208; 0.3928475081920624; -0.17442598938941956; -0.4759586453437805; 1.0306131839752197; 0.09867852926254272; 
481; -1.09010910987854; 0.216515451669693; -0.10758689790964127; -0.3926280438899994; 0.9558261632919312; 0.06997217237949371; 
429; -0.62704998254776; 0.34354498982429504; -0.0987553671002388; -0.49522969126701355; 1.2324306964874268; -0.025313911959528923; 
493; -1.4166796207427979; 0.009328886866569519; -0.1918625384569168; -0.29703953862190247; 0.999664306640625; 0.023089714348316193; 
499; -0.8503813743591309; 0.13694728910923004; -0.31436461210250854; -0.34266653656959534; 1.1091361045837402; 0.08366390317678452; 
497; -0.8563441634178162; -0.07205338776111603; -0.18405455350875854; -0.25317734479904175; 1.0648881196975708; -0.07428912818431854; 
495; -0.5557011365890503; 0.5094099044799805; 0.29163938760757446; -0.4016987979412079; 1.1069576740264893; -0.11179468035697937; 
478; -0.8378297090530396; 0.03667987883090973; 0.039816662669181824; -0.4679851233959198; 1.1178703308105469; 0.06818787008523941; 
446; -0.3213907480239868; 0.5248234272003174; -0.0695653036236763; -0.29298973083496094; 1.059572696685791; -0.06882587820291519; 
490; -1.3123981952667236; 0.159617617726326; -0.08843701332807541; -0.41679272055625916; 1.008644938468933; -0.09611707925796509; 
489; -0.8216099143028259; 0.15698251128196716; -0.1177339181303978; -0.539063572883606; 1.3427724838256836; 0.00017514917999505997; 
498; -0.89557945728302; 0.2929096817970276; 0.136454775929451; -0.6820431351661682; 1.0747791528701782; 0.070008285343647; 
482; -1.0260260105133057; -0.057144902646541595; 0.09683196246623993; -0.38526034355163574; 1.343927264213562; 0.14232134819030762; 
492; -0.5744804739952087; 0.24792934954166412; 0.23317241668701172; -0.28055813908576965; 1.084449291229248; 0.029618166387081146; 
494; -1.2537108659744263; 0.31145650148391724; -0.045136723667383194; -0.488167405128479; 1.0324369668960571; -0.016552653163671494; 
