26; -0.7136476635932922; 0.29412901401519775; -0.04602722078561783; -0.45657384395599365; 1.050545573234558; -0.05787564441561699; 
9; -0.8303143978118896; 0.18589964509010315; -0.018459713086485863; -0.2610856890678406; 1.0035150051116943; -0.05630740895867348; 
40; -0.9659579992294312; 0.005756668280810118; -0.13672979176044464; -0.3626536726951599; 0.9437817931175232; 0.013984482735395432; 
35; -1.0429093837738037; 0.4238602817058563; -0.2576288878917694; -0.28793588280677795; 0.9753118753433228; -0.027422728016972542; 
25; -0.7297556400299072; 0.3688814640045166; -0.21373656392097473; -0.47191092371940613; 0.9706558585166931; -0.1358979344367981; 
20; -0.650768518447876; 0.1950978934764862; -0.16910412907600403; -0.3221776485443115; 1.2347736358642578; -0.023752517998218536; 
3; -0.8193295001983643; 0.24369116127490997; -0.10411231219768524; -0.35101449489593506; 1.032086968421936; -0.07446179538965225; 
39; -0.9914089441299438; 0.04867058992385864; -0.021332096308469772; -0.2965264320373535; 1.2190169095993042; 0.09173931181430817; 
13; -0.7814515829086304; -0.06386031955480576; 0.42924901843070984; -0.4505790174007416; 1.0610816478729248; 0.204289048910141; 
0; -0.6924124360084534; 0.25091707706451416; 0.13648463785648346; -0.5013849139213562; 1.1444982290267944; 0.11057469993829727; 
38; -0.9314271211624146; 0.49187803268432617; -0.12942926585674286; -0.37223419547080994; 1.1232398748397827; -0.1366197019815445; 
29; -0.6179022192955017; 0.09045591205358505; 0.06783531606197357; -0.3095841705799103; 1.1655298471450806; -0.010301042348146439; 
21; -0.7472426891326904; -0.019742920994758606; -0.07098431140184402; -0.3337807059288025; 0.8734139800071716; 0.07596026360988617; 
24; -0.8778170347213745; 0.1341056227684021; 0.16255179047584534; -0.3859434723854065; 1.0601649284362793; 0.05597012862563133; 
33; -0.8736122250556946; 0.2963300347328186; 0.2568303644657135; -0.3966342508792877; 1.0001140832901; -0.07616017013788223; 
49; -0.8980674743652344; 0.28344279527664185; 0.10965605825185776; -0.5804734826087952; 1.0510650873184204; 0.08661983907222748; 
6; -0.6122716069221497; 0.2579572796821594; -0.15327900648117065; -0.3814898133277893; 1.1411923170089722; 0.042885951697826385; 
37; -1.8376049995422363; 0.16327005624771118; -0.15982434153556824; -0.37622570991516113; 1.087767481803894; 0.03932633250951767; 
19; -1.1081329584121704; -0.06438934057950974; 0.010588719509541988; -0.33046865463256836; 1.251172423362732; -0.02060345932841301; 
36; -0.648434042930603; 0.13224422931671143; 0.10351017117500305; -0.33642417192459106; 0.8981879949569702; -0.04940272122621536; 
43; -0.6540594696998596; 0.10540029406547546; 0.12320835143327713; -0.4583694040775299; 1.041995644569397; -0.1759357452392578; 
28; -0.8075699806213379; 0.36893877387046814; -0.07101178169250488; -0.3354673981666565; 1.019079327583313; -0.10419686883687973; 
41; -0.9490174055099487; 0.1697894185781479; 0.23466624319553375; -0.4707582890987396; 0.9821402430534363; 0.03782597556710243; 
7; -1.5370452404022217; 0.044209230691194534; 0.29380476474761963; -0.308252215385437; 1.080003023147583; -0.0663793757557869; 
47; -0.821574330329895; 0.2948874235153198; 0.08287457376718521; -0.3436538875102997; 1.0729598999023438; 0.006501062773168087; 
15; -1.5297281742095947; 0.21790537238121033; 0.12868750095367432; -0.4306876063346863; 1.0766929388046265; -0.016587546095252037; 
10; -1.018525242805481; 0.17903462052345276; -0.4688430428504944; -0.2991095781326294; 1.104203701019287; 0.05288379639387131; 
18; -1.223989725112915; 0.06611862778663635; -0.6080768704414368; -0.3579452931880951; 1.0051918029785156; 0.091494120657444; 
46; -1.4058326482772827; 0.10755109786987305; 0.2547418177127838; -0.39560577273368835; 1.0350756645202637; -0.1495775431394577; 
8; -0.5809571743011475; -0.19864040613174438; -0.14710474014282227; -0.44173914194107056; 1.2392785549163818; 0.004370005801320076; 
23; -0.5884102582931519; 0.06604111939668655; -0.08095469325780869; -0.42583104968070984; 1.239563226699829; 0.10770254582166672; 
34; -0.7554144859313965; 0.3197835683822632; 0.02830342762172222; -0.33550164103507996; 1.1888291835784912; -0.1459842026233673; 
2; -1.0700911283493042; 0.16494202613830566; -0.1873931586742401; -0.4025709927082062; 1.002642273902893; -0.008864201605319977; 
4; -1.0306878089904785; 0.09016615897417068; -0.1342075914144516; -0.4845150411128998; 1.138682246208191; -0.040107887238264084; 
30; -0.5822681784629822; 0.13220642507076263; -0.1843135803937912; -0.14366431534290314; 1.293777346611023; 0.07022397965192795; 
48; -1.0648247003555298; 0.05683150142431259; 0.23541735112667084; -0.36706557869911194; 1.1209884881973267; -0.017589041963219643; 
5; -1.1230220794677734; 0.296834796667099; 0.05025892332196236; -0.41550973057746887; 1.2003965377807617; -0.03392921760678291; 
14; -0.7604182362556458; 0.19991335272789001; 0.16971474885940552; -0.32553830742836; 1.0452995300292969; -0.06133495271205902; 
22; -0.7940925359725952; 0.01069614477455616; -0.2778572738170624; -0.33873414993286133; 1.0032312870025635; 0.09761154651641846; 
42; -1.2093898057937622; 0.07914324849843979; -0.37171652913093567; -0.3284702003002167; 1.1093158721923828; -0.024063369259238243; 
45; -0.6909430623054504; 0.24171698093414307; 0.14217565953731537; -0.332507848739624; 1.0279587507247925; 0.014412831515073776; 
11; -1.0902427434921265; -0.1733264923095703; 0.07533817738294601; -0.2559700310230255; 0.9242382049560547; 0.05481855571269989; 
27; -1.2431350946426392; 0.3323056399822235; -0.07539576292037964; -0.31038859486579895; 1.1852428913116455; 0.1419312208890915; 
1; -0.8998371362686157; 0.2723943889141083; -0.08346952497959137; -0.45131564140319824; 1.1247197389602661; -0.06439494341611862; 
17; -0.691133439540863; 0.3762655556201935; -0.28185901045799255; -0.36391332745552063; 1.0296841859817505; 0.06370676308870316; 
32; -0.677267849445343; -0.03907395899295807; -0.1735733598470688; -0.3180352449417114; 1.0861079692840576; -0.06604821979999542; 
16; -1.120823621749878; 0.5374167561531067; -0.16055788099765778; -0.5410196185112; 1.1343265771865845; -0.04199569672346115; 
12; -1.024350643157959; 0.46583616733551025; 0.049590177834033966; -0.4511789083480835; 1.033813238143921; 0.2312244176864624; 
44; -0.6919728517532349; 0.4138241708278656; 0.2031606137752533; -0.43842679262161255; 1.145321249961853; 0.08007790148258209; 
31; -0.6780034899711609; 0.2592720687389374; -0.16592192649841309; -0.43217846751213074; 0.9641813635826111; -0.08410884439945221; 
50; -0.6791872382164001; 0.32001420855522156; -0.10019480437040329; -0.5248738527297974; 1.0212337970733643; 0.16057029366493225; 
88; -1.2788902521133423; 0.07566231489181519; -0.1863708794116974; -0.41544482111930847; 1.2438983917236328; 0.13655422627925873; 
51; -0.9187607765197754; 0.12203697115182877; -0.20998871326446533; -0.2799672782421112; 1.018709659576416; -0.02909233793616295; 
54; -0.9684153199195862; 0.004407569766044617; -0.09136103838682175; -0.320472776889801; 1.1085063219070435; -0.10477941483259201; 
52; -0.8224297165870667; 0.09659493714570999; -0.1521766185760498; -0.19561894237995148; 1.0011818408966064; 0.004450174048542976; 
59; -1.0280182361602783; 0.1433190554380417; -0.11027461290359497; -0.5026088953018188; 1.181715965270996; 0.00882310513406992; 
95; -0.5526654124259949; 0.03336789458990097; 0.277937114238739; -0.3902416229248047; 1.278320074081421; 0.034773774445056915; 
96; -0.9321311116218567; 0.07422782480716705; -0.13400563597679138; -0.4893568158149719; 1.0220924615859985; 0.011178305372595787; 
100; -0.7853478789329529; 0.08159444481134415; 0.19519171118736267; -0.347979873418808; 0.8910492062568665; 0.039626941084861755; 
94; -0.6144686937332153; 0.08205613493919373; -0.03296472132205963; -0.268857479095459; 1.232486367225647; -0.12516489624977112; 
97; -1.3229786157608032; 0.2628551125526428; -0.1916469782590866; -0.4662069082260132; 0.9308908581733704; -0.025495463982224464; 
98; -0.9271001219749451; -0.009182630106806755; 0.002117409370839596; -0.40758439898490906; 1.1251118183135986; 0.0452374704182148; 
56; -1.1443334817886353; -0.02059493213891983; -0.06385067105293274; -0.3880113363265991; 1.0266261100769043; 0.012945176102221012; 
63; -0.9462616443634033; 0.4906494915485382; 0.18966470658779144; -0.46743351221084595; 1.2518019676208496; 0.027329329401254654; 
65; -0.7810609340667725; 0.36823412775993347; -0.013018554076552391; -0.4248567819595337; 1.1750577688217163; -0.16064175963401794; 
58; -0.7318206429481506; 0.0459965318441391; -0.021766576915979385; -0.5529561042785645; 1.095835566520691; 0.00834309495985508; 
60; -1.1291577816009521; 0.12922267615795135; 0.30368852615356445; -0.49665018916130066; 1.1029798984527588; 0.06423802673816681; 
57; -0.8983863592147827; 0.06121160462498665; -0.0647837221622467; -0.41386306285858154; 1.0872876644134521; 0.02979673631489277; 
61; -0.730453372001648; -0.08551593869924545; 0.11612682044506073; -0.5535880327224731; 1.1063740253448486; 0.004063806496560574; 
62; -0.791709303855896; -0.11137346178293228; 0.041684288531541824; -0.30047544836997986; 1.0452455282211304; 0.034570224583148956; 
64; -0.8329625129699707; 0.2270725965499878; -0.11028227210044861; -0.343110054731369; 1.2279109954833984; -0.04938247799873352; 
91; -1.0623477697372437; 0.4494462013244629; -0.12432380765676498; -0.37637901306152344; 0.990178644657135; -0.12137318402528763; 
71; -1.0587157011032104; 0.3914017975330353; -0.08909391611814499; -0.44033554196357727; 0.9825676679611206; 0.12135612964630127; 
89; -1.101483941078186; 0.47341904044151306; -0.013640224002301693; -0.400424599647522; 1.0955561399459839; -0.10911879688501358; 
92; -0.7183219194412231; 0.24338534474372864; -0.03856968507170677; -0.3595960736274719; 0.9591245651245117; 0.012305645272135735; 
93; -0.8243498206138611; 0.08607634902000427; 0.014339311048388481; -0.4334183931350708; 1.166508436203003; 0.07056232541799545; 
77; -0.9001882076263428; -0.027492888271808624; 0.0547340027987957; -0.3367624282836914; 1.1244724988937378; 0.004808315075933933; 
76; -0.6004883050918579; 0.1482553631067276; 0.31115296483039856; -0.3329966068267822; 1.0321837663650513; 0.057664427906274796; 
90; -0.5654808878898621; -0.2551511824131012; 0.140575110912323; -0.2527088522911072; 0.9734523296356201; 0.06789093464612961; 
86; -1.1565021276474; 0.5598703622817993; -0.3714117109775543; -0.2898285388946533; 1.220715880393982; -0.039787862449884415; 
82; -1.298532485961914; 0.20832493901252747; 0.26734572649002075; -0.6134538054466248; 1.2055604457855225; 0.07513155043125153; 
69; -0.9525681138038635; 0.42815542221069336; -0.24930095672607422; -0.3733556270599365; 1.0462685823440552; 0.14199964702129364; 
53; -1.0299817323684692; -0.07550167292356491; -0.060347117483615875; -0.2744003236293793; 1.327299952507019; 0.03010905720293522; 
84; -1.2586252689361572; 0.16513703763484955; -0.27297788858413696; -0.4615969955921173; 1.0233619213104248; -0.09457750618457794; 
70; -0.7685924768447876; 0.22291985154151917; -0.4345707297325134; -0.32637274265289307; 1.0332955121994019; -0.06671111285686493; 
81; -0.7269569039344788; 0.3398754596710205; -0.08284646272659302; -0.4290911853313446; 1.1938691139221191; 0.004335099831223488; 
74; -0.9728772044181824; 0.389132559299469; -0.12968377768993378; -0.5025370121002197; 1.1165742874145508; -0.05058594048023224; 
78; -0.866344690322876; -0.1538737416267395; 0.2620668113231659; -0.194636270403862; 0.9999660849571228; 0.00637323223054409; 
87; -0.8482654690742493; 0.05149651691317558; 0.04274166375398636; -0.3609226942062378; 1.276116967201233; -0.15135557949543; 
73; -0.87378990650177; -0.18130305409431458; 0.1865919977426529; -0.36790552735328674; 1.1361322402954102; -0.09026091545820236; 
80; -0.6387339234352112; 0.3869031071662903; 0.0752839520573616; -0.3509175181388855; 1.1269330978393555; -0.018782924860715866; 
79; -0.6607292890548706; 0.03996860608458519; -0.13565093278884888; -0.47767406702041626; 1.1072876453399658; 0.22314921021461487; 
99; -0.8382181525230408; 0.22593280673027039; -0.07322879135608673; -0.46336492896080017; 0.9916818737983704; 0.07783146947622299; 
72; -1.0490503311157227; 0.00713854655623436; -0.03975634649395943; -0.3770051598548889; 1.1086453199386597; -0.1054714098572731; 
55; -1.4973708391189575; 0.37255436182022095; -0.038000576198101044; -0.6292576789855957; 1.153937578201294; -0.018200881779193878; 
75; -0.7887739539146423; -0.09361585974693298; -0.10454873740673065; -0.34226709604263306; 1.4025921821594238; 0.0446477085351944; 
66; -1.206486701965332; 0.1256444901227951; -0.057789549231529236; -0.4339761435985565; 1.1982042789459229; -0.05828293412923813; 
67; -1.3030924797058105; 0.04774721711874008; 0.3373644948005676; -0.4032066762447357; 1.1333329677581787; -0.002114633098244667; 
68; -0.780071496963501; 0.10929528623819351; 0.024737492203712463; -0.3837878108024597; 1.1444374322891235; -0.061491288244724274; 
85; -0.7501136064529419; 0.1927429586648941; -0.14429190754890442; -0.35656461119651794; 1.003267765045166; -0.11914467066526413; 
102; -1.0562324523925781; 0.15166933834552765; 0.03223009780049324; -0.3585060238838196; 1.094617247581482; -0.07300426065921783; 
83; -0.883832573890686; 0.03597649186849594; -0.1392151266336441; -0.22294184565544128; 1.104822039604187; 0.012978678569197655; 
101; -0.4352271556854248; 0.20067991316318512; 0.3115863502025604; -0.3403931260108948; 0.957143247127533; -0.017710179090499878; 
112; -0.7598200440406799; -0.1030145063996315; -0.5604661703109741; -0.3679044842720032; 1.104546070098877; -0.09579028189182281; 
109; -1.0403976440429688; 0.164235919713974; 0.17727349698543549; -0.384959876537323; 1.1654123067855835; -0.09728287905454636; 
105; -0.4388081431388855; 0.134130597114563; 0.04975102096796036; -0.5329787135124207; 1.145426869392395; -0.03174879774451256; 
117; -0.9546199440956116; -0.012346241623163223; -0.385725736618042; -0.36884909868240356; 1.1068655252456665; 0.06960935890674591; 
107; -0.6179462671279907; 0.14652489125728607; 0.17588309943675995; -0.2680206596851349; 1.1577354669570923; 0.08121901005506516; 
119; -1.2069207429885864; 0.18800783157348633; -0.19569256901741028; -0.4965161383152008; 0.9453912377357483; -0.20188185572624207; 
114; -1.1250742673873901; 0.2740727663040161; -0.14974826574325562; -0.36266639828681946; 1.100813388824463; 0.09512213617563248; 
108; -0.8447503447532654; 0.3061729073524475; 0.18239165842533112; -0.430642694234848; 1.055760145187378; -0.0237957164645195; 
103; -0.7767024636268616; 0.3548184633255005; -0.14030586183071136; -0.3510236442089081; 0.9998319745063782; -0.0325823612511158; 
116; -0.7635143995285034; 0.2664491832256317; 0.17836523056030273; -0.3618767559528351; 1.013816237449646; -0.027718758210539818; 
111; -1.2459266185760498; 0.03416028618812561; -0.1791960597038269; -0.3697904348373413; 1.029222011566162; 0.04477360099554062; 
113; -0.9353986382484436; 0.0642368420958519; 0.24088355898857117; -0.4205644130706787; 1.2393466234207153; 0.15697532892227173; 
115; -0.6872895359992981; 0.15396739542484283; -0.06137760728597641; -0.31164097785949707; 1.199743628501892; 0.1459004133939743; 
130; -1.0533316135406494; 0.2605626881122589; -0.10899001359939575; -0.28817933797836304; 1.1254733800888062; -0.03260693699121475; 
110; -0.7708380818367004; 0.1414102166891098; -0.06513945758342743; -0.3999938368797302; 1.1439783573150635; 0.1786801517009735; 
118; -0.9123787879943848; 0.45928308367729187; -0.04285991191864014; -0.30557867884635925; 1.0203056335449219; -0.08268983662128448; 
106; -1.414802074432373; 0.08285001665353775; 0.05882967263460159; -0.45035889744758606; 1.2862509489059448; 0.06511194258928299; 
129; -1.3224607706069946; 0.06612421572208405; -0.3944585621356964; -0.4063015282154083; 1.2821831703186035; 0.12730658054351807; 
131; -0.7807719707489014; 0.16866756975650787; 0.21415399014949799; -0.3167005181312561; 1.1402866840362549; -0.008367915637791157; 
123; -1.0076344013214111; 0.3027678430080414; 0.17770537734031677; -0.37177208065986633; 1.0613155364990234; -0.0646062046289444; 
124; -1.0929712057113647; 0.44379517436027527; -0.1767999231815338; -0.22151796519756317; 1.08182954788208; -0.2198117971420288; 
120; -0.7704951167106628; 0.3458154499530792; -0.14109420776367188; -0.3436563313007355; 1.177000880241394; 0.018941504880785942; 
122; -0.7607964277267456; 0.16205023229122162; -0.3486439287662506; -0.5464776158332825; 1.0941886901855469; 0.1406325101852417; 
121; -0.8744154572486877; 0.11506535112857819; -0.41847339272499084; -0.4448620676994324; 1.0741733312606812; 0.10838377475738525; 
128; -0.9890018701553345; 0.33692094683647156; -0.410390704870224; -0.5045638084411621; 0.9933936595916748; -0.017875254154205322; 
125; -1.325596570968628; 0.6036052703857422; -0.007017461583018303; -0.3042047619819641; 1.1294370889663696; 0.11708123236894608; 
126; -1.4733129739761353; 0.26206350326538086; -0.25701001286506653; -0.44742289185523987; 0.9550153017044067; 0.09022753685712814; 
127; -1.6127455234527588; -0.030348625034093857; -0.005009005777537823; -0.36314254999160767; 1.0553951263427734; 0.04611239582300186; 
147; -1.0303932428359985; 0.2511310279369354; 0.23391658067703247; -0.3276824653148651; 1.1070070266723633; 0.035476990044116974; 
148; -0.7127623558044434; 0.25952962040901184; 0.09634114801883698; -0.24307209253311157; 1.113322377204895; -0.07193838804960251; 
132; -0.5931360125541687; -0.12059465795755386; -0.3618568778038025; -0.5606733560562134; 1.2298964262008667; 0.10834484547376633; 
136; -0.9861157536506653; 0.23090408742427826; 0.23809953033924103; -0.40065181255340576; 1.093117594718933; -0.08455685526132584; 
146; -0.9968886971473694; 0.2697526514530182; -0.10592003911733627; -0.35238632559776306; 1.1501270532608032; -0.02377597615122795; 
104; -0.5012985467910767; 0.10230962187051773; -0.046193160116672516; -0.39448082447052; 1.1788238286972046; -0.1988777220249176; 
135; -1.2546720504760742; 0.06143982708454132; -0.039394233375787735; -0.3778088390827179; 1.1020433902740479; -0.04102570563554764; 
144; -1.0573015213012695; 0.22920136153697968; -0.2182054966688156; -0.4039769172668457; 1.1799635887145996; 0.025101302191615105; 
134; -1.0047389268875122; -0.29734382033348083; 0.3036021292209625; -0.2617245316505432; 1.1300809383392334; -0.0012835999950766563; 
137; -0.8541386723518372; 0.34069085121154785; -0.08633561432361603; -0.37243154644966125; 1.1621627807617188; -0.05588008835911751; 
133; -0.9589419364929199; 0.08590562641620636; -0.07532676309347153; -0.40646180510520935; 1.0665076971054077; 0.06856724619865417; 
138; -0.6659212708473206; -0.047664154320955276; -0.182410329580307; -0.39560607075691223; 1.1372393369674683; 0.09655448794364929; 
141; -0.8463411331176758; 0.27110061049461365; 0.01483608316630125; -0.320290744304657; 1.102157473564148; 0.1311621367931366; 
142; -0.6166466474533081; 0.25869613885879517; 0.22210752964019775; -0.3947741389274597; 1.0431723594665527; 0.0075324224308133125; 
140; -0.8833029270172119; 0.5369386076927185; -0.22221854329109192; -0.5841131210327148; 1.1402561664581299; 0.16152969002723694; 
152; -0.6265308260917664; 0.19559600949287415; -0.44575878977775574; -0.498355507850647; 1.0919575691223145; -0.15599103271961212; 
145; -1.037868857383728; 0.12153338640928268; -0.003913966007530689; -0.24436819553375244; 0.9358091950416565; -0.05985524505376816; 
154; -0.54718017578125; 0.2754319906234741; 0.09970305114984512; -0.4197130501270294; 1.091831088066101; 0.15922857820987701; 
153; -1.3984583616256714; 0.042738139629364014; 0.0020269914530217648; -0.43045732378959656; 0.9731409549713135; 0.04591572284698486; 
150; -0.5453700423240662; -0.0028416139539331198; -0.0793980285525322; -0.45734110474586487; 1.2483031749725342; 0.05874623358249664; 
159; -0.866226077079773; -0.20242628455162048; 0.00620910944417119; -0.40143537521362305; 1.2029184103012085; -0.08470097929239273; 
167; -0.9395339488983154; 0.2555359899997711; 0.0853646770119667; -0.36521831154823303; 1.2986745834350586; 0.14241574704647064; 
158; -0.6929590106010437; -0.058329157531261444; -0.016661211848258972; -0.4370214343070984; 1.4373825788497925; 0.11810442805290222; 
166; -0.7862379550933838; -0.1379547417163849; 0.061014264822006226; -0.4883671998977661; 1.299476146697998; -0.04647092521190643; 
165; -1.2520045042037964; 0.23902595043182373; -0.3838057219982147; -0.37924736738204956; 1.0795239210128784; -0.0015254765748977661; 
169; -1.371211051940918; 0.16074877977371216; -0.1568400114774704; -0.3249433636665344; 1.0483647584915161; 0.011006481945514679; 
151; -0.26360177993774414; 0.5332766175270081; 0.42333388328552246; -0.3377515971660614; 1.1893599033355713; 0.15020909905433655; 
168; -0.7982861399650574; 0.4308586120605469; 0.26321303844451904; -0.3624633550643921; 1.0999523401260376; -0.0021790768951177597; 
143; -0.7923345565795898; 0.04218759760260582; -0.07818890362977982; -0.2988463342189789; 0.9906578063964844; 0.009345886297523975; 
139; -0.5514149069786072; 0.17941047251224518; -0.018173037096858025; -0.35063275694847107; 1.1658575534820557; -0.037750981748104095; 
175; -1.1866254806518555; 0.09958580136299133; -0.3560924530029297; -0.29050958156585693; 1.055580973625183; -0.09023800492286682; 
162; -0.6137629747390747; 0.2981068193912506; 0.04345410317182541; -0.33372142910957336; 0.9859297275543213; -0.010146590881049633; 
163; -0.7205057144165039; -0.009555166587233543; -0.07312218844890594; -0.48751357197761536; 1.1982563734054565; -0.009599298238754272; 
170; -1.3940283060073853; 0.4060342311859131; 0.05503270402550697; -0.3833087384700775; 1.1046431064605713; -0.001339560840278864; 
164; -0.8804532289505005; 0.5734825134277344; -0.12698350846767426; -0.38382771611213684; 1.3852425813674927; -0.06518200039863586; 
160; -0.7878108024597168; -0.07682794332504272; -0.08953233808279037; -0.2965298891067505; 1.0866937637329102; 0.10640118271112442; 
171; -0.8151143193244934; -0.11080757528543472; 0.1340462565422058; -0.31415224075317383; 1.1312004327774048; 0.15693126618862152; 
180; -0.5830163359642029; -0.06337533891201019; 0.2674959897994995; -0.4218001961708069; 1.1349385976791382; -0.019225090742111206; 
156; -0.7081549167633057; 0.3916566073894501; -0.2369246631860733; -0.26566052436828613; 1.053443431854248; -0.04116874560713768; 
157; -1.0004661083221436; 0.15477901697158813; -0.5386817455291748; -0.4162633419036865; 1.0408300161361694; -0.03147608041763306; 
188; -0.6528959274291992; 0.26244860887527466; 0.04456133395433426; -0.5040305256843567; 1.1339287757873535; 0.043528806418180466; 
192; -0.7528704404830933; 0.1724177896976471; -0.2196703553199768; -0.3038753867149353; 1.0920298099517822; -0.060572877526283264; 
181; -0.6315487027168274; 0.2780291736125946; -0.14700362086296082; -0.43353942036628723; 1.0956387519836426; 0.0824514776468277; 
177; -0.8357114195823669; 0.0754212960600853; 0.19157181680202484; -0.4219532310962677; 1.1319758892059326; -0.0373966209590435; 
191; -0.9384706020355225; -0.32818734645843506; -0.24175162613391876; -0.3393695652484894; 1.1262437105178833; -0.03842821344733238; 
193; -0.9192107915878296; 0.11468148231506348; 0.36886242032051086; -0.3411821722984314; 1.1381438970565796; 0.034653060138225555; 
183; -0.813087522983551; 0.5046296119689941; -0.19455797970294952; -0.48699715733528137; 1.0280506610870361; 0.05324573069810867; 
184; -0.953362226486206; 0.18360479176044464; 0.04987350106239319; -0.23592843115329742; 1.0235201120376587; 0.06341412663459778; 
161; -0.9014504551887512; 0.5523454546928406; -0.1400064080953598; -0.25150835514068604; 1.013425588607788; 0.18135084211826324; 
186; -1.159590244293213; 0.3141016364097595; -0.16388803720474243; -0.4507046043872833; 1.0366977453231812; 0.017063941806554794; 
174; -0.7610397934913635; 0.3714958727359772; -0.1839306801557541; -0.39305809140205383; 1.2578107118606567; -0.11187462508678436; 
189; -0.6378713250160217; 0.027377303689718246; 0.013756351545453072; -0.37962087988853455; 1.0685491561889648; -0.14356599748134613; 
194; -0.9649829268455505; 0.34701746702194214; 0.1316356658935547; -0.3898119628429413; 1.0338075160980225; 0.04355955496430397; 
173; -0.70369952917099; 0.39990854263305664; -0.009238608181476593; -0.45919036865234375; 1.2011315822601318; -0.26127952337265015; 
172; -0.6833354830741882; 0.14715495705604553; -0.1412801444530487; -0.43960586190223694; 1.075624942779541; 0.024413587525486946; 
179; -0.9141029715538025; 0.1747254878282547; 0.09113006293773651; -0.33864665031433105; 1.3587462902069092; 0.1023997887969017; 
187; -0.7246453166007996; 0.5143259167671204; -0.20343850553035736; -0.1930777132511139; 1.1382007598876953; 0.11444763839244843; 
176; -0.641304075717926; 0.3323938846588135; -0.15705493092536926; -0.5079291462898254; 0.9447160959243774; -0.03466220945119858; 
185; -0.6116818189620972; 0.03627759963274002; 0.026803025975823402; -0.4628104865550995; 0.9332544803619385; 0.00538940355181694; 
195; -1.1270543336868286; 0.3624046742916107; 0.26797980070114136; -0.38414236903190613; 0.9011415839195251; 0.10755365341901779; 
155; -0.6116040945053101; 0.06928452849388123; 0.07054406404495239; -0.5446994304656982; 1.1623743772506714; -0.0031763308215886354; 
190; -0.9686537981033325; 0.26001691818237305; 0.07983861863613129; -0.38695213198661804; 1.0268871784210205; 0.06670023500919342; 
197; -1.002150297164917; 0.5263946056365967; -0.1094803512096405; -0.4286777675151825; 0.9611888527870178; -0.09154833108186722; 
178; -0.23585103452205658; 0.2269887775182724; -0.3273780345916748; -0.4586125612258911; 1.0155138969421387; -0.039584752172231674; 
199; -1.256367564201355; -0.020535804331302643; -0.11335600912570953; -0.2378232330083847; 1.1214191913604736; -0.05110301077365875; 
198; -1.0323259830474854; 0.2935442626476288; 0.06263744086027145; -0.304794043302536; 1.0473227500915527; -0.08476661145687103; 
196; -0.5682361125946045; 0.05702054500579834; -0.4279019236564636; -0.34275519847869873; 1.1275485754013062; -0.1017407476902008; 
182; -0.8301989436149597; 0.6473062634468079; 0.19690290093421936; -0.3528432548046112; 1.0937252044677734; -0.14832213521003723; 
200; -1.0537513494491577; -0.10802099108695984; 0.26344066858291626; -0.458122581243515; 1.0551867485046387; 0.029869500547647476; 
149; -1.0685064792633057; 0.14367084205150604; 0.2118833065032959; -0.5056073665618896; 1.1685044765472412; 0.10328028351068497; 
213; -0.7644542455673218; 0.0012552924454212189; -0.18467578291893005; -0.5084617137908936; 1.0209300518035889; 0.020227674394845963; 
202; -0.7944460511207581; 0.12370017915964127; -0.5352315306663513; -0.34179288148880005; 1.0455262660980225; -0.010968666523694992; 
241; -0.8832828402519226; 0.22402220964431763; 0.10506690293550491; -0.21259333193302155; 1.0663951635360718; 0.0025937017053365707; 
212; -0.770980715751648; 0.37018951773643494; -0.10623253881931305; -0.5146346092224121; 1.1375519037246704; 0.06674645841121674; 
223; -0.5742504596710205; 0.5125895738601685; -0.09506647288799286; -0.4174804091453552; 1.2895435094833374; -0.18726257979869843; 
204; -1.0368576049804688; 0.011489151045680046; 0.06591486185789108; -0.26751136779785156; 0.9487724900245667; 0.05415746942162514; 
240; -1.0419251918792725; 0.2440083622932434; -0.0016096821054816246; -0.3747236132621765; 1.1520484685897827; -0.09619642049074173; 
221; -1.0442893505096436; 0.118337482213974; 0.08314324915409088; -0.42705070972442627; 1.2255862951278687; 0.07238925993442535; 
200; -1.0537513494491577; -0.10802097618579865; 0.26344066858291626; -0.4581225514411926; 1.0551868677139282; 0.02986948937177658; 
244; -0.922824501991272; -0.08832874149084091; -0.19147233664989471; -0.435435026884079; 0.8921903967857361; -0.015178834088146687; 
205; -0.9547631144523621; 0.028942644596099854; -0.26863884925842285; -0.41163039207458496; 0.9991376399993896; -0.05886535346508026; 
216; -1.363473653793335; 0.03753219544887543; -0.0816173255443573; -0.3141351342201233; 1.1177337169647217; -0.022235626354813576; 
224; -0.27987897396087646; 0.4648471772670746; 0.05739644914865494; -0.27919429540634155; 1.1885125637054443; -0.14298976957798004; 
226; -0.6113531589508057; 0.14012697339057922; 0.1606985479593277; -0.4778394103050232; 1.0422146320343018; 0.137495756149292; 
237; -1.2825512886047363; 0.35349592566490173; 0.03357342258095741; -0.330690860748291; 1.2022278308868408; 0.010402077808976173; 
243; -1.0383589267730713; 0.13486790657043457; -0.20194803178310394; -0.4611598551273346; 1.0219833850860596; -0.008222851902246475; 
227; -1.007686734199524; 0.26068615913391113; -0.01758863404393196; -0.4727247953414917; 1.2786023616790771; 0.007369297556579113; 
236; -0.6605299711227417; 0.27248167991638184; 0.04086770489811897; -0.45084890723228455; 0.992157518863678; 0.023058075457811356; 
248; -0.7150258421897888; 0.057519882917404175; 0.155210480093956; -0.36408084630966187; 1.0569326877593994; -0.003821916878223419; 
206; -0.7989441752433777; 0.3491255044937134; 0.2938573956489563; -0.5734355449676514; 1.1011039018630981; -0.11746280640363693; 
238; -1.2824703454971313; 0.18286725878715515; 0.0426630824804306; -0.3879655599594116; 1.0905725955963135; -0.048170432448387146; 
229; -1.061203122138977; 0.24483662843704224; -0.4339420199394226; -0.4974249303340912; 1.0854921340942383; 0.04863988608121872; 
214; -0.8438224196434021; 0.02960551530122757; -0.1439872533082962; -0.37598687410354614; 1.220457911491394; -0.01819598488509655; 
231; -1.1706396341323853; 0.3475338816642761; -0.6197490692138672; -0.34380456805229187; 1.2256004810333252; 0.024569859728217125; 
228; -0.9207969903945923; 0.0919695571064949; 0.12086433172225952; -0.4319949746131897; 1.1122536659240723; -0.13551971316337585; 
234; -0.7039263844490051; -0.1437705010175705; -0.20265594124794006; -0.2718532681465149; 1.1774333715438843; -0.06286446005105972; 
235; -0.8997077941894531; 0.014270402491092682; 0.0782313272356987; -0.30740657448768616; 1.1259434223175049; 0.03988136351108551; 
225; -1.1833230257034302; 0.2741730809211731; -0.15318575501441956; -0.4650241434574127; 1.1226195096969604; -0.05728132277727127; 
209; -1.2743148803710938; 0.3238888680934906; -0.06418630480766296; -0.6010873317718506; 1.0168734788894653; 0.057932645082473755; 
251; -0.8391740322113037; 0.08015764504671097; -0.03356347605586052; -0.36309850215911865; 1.0423344373703003; -0.1146453395485878; 
220; -0.7862603664398193; 0.10437516123056412; 0.015782341361045837; -0.43350881338119507; 1.133840799331665; 0.16163717210292816; 
253; -0.8438262939453125; 0.21274782717227936; -0.10427382588386536; -0.36010992527008057; 1.2348490953445435; -0.015907136723399162; 
222; -0.5510604381561279; 0.10924912989139557; -0.2893832325935364; -0.24974942207336426; 1.1474299430847168; -0.021670566871762276; 
207; -0.9405620098114014; 0.0412067174911499; -0.20788705348968506; -0.40084078907966614; 0.9187031388282776; -0.01431565172970295; 
218; -1.008803367614746; -0.07374323904514313; 0.14215625822544098; -0.31315892934799194; 1.0920885801315308; 0.19584955275058746; 
210; -1.0758447647094727; 0.29392361640930176; 0.01742747239768505; -0.6084967255592346; 1.0334101915359497; -0.09151890873908997; 
261; -0.5422893166542053; 0.10378268361091614; -0.011156485415995121; -0.4844864010810852; 1.0067158937454224; 0.06392312794923782; 
215; -0.7493594884872437; 0.27232128381729126; -0.04988087713718414; -0.5366582274436951; 0.9071882963180542; 0.27247393131256104; 
258; -0.7594093084335327; 0.0754421278834343; -0.22732895612716675; -0.54941326379776; 1.1063257455825806; 0.11026278883218765; 
239; -1.3670586347579956; 0.0018609034596011043; 0.23389343917369843; -0.23534691333770752; 1.1094926595687866; 0.007926859892904758; 
245; -0.9215189814567566; 0.3225163221359253; 0.07600989192724228; -0.3922748565673828; 1.0365300178527832; 0.08612454682588577; 
256; -1.1986483335494995; -0.010784555226564407; 0.18459452688694; -0.36859846115112305; 0.9850126504898071; 0.05222697928547859; 
208; -0.7581075429916382; 0.08405861258506775; 0.05634241923689842; -0.542101263999939; 1.1013662815093994; -0.12175135314464569; 
219; -1.029062032699585; 0.36292535066604614; 0.016976676881313324; -0.479022741317749; 1.1302531957626343; -0.23127837479114532; 
203; -0.7437140345573425; 0.24242404103279114; 0.05653340369462967; -0.3278696835041046; 1.235692024230957; -0.05651536583900452; 
211; -1.0527665615081787; 0.10866817831993103; 0.18051369488239288; -0.39828991889953613; 1.1471655368804932; 0.00042910315096378326; 
275; -0.7664958834648132; 0.20181217789649963; -0.25773754715919495; -0.2643280625343323; 1.0080413818359375; -0.056541576981544495; 
264; -0.9614788889884949; -0.006830491591244936; -0.41487371921539307; -0.2846161127090454; 1.1399385929107666; 0.040587443858385086; 
246; -1.1640642881393433; 0.373333215713501; 0.21570125222206116; -0.41676026582717896; 1.1142815351486206; -0.068692147731781; 
232; -0.6522547006607056; -0.011494372971355915; 0.22862279415130615; -0.4457526206970215; 1.0858803987503052; -0.0017083595739677548; 
249; -0.9306610226631165; -0.023940499871969223; -0.010153748095035553; -0.5844747424125671; 1.168304681777954; 0.11810342222452164; 
201; -1.0580347776412964; 0.2583686411380768; -0.2589741051197052; -0.40038806200027466; 1.1434807777404785; -0.15809771418571472; 
269; -0.9400919079780579; 0.27919602394104004; -0.1924477368593216; -0.37199392914772034; 0.9803740382194519; -0.015037467703223228; 
266; -1.183982491493225; 0.13850168883800507; -0.02472221851348877; -0.393775999546051; 1.1001503467559814; -0.14262856543064117; 
252; -1.0631334781646729; 0.2272927463054657; 0.10665274411439896; -0.43724361062049866; 1.1344918012619019; -0.10640640556812286; 
260; -0.9356662631034851; 0.4790312349796295; -0.03212819620966911; -0.19224874675273895; 0.896060585975647; -0.23538796603679657; 
267; -0.8188842535018921; -0.07538582384586334; -0.5079229474067688; -0.3621349036693573; 1.0969507694244385; -0.09690549969673157; 
265; -1.0653032064437866; -0.07137634605169296; -0.16083650290966034; -0.2620343267917633; 1.0201900005340576; -0.005040457472205162; 
217; -0.9578530192375183; -0.11871002614498138; -0.10334713757038116; -0.4294174015522003; 0.9841184020042419; 0.18727903068065643; 
276; -0.877494215965271; -0.24495923519134521; 0.08307569473981857; -0.42471766471862793; 0.902825653553009; -0.05287698656320572; 
294; -0.1989625096321106; 0.17611072957515717; 0.03143784776329994; -0.37599971890449524; 1.0564571619033813; -0.17781347036361694; 
262; -0.9085966944694519; 0.014681542292237282; -0.04576866328716278; -0.29377010464668274; 1.0850428342819214; 0.057092007249593735; 
274; -0.8596992492675781; 0.3789224326610565; 0.04552847146987915; -0.5032379031181335; 1.2581629753112793; 0.049239810556173325; 
293; -0.7793495655059814; 0.5814263224601746; -0.15711580216884613; -0.4073828458786011; 0.9580853581428528; 0.04477929696440697; 
263; -0.9057708382606506; -0.05786029249429703; -0.08759710937738419; -0.40824323892593384; 1.1691309213638306; -0.1952555626630783; 
279; -0.9640693068504333; 0.16256660223007202; -0.19994498789310455; -0.35313665866851807; 1.0908106565475464; -0.035305656492710114; 
254; -0.77134770154953; 0.3899594247341156; 0.05339428782463074; -0.33307841420173645; 1.0400892496109009; -0.08055149763822556; 
285; -0.7062743902206421; -0.10121437907218933; -0.029110383242368698; -0.6060746908187866; 1.0392005443572998; 0.20009371638298035; 
270; -0.8808766007423401; 0.3393898606300354; -0.1136321946978569; -0.2960190176963806; 1.08820641040802; -0.08885849267244339; 
300; -0.806200385093689; 0.17798660695552826; -0.13678503036499023; -0.2903488874435425; 1.054161548614502; 0.006719906814396381; 
287; -0.9622728228569031; 0.43313151597976685; 0.028393052518367767; -0.49868032336235046; 1.0994057655334473; -0.023379787802696228; 
286; -0.716829240322113; 0.22484077513217926; 0.0325440913438797; -0.41049662232398987; 1.2403208017349243; -0.04810377582907677; 
291; -1.0209702253341675; -0.026164080947637558; -0.0037531829439103603; -0.35918015241622925; 1.2953654527664185; 0.012113883160054684; 
250; -0.6535593867301941; -0.20624443888664246; -0.10664055496454239; -0.5241442322731018; 1.2848501205444336; -0.05111284181475639; 
302; -0.9305481314659119; 0.2604326605796814; 0.05114823579788208; -0.40064990520477295; 1.0907037258148193; -0.09739580750465393; 
281; -1.5288044214248657; 0.46380022168159485; -0.41225025057792664; -0.5312765836715698; 1.2040218114852905; -0.09475437551736832; 
290; -0.8100010752677917; 0.21064946055412292; 0.16888044774532318; -0.4514594078063965; 1.170930027961731; 0.027822503820061684; 
242; -0.9441482424736023; -0.1202065646648407; 0.18871311843395233; -0.33227217197418213; 1.2715870141983032; 0.0599023699760437; 
298; -1.0910632610321045; 0.060627251863479614; 0.20534679293632507; -0.45232099294662476; 1.0477287769317627; -0.042935166507959366; 
230; -0.5840927362442017; 0.19521887600421906; -0.11482023447751999; -0.39401236176490784; 1.1644165515899658; -0.08886507898569107; 
292; -0.8981254696846008; 0.3071646988391876; -0.15205147862434387; -0.40318599343299866; 1.1445928812026978; -0.023470334708690643; 
283; -0.777662992477417; 0.08741903305053711; 0.07480806112289429; -0.403669148683548; 1.0682579278945923; 0.14782920479774475; 
289; -1.0039167404174805; 0.17814460396766663; -0.16690295934677124; -0.14144493639469147; 1.190908432006836; -0.04543277621269226; 
282; -0.32080313563346863; 0.30541732907295227; -0.04531291499733925; -0.3366802930831909; 1.002206563949585; 0.08474113047122955; 
306; -1.2205907106399536; 0.11296495795249939; -0.07665590196847916; -0.5583047866821289; 1.1909688711166382; -0.09031980484724045; 
277; -1.0395642518997192; -0.2780010402202606; -0.11098306626081467; -0.4288385510444641; 1.1885627508163452; -0.036000024527311325; 
296; -0.6809169054031372; 0.025703461840748787; 0.2870403528213501; -0.4331149756908417; 1.0559601783752441; -0.2305293083190918; 
247; -0.6539916396141052; -0.02780798450112343; -0.1342589259147644; -0.43587997555732727; 1.1237032413482666; 0.06900903582572937; 
233; -0.5889632105827332; 0.10379450023174286; 0.05136846750974655; -0.2512664496898651; 1.2700445652008057; 0.03877975046634674; 
284; -0.6764523386955261; 0.16433407366275787; 0.34299227595329285; -0.3074299395084381; 1.0621939897537231; -0.1903553456068039; 
308; -0.5929641127586365; 0.4075333774089813; 0.24730846285820007; -0.3316011428833008; 1.169363021850586; -0.038112491369247437; 
278; -0.9792172312736511; 0.12069153040647507; 0.012776819989085197; -0.3171186149120331; 1.1061744689941406; -0.05733303725719452; 
315; -0.44407328963279724; 0.30607715249061584; -0.19475841522216797; -0.46936360001564026; 1.263466715812683; -0.24694272875785828; 
268; -0.8725021481513977; 0.5997494459152222; 0.2054985910654068; -0.31320756673812866; 1.0228558778762817; -0.003161638043820858; 
257; -0.2905533015727997; 0.4622187912464142; 0.3298659026622772; -0.255372017621994; 1.0508689880371094; -0.13280178606510162; 
307; -0.8614972233772278; 0.2545086443424225; -0.17581073939800262; -0.3877389132976532; 1.1229383945465088; 0.03314865380525589; 
280; -0.5714676380157471; 0.21974988281726837; 0.14797531068325043; -0.3455773890018463; 1.31832754611969; -0.08150063455104828; 
309; -0.9015166163444519; 0.3792097270488739; 0.10051348805427551; -0.21684381365776062; 1.0848466157913208; 0.011410672217607498; 
297; -0.7072433829307556; -0.19980765879154205; 0.08344259113073349; -0.34314560890197754; 1.1207293272018433; 0.01261204481124878; 
272; -0.8833916783332825; 0.3892958164215088; -0.14217865467071533; -0.2527253329753876; 1.0457595586776733; 0.025879686698317528; 
301; -0.9489759206771851; 0.3483445644378662; -0.17969956994056702; -0.5982131958007812; 1.1715296506881714; -0.044798385351896286; 
304; -1.0677571296691895; 0.02848649211227894; -0.05353715270757675; -0.264511376619339; 1.2021102905273438; 1.1273659765720367e-06; 
312; -1.1294457912445068; 0.23383729159832; -0.07253773510456085; -0.4700412154197693; 1.1015698909759521; -0.1415630728006363; 
310; -0.9588509798049927; 0.06453832983970642; 0.23708665370941162; -0.34574174880981445; 1.215129017829895; 0.2604866027832031; 
288; -0.7861074805259705; 0.27131813764572144; 0.24847115576267242; -0.30719637870788574; 0.9542953372001648; -0.05984038859605789; 
273; -1.7918341159820557; 0.013327725231647491; 0.2517380118370056; -0.37866777181625366; 0.9823346734046936; -0.004069152288138866; 
305; -1.251125454902649; 0.3221733868122101; -0.01844973862171173; -0.38347330689430237; 1.0095934867858887; -0.020941421389579773; 
314; -1.0167059898376465; 0.45513081550598145; 0.20217140018939972; -0.5148414373397827; 1.106562614440918; -0.004640320315957069; 
316; -0.7612878084182739; 0.34036746621131897; -0.01028373185545206; -0.4000692069530487; 1.2059235572814941; 0.035952940583229065; 
323; -0.5504449605941772; 0.33304563164711; -0.12154684215784073; -0.306027352809906; 1.1350538730621338; -0.019811762496829033; 
259; -0.9311816096305847; 0.45216241478919983; -0.21012863516807556; -0.34621918201446533; 0.9908784627914429; -0.09351152926683426; 
331; -0.8546206951141357; 0.2544967234134674; -0.16526110470294952; -0.42670872807502747; 1.1318365335464478; -0.0350230447947979; 
311; -1.1392707824707031; 0.24135909974575043; 0.13429588079452515; -0.5652158856391907; 1.117048978805542; -0.046962179243564606; 
313; -0.620903491973877; 0.13621488213539124; -0.203962042927742; -0.42079129815101624; 1.022680640220642; -0.14853514730930328; 
326; -0.7070965766906738; -0.3156144618988037; -0.16819866001605988; -0.3344597816467285; 1.0898773670196533; 0.047783441841602325; 
299; -0.8648585677146912; 0.08540991693735123; -0.03570112586021423; -0.3541475832462311; 1.2581682205200195; 0.0977124273777008; 
327; -0.35100457072257996; 0.14789508283138275; -0.03497430682182312; -0.5924501419067383; 0.9691559076309204; -0.08342520892620087; 
341; -1.124678134918213; -0.02693236991763115; 0.28501468896865845; -0.5320634841918945; 1.0724880695343018; -0.031948719173669815; 
334; -0.7680743336677551; 0.1457766741514206; -0.23406574130058289; -0.49000993371009827; 1.0316526889801025; -0.052715979516506195; 
317; -0.7572422027587891; 0.4058271646499634; -0.05486639589071274; -0.3491956293582916; 0.9963557720184326; -0.10922055691480637; 
295; -0.8496549129486084; 0.17163574695587158; -0.07273681461811066; -0.35497310757637024; 1.2781968116760254; 0.018056577071547508; 
319; -0.7863484025001526; -0.007920020259916782; 0.2564927041530609; -0.40827101469039917; 1.0635771751403809; -0.05001074820756912; 
328; -1.2938952445983887; -0.09967521578073502; 0.07168027013540268; -0.3086579442024231; 0.9726201295852661; 0.13739876449108124; 
330; -1.0024746656417847; 0.37164637446403503; 0.13132324814796448; -0.5031453371047974; 1.0841158628463745; -0.16757339239120483; 
336; -0.8205282688140869; 0.2532777488231659; 0.12160474807024002; -0.40733808279037476; 1.043373465538025; -0.036380816251039505; 
255; -0.8611297011375427; 0.2678021788597107; 0.17617180943489075; -0.5098029971122742; 1.024340271949768; -0.1482652872800827; 
271; -0.6109664440155029; 0.025969306007027626; 0.0834706649184227; -0.3003295063972473; 1.24477219581604; -0.004121859557926655; 
332; -0.7000442147254944; 0.18921832740306854; 0.28552496433258057; -0.17568564414978027; 0.8719191551208496; 0.08885051310062408; 
325; -0.8591192960739136; 0.2382836490869522; -0.17404845356941223; -0.5145805478096008; 1.1018552780151367; -0.00965169258415699; 
320; -0.8143898248672485; 0.1500217467546463; -0.02407531812787056; -0.49841126799583435; 1.1025766134262085; 0.020758680999279022; 
303; -0.6585718393325806; 0.2583768963813782; -0.19200952351093292; -0.3783901631832123; 1.0051193237304688; -0.04520661383867264; 
329; -0.6871744394302368; 0.16518518328666687; -0.1050737127661705; -0.502884566783905; 1.1106657981872559; -0.13828761875629425; 
324; -1.0400402545928955; 0.17942099273204803; -0.26421740651130676; -0.5574194192886353; 1.0971394777297974; 0.044980764389038086; 
357; -0.5117544531822205; 0.33040669560432434; 0.05769931152462959; -0.407446950674057; 1.0034209489822388; 0.07109281420707703; 
318; -0.7612281441688538; -0.05999843776226044; -0.024716535583138466; -0.29490044713020325; 1.1819607019424438; -0.06120136007666588; 
322; -1.1819431781768799; 0.4461551010608673; 0.037543363869190216; -0.2799501419067383; 1.1155445575714111; 0.047114163637161255; 
335; -0.8875539898872375; 0.18754208087921143; -0.11721806973218918; -0.3336578607559204; 1.0647790431976318; -0.07024526596069336; 
351; -0.8100197911262512; 0.1720222532749176; 0.18626701831817627; -0.5130876302719116; 1.2734546661376953; 0.0026605911552906036; 
366; -1.0378320217132568; 0.5386215448379517; -0.354265421628952; -0.43048104643821716; 1.1821285486221313; -0.10362525284290314; 
337; -1.3503872156143188; 0.1539437174797058; -0.046749480068683624; -0.4607645571231842; 1.1014559268951416; 0.12505939602851868; 
343; -0.6576974391937256; 0.367868572473526; -0.14449259638786316; -0.5310608148574829; 1.110373854637146; 0.11649111658334732; 
339; -0.42504337430000305; 0.2249976545572281; 0.11668512225151062; -0.4959755539894104; 0.979563295841217; -0.06042014807462692; 
356; -1.2097539901733398; 0.14112530648708344; -0.1617678999900818; -0.47955432534217834; 1.123705267906189; -0.05927066132426262; 
352; -0.7433728575706482; 0.14404034614562988; 0.0719359815120697; -0.4702596962451935; 0.9859012961387634; -0.2747379541397095; 
347; -0.6448204517364502; -0.06135430932044983; 0.031707651913166046; -0.31968432664871216; 1.1172540187835693; 0.06461040675640106; 
349; -0.5448914170265198; 0.34679654240608215; 0.03820691257715225; -0.39741653203964233; 1.0491324663162231; 0.07522120326757431; 
344; -1.161266803741455; 0.14604900777339935; 0.0042512910440564156; -0.4190860688686371; 1.0308533906936646; -0.05112733691930771; 
350; -0.8976291418075562; 0.5855807065963745; 0.09571819007396698; -0.32103610038757324; 0.9669784903526306; -0.008639130741357803; 
348; -1.0269782543182373; 0.269197016954422; -0.2455022633075714; -0.411343514919281; 1.1066731214523315; 0.02940688282251358; 
346; -0.6463373303413391; 0.2886394262313843; -0.2151142656803131; -0.33145710825920105; 1.0994596481323242; 0.0015336493961513042; 
338; -0.7486407160758972; -0.04648430645465851; -0.12874235212802887; -0.39892613887786865; 0.997206449508667; -0.026999885216355324; 
369; -0.6008421182632446; 0.16866713762283325; 0.05259180814027786; -0.3171965181827545; 1.1030303239822388; 0.05360354483127594; 
342; -0.7723696827888489; -0.05341476947069168; 0.3721727728843689; -0.27210116386413574; 0.9647048115730286; 0.060628265142440796; 
360; -1.3670376539230347; 0.3770231008529663; -0.2639562785625458; -0.44660505652427673; 1.0399919748306274; -0.1525672972202301; 
345; -0.8597422242164612; 0.011982623487710953; 0.009825685061514378; -0.48691606521606445; 1.139943242073059; 0.10405051708221436; 
355; -0.5833265781402588; 0.10063613206148148; 0.152794748544693; -0.43777140974998474; 1.0947927236557007; 0.09923790395259857; 
367; -0.5379135012626648; 0.6478080749511719; 0.24025708436965942; -0.396228164434433; 1.145737886428833; -0.09148990362882614; 
364; -0.6146525740623474; 0.6808722615242004; 0.019355185329914093; -0.44686102867126465; 1.1893852949142456; -0.007703859359025955; 
379; -0.8865429759025574; 0.23008207976818085; -0.22116956114768982; -0.45296645164489746; 1.150797724723816; 0.0236200038343668; 
372; -1.0531895160675049; 0.29043179750442505; 0.27729809284210205; -0.3824980854988098; 1.0693243741989136; -0.016097871586680412; 
368; -0.8032761812210083; 0.38538801670074463; -0.1281518191099167; -0.5282114148139954; 1.1609601974487305; -0.08555419743061066; 
354; -1.0171411037445068; 0.27624502778053284; 0.03476208448410034; -0.2882881164550781; 1.191049575805664; 0.021516239270567894; 
370; -0.9677068591117859; 0.1471194475889206; -0.1721518635749817; -0.4841934144496918; 1.1290709972381592; -0.13709375262260437; 
353; -1.3500901460647583; 0.27333542704582214; 0.11160790175199509; -0.5220827460289001; 1.0666168928146362; -0.1604873538017273; 
377; -0.9942597150802612; 0.3548676073551178; -0.11610183864831924; -0.3183877766132355; 1.1575210094451904; 0.09438920021057129; 
333; -1.2592788934707642; 0.36126887798309326; 0.35225945711135864; -0.5104945302009583; 0.991748034954071; -0.12923964858055115; 
391; -0.8587902188301086; -0.016979090869426727; -0.006189641542732716; -0.3919876515865326; 1.149786353111267; -0.014155948534607887; 
362; -1.0638628005981445; 0.37571418285369873; 0.011668505147099495; -0.3572184145450592; 1.1184748411178589; 0.1295853853225708; 
375; -1.222684621810913; -0.046333737671375275; 0.06742794811725616; -0.39627805352211; 1.01073157787323; -0.0723888948559761; 
373; -0.9457584023475647; 0.07022605836391449; 0.06487859785556793; -0.16917604207992554; 1.2920429706573486; 0.07408849895000458; 
380; -0.6619209051132202; 0.2381138801574707; -0.19974279403686523; -0.34745311737060547; 0.9783621430397034; -0.02091260626912117; 
376; -1.1373414993286133; 0.42664000391960144; 0.2737441658973694; -0.528413712978363; 1.204332709312439; -0.07193125784397125; 
374; -0.7126206755638123; 0.09494805335998535; -0.3934512138366699; -0.40992018580436707; 1.1123608350753784; 0.10196694731712341; 
397; -0.7590717673301697; -0.04548201337456703; 0.07989634573459625; -0.48770707845687866; 1.1605970859527588; 0.07054658234119415; 
363; -1.1672641038894653; 0.30338603258132935; -0.2566989064216614; -0.40953993797302246; 0.998047947883606; -0.0792153850197792; 
385; -1.0225313901901245; 0.08635406196117401; -0.04094057157635689; -0.4927617907524109; 1.1850571632385254; 0.07195387780666351; 
321; -0.20322105288505554; 0.08613190054893494; -0.22994139790534973; -0.38585689663887024; 1.1528280973434448; -0.038862574845552444; 
340; -0.7888160943984985; 0.42720162868499756; 0.15617115795612335; -0.3227446973323822; 1.2729110717773438; 0.050587862730026245; 
403; -0.8217289447784424; 0.20190346240997314; -0.034086376428604126; -0.4136790335178375; 1.1635786294937134; 0.03800429031252861; 
378; -0.9063209891319275; 0.5416995882987976; 0.261807382106781; -0.31731799244880676; 1.1524927616119385; -0.13281753659248352; 
390; -1.0592907667160034; 0.36974796652793884; -0.07527866959571838; -0.33289834856987; 1.153813362121582; -0.16892147064208984; 
388; -0.7285376191139221; 0.564994752407074; 0.17602591216564178; -0.5598413348197937; 1.0849065780639648; 0.08911257982254028; 
389; -1.118748664855957; 0.35593435168266296; -0.5979210734367371; -0.2498769909143448; 1.0908950567245483; 0.01550384797155857; 
393; -1.0131744146347046; 0.17270660400390625; -0.24258294701576233; -0.4083593189716339; 0.9302348494529724; 0.033558376133441925; 
395; -0.8503856658935547; 0.1477240025997162; 0.09473270922899246; -0.35840556025505066; 1.0633821487426758; 0.01593174785375595; 
371; -0.6651422381401062; 0.30080646276474; 0.2366677075624466; -0.4949210286140442; 1.1361279487609863; 0.04728454351425171; 
402; -1.0098955631256104; 0.19265009462833405; -0.10854765772819519; -0.31595221161842346; 1.183085322380066; -0.11404012888669968; 
404; -0.8218369483947754; -0.02837391383945942; -0.024459607899188995; -0.5302376747131348; 1.0559524297714233; 0.013957325369119644; 
382; -0.43477898836135864; -0.015090268105268478; -0.1727009117603302; -0.4825766980648041; 1.0598949193954468; -0.10268503427505493; 
384; -0.7411434650421143; 0.13239069283008575; -0.21208204329013824; -0.31620436906814575; 1.247401237487793; -0.13174229860305786; 
420; -0.4657713770866394; 0.17859943211078644; -0.286263108253479; -0.32910245656967163; 1.0381886959075928; -0.12414699792861938; 
418; -1.1456907987594604; 0.23274658620357513; -0.18200071156024933; -0.32025375962257385; 1.116915225982666; 0.07975972443819046; 
361; -0.6943730115890503; 0.16716670989990234; -0.028527148067951202; -0.3548349142074585; 0.8681308031082153; 0.022841066122055054; 
409; -1.2978006601333618; 0.21420873701572418; 0.04640207067131996; -0.5312451124191284; 1.0782183408737183; 0.12430451065301895; 
383; -0.7488634586334229; 0.3522692620754242; 0.08040601015090942; -0.37218332290649414; 1.1025694608688354; -0.07178767025470734; 
406; -1.1515889167785645; 0.032496508210897446; -0.31723859906196594; -0.3597395122051239; 1.078888177871704; 0.006025778129696846; 
358; -1.0624101161956787; 0.20061999559402466; -0.4719584882259369; -0.32794421911239624; 1.0990793704986572; -0.18171991407871246; 
411; -0.7037331461906433; 0.13797110319137573; 0.1326821744441986; -0.30674198269844055; 1.088301420211792; -0.015244964510202408; 
398; -0.6753526329994202; 0.2910684049129486; 0.18256878852844238; -0.5585218071937561; 0.985613226890564; 0.08003349602222443; 
359; -0.7826973795890808; 0.2181219905614853; -0.04931489750742912; -0.41684195399284363; 1.0044037103652954; -0.05143071711063385; 
413; -1.7503249645233154; 0.4350188672542572; 0.16230978071689606; -0.3112144470214844; 1.1378079652786255; -0.07238547503948212; 
392; -0.8609310984611511; 0.37002283334732056; 0.1641566902399063; -0.43201038241386414; 0.9684816598892212; 0.039959341287612915; 
412; -0.9341335892677307; 0.19508187472820282; -0.24036191403865814; -0.2880382835865021; 0.9817138910293579; 0.11365187913179398; 
396; -1.2048531770706177; -0.11898603290319443; 0.3208128809928894; -0.31811589002609253; 1.012313723564148; 0.08523920923471451; 
425; -0.9916490912437439; 0.22779344022274017; -0.44859039783477783; -0.508572518825531; 0.9945646524429321; -0.09263981878757477; 
410; -0.5455309748649597; 0.3447042405605316; 0.2376527041196823; -0.5096418857574463; 1.0475152730941772; 0.09943699091672897; 
421; -0.7111338376998901; 0.20528995990753174; 0.08378024399280548; -0.5664400458335876; 1.0628911256790161; 0.03660496696829796; 
422; -0.5215418934822083; -0.014814464375376701; -0.09605444967746735; -0.2989068031311035; 1.0769702196121216; 0.10264956951141357; 
428; -0.7364078760147095; 0.047923218458890915; -0.28575992584228516; -0.4112536907196045; 0.950048565864563; 0.05463435500860214; 
417; -0.9263544678688049; 0.004181853495538235; -0.21724069118499756; -0.4061683416366577; 1.147349238395691; -0.12130477279424667; 
407; -0.807634711265564; 0.21780699491500854; 0.03681463003158569; -0.42013078927993774; 1.1484090089797974; -0.07362078130245209; 
427; -1.0424723625183105; 0.13188908994197845; 0.03261801227927208; -0.3628544807434082; 1.1714175939559937; -0.08281493186950684; 
400; -0.4504663646221161; -0.12822102010250092; 0.0015262807719409466; -0.34693586826324463; 1.19447660446167; -0.11705093085765839; 
394; -0.7903316020965576; 0.09445826709270477; -0.13487814366817474; -0.50386643409729; 0.9711933732032776; 0.03617516905069351; 
405; -0.9699041843414307; 0.37939009070396423; 0.2671257555484772; -0.35540205240249634; 1.140498161315918; -0.08343376219272614; 
426; -0.647553563117981; -0.006044762209057808; 0.07618910819292068; -0.3086492419242859; 1.1104447841644287; -0.008945438079535961; 
438; -0.7145758271217346; 0.2389160692691803; 0.1174960657954216; -0.31349247694015503; 1.101089358329773; 0.03616109490394592; 
419; -1.1411645412445068; 0.038904380053281784; -0.27733761072158813; -0.2538701593875885; 1.0424691438674927; -0.05656793713569641; 
434; -0.8944231867790222; 0.07539628446102142; -0.6181309819221497; -0.3605404496192932; 1.103931188583374; 0.1541142612695694; 
381; -1.0750032663345337; 0.1805623322725296; -0.1672511100769043; -0.3134847581386566; 1.1542637348175049; -0.12698744237422943; 
365; -1.3334972858428955; 0.18223561346530914; -0.614352285861969; -0.3114665150642395; 1.14798104763031; -0.10789437592029572; 
431; -0.5365686416625977; 0.18252630531787872; -0.5708557367324829; -0.26494789123535156; 1.0310271978378296; 0.06314143538475037; 
423; -1.0886824131011963; 0.30990156531333923; -0.12299864739179611; -0.4741971790790558; 1.0171232223510742; 0.016968540847301483; 
443; -1.039216160774231; 0.32916539907455444; -0.2707909643650055; -0.3858657479286194; 1.28389310836792; 0.14143358170986176; 
442; -0.6534209847450256; 0.006497638765722513; -0.12472579628229141; -0.5099818706512451; 1.2712141275405884; 0.061246003955602646; 
444; -0.8799773454666138; 0.09115581959486008; -0.1293439269065857; -0.4898446500301361; 1.0373338460922241; 0.010382113046944141; 
432; -0.8108053803443909; -0.16202619671821594; -0.4376629590988159; -0.4534783363342285; 1.0793883800506592; -0.21117976307868958; 
436; -1.0147660970687866; 0.45220476388931274; -0.17134368419647217; -0.43918001651763916; 1.0467361211776733; -0.0723775178194046; 
437; -0.7215216755867004; 0.07493618130683899; -0.18791788816452026; -0.3549390137195587; 0.9930505752563477; -0.051419664174318314; 
439; -0.7845401167869568; 0.28204023838043213; -0.046304501593112946; -0.6006569862365723; 1.0852090120315552; -0.037994567304849625; 
445; -0.9220375418663025; 0.20334628224372864; -0.2603550851345062; -0.5443851947784424; 1.0321451425552368; 0.007320882752537727; 
387; -0.7494730949401855; 0.14848558604717255; -0.03781083971261978; -0.48047304153442383; 1.093565583229065; -0.0936470553278923; 
459; -0.7155079245567322; 0.2449582815170288; 0.2063473016023636; -0.2690744698047638; 1.104483962059021; 0.08279064297676086; 
440; -0.9095357656478882; 0.26309067010879517; -0.14500956237316132; -0.4243656396865845; 0.9240670800209045; -0.09754405915737152; 
401; -1.0448259115219116; 0.2632363438606262; 0.1350165456533432; -0.4316030442714691; 1.3001967668533325; -0.04864850640296936; 
399; -1.1037088632583618; -0.03893500193953514; 0.0017182247247546911; -0.3548946678638458; 1.112931251525879; 0.011002611368894577; 
408; -1.0477120876312256; 0.491068571805954; 0.4249090254306793; -0.3231427073478699; 1.111538290977478; -0.03816353902220726; 
454; -0.7544721961021423; 0.1671142578125; 0.0035507623106241226; -0.3667986989021301; 1.181211233139038; 0.13673461973667145; 
452; -0.4224361479282379; 0.1324174851179123; -0.290507048368454; -0.5074815154075623; 0.9208860993385315; 0.0554460845887661; 
468; -1.3477975130081177; 0.26954385638237; -0.2111842781305313; -0.5072487592697144; 1.2989544868469238; 0.026842957362532616; 
474; -0.7438951134681702; 0.07306520640850067; 0.2249290943145752; -0.44777214527130127; 1.0176316499710083; -0.03556777909398079; 
453; -0.7802002429962158; 0.13052502274513245; 0.08616237342357635; -0.3410918712615967; 1.094089388847351; 0.13332465291023254; 
448; -0.7437089681625366; 0.46174201369285583; 0.14061911404132843; -0.47357070446014404; 0.9611947536468506; 0.151427760720253; 
467; -0.4872276484966278; 0.1981572061777115; -0.256088525056839; -0.26842284202575684; 1.0248903036117554; 0.07789412885904312; 
441; -0.9099100232124329; 0.1250026822090149; -0.03820390999317169; -0.4758423864841461; 1.034518837928772; -0.032575737684965134; 
450; -0.7774601578712463; 0.21358230710029602; 0.21841642260551453; -0.2778427004814148; 1.2225087881088257; -0.001751445233821869; 
476; -1.0174145698547363; 0.09344349801540375; -0.2602962851524353; -0.4436732530593872; 1.0803351402282715; 0.025736747309565544; 
480; -1.5614829063415527; 0.09510127454996109; 0.06310673803091049; -0.5391732454299927; 1.1139599084854126; 0.002752376487478614; 
416; -0.8398903012275696; 0.38254040479660034; -0.08742570877075195; -0.4237093925476074; 1.1841959953308105; 0.03745618462562561; 
457; -0.7661542296409607; 0.19414182007312775; -0.3238426744937897; -0.34460389614105225; 1.0719207525253296; 0.08372387290000916; 
458; -0.5995619297027588; 0.23077011108398438; 0.1492551863193512; -0.262838214635849; 1.0023316144943237; 0.03306228294968605; 
463; -0.7107945084571838; 0.008296718820929527; 0.2378733903169632; -0.4575449824333191; 1.1161634922027588; -0.0498737134039402; 
414; -0.6767624616622925; 0.7847010493278503; 0.28836721181869507; -0.5001335144042969; 1.1573655605316162; -0.012056413106620312; 
470; -0.825239360332489; 0.3136824369430542; 0.11709599196910858; -0.35961413383483887; 0.9167976379394531; 0.026754412800073624; 
455; -0.5067678093910217; 0.22946196794509888; -0.37315085530281067; -0.44679388403892517; 1.1629502773284912; 0.03818251192569733; 
430; -0.9278837442398071; 0.010474118404090405; 0.2192339301109314; -0.3987123966217041; 0.9769997596740723; 0.06650736927986145; 
386; -1.1654537916183472; -0.21790827810764313; 0.12812957167625427; -0.43715253472328186; 1.0985996723175049; -0.10912905633449554; 
456; -0.771208643913269; 0.3079940378665924; 0.233393132686615; -0.4568876028060913; 0.9930845499038696; -0.061664141714572906; 
449; -0.6027947664260864; -0.038272675126791; 0.026682564988732338; -0.3414079546928406; 0.9636849164962769; 0.05710626393556595; 
466; -1.0334115028381348; -0.25086888670921326; -0.29107335209846497; -0.49110570549964905; 1.212412714958191; 0.01817568764090538; 
433; -1.0240451097488403; 0.08596837520599365; 0.04553960636258125; -0.45034801959991455; 1.0861519575119019; 0.027860358357429504; 
461; -1.0079706907272339; -0.16008703410625458; -0.2682334780693054; -0.33967408537864685; 1.2856792211532593; 0.0939670130610466; 
451; -1.0072048902511597; 0.07217755913734436; 0.0934540256857872; -0.4665333032608032; 1.063491940498352; -0.06351470202207565; 
460; -1.1598783731460571; 0.2516162693500519; -0.05681449547410011; -0.4793623387813568; 1.0275801420211792; -0.0042600687593221664; 
464; -0.8173351883888245; 0.29479286074638367; 0.2308836281299591; -0.5423436760902405; 1.102716088294983; -0.09085005521774292; 
462; -1.056143879890442; 0.22995246946811676; -0.22505445778369904; -0.4200093746185303; 1.070513367652893; 0.028951387852430344; 
469; -0.7158340215682983; 0.4823744297027588; -0.15095734596252441; -0.42513802647590637; 1.0056754350662231; 0.12098214030265808; 
487; -0.8247218728065491; 0.03814230114221573; 0.14020031690597534; -0.3789457082748413; 1.0054281949996948; 0.16604852676391602; 
483; -0.767701268196106; 0.5223448276519775; 0.12714175879955292; -0.2726840674877167; 1.2242188453674316; -0.04173249378800392; 
447; -1.1904691457748413; 0.22320149838924408; 0.2322467714548111; -0.30051013827323914; 1.2376222610473633; -0.03783517703413963; 
477; -1.3052164316177368; 0.23615241050720215; 0.23997080326080322; -0.4726787805557251; 1.1103938817977905; -0.11481677740812302; 
415; -0.8148364424705505; 0.2423984706401825; -0.4926915764808655; -0.29701223969459534; 0.82119220495224; 0.011965825222432613; 
472; -0.8208349347114563; 0.44646501541137695; 0.025831174105405807; -0.5240516066551208; 1.1249277591705322; 0.03055938333272934; 
475; -1.0448349714279175; 0.12272445112466812; -0.13026444613933563; -0.25827109813690186; 1.1427161693572998; -0.12038488686084747; 
471; -0.9668788909912109; 0.1847848892211914; -0.1649131327867508; -0.4485400319099426; 1.0464107990264893; 0.009203474968671799; 
424; -0.9380874633789062; 0.18975314497947693; 0.12340712547302246; -0.3436625599861145; 1.1173092126846313; -0.0318172350525856; 
435; -0.7131422162055969; 0.061085768043994904; -0.20738448202610016; -0.3720517158508301; 1.0084400177001953; -0.013442475348711014; 
479; -1.2521260976791382; 0.29087233543395996; 0.12789398431777954; -0.3989870250225067; 1.1034318208694458; 0.08276665955781937; 
496; -0.9153688549995422; 0.1958402395248413; 0.017101777717471123; -0.21386173367500305; 1.1494057178497314; -0.12389037013053894; 
484; -0.9673933982849121; 0.36139509081840515; -0.013916870579123497; -0.1887965202331543; 0.9377211928367615; -0.05613717436790466; 
465; -1.2279499769210815; 0.1836569756269455; -0.0009919273434206843; -0.41303420066833496; 1.0650486946105957; 0.02883877418935299; 
485; -1.2630419731140137; 0.030537234619259834; 0.11420128494501114; -0.416422039270401; 1.0753360986709595; -0.018526658415794373; 
486; -0.886762797832489; 0.12717954814434052; -0.2550314664840698; -0.3671530485153198; 1.019386649131775; 0.042595069855451584; 
473; -0.715142011642456; 0.260769784450531; -0.1980469524860382; -0.4499106705188751; 1.0622668266296387; 0.028521114960312843; 
491; -0.556810200214386; 0.05750764161348343; 0.0450732596218586; -0.571448564529419; 1.1166247129440308; 0.019159460440278053; 
488; -0.9054650664329529; 0.12099353969097137; -0.06304320693016052; -0.2955525815486908; 1.1706321239471436; 0.05804465338587761; 
481; -0.9907156229019165; 0.28909552097320557; -0.23771953582763672; -0.34577667713165283; 1.0292083024978638; 0.06864840537309647; 
429; -0.859169065952301; 0.4003026485443115; -0.0019348561763763428; -0.41195738315582275; 1.2045164108276367; -0.0258910171687603; 
446; -0.3486628830432892; 0.5124698281288147; -0.0888347178697586; -0.33879226446151733; 1.1407625675201416; -0.058418288826942444; 
493; -1.2437081336975098; 0.03996948152780533; -0.13310444355010986; -0.3325040936470032; 1.1049811840057373; 0.004846170544624329; 
478; -0.7850951552391052; 0.10410638153553009; 0.0063705965876579285; -0.46145135164260864; 1.1784520149230957; 0.05121573805809021; 
499; -0.7765651941299438; 0.16951826214790344; -0.25430652499198914; -0.38570237159729004; 1.1321576833724976; 0.07735318690538406; 
490; -1.2496440410614014; 0.31504523754119873; -0.12957212328910828; -0.4312947988510132; 1.0409101247787476; -0.0644824281334877; 
495; -0.5429164171218872; 0.45264488458633423; 0.1629755049943924; -0.4399770200252533; 1.2215898036956787; -0.11980657279491425; 
497; -0.9189533591270447; -0.08040115982294083; -0.06959784030914307; -0.3326258361339569; 1.0535331964492798; -0.12358902394771576; 
489; -0.7504227161407471; 0.19869950413703918; -0.17947635054588318; -0.38959163427352905; 1.1940377950668335; 0.02282734401524067; 
498; -0.9561044573783875; 0.20915688574314117; -0.029965469613671303; -0.6326188445091248; 1.120678424835205; 0.03575802221894264; 
482; -0.9374127984046936; -0.016143055632710457; 0.0035729575902223587; -0.4106709063053131; 1.2948859930038452; 0.07949434220790863; 
492; -0.7513288259506226; 0.2249683439731598; 0.04456353187561035; -0.36366233229637146; 1.1179609298706055; 0.05391890928149223; 
494; -1.224990725517273; 0.347825288772583; -0.0012379288673400879; -0.47258201241493225; 1.0595433712005615; -0.028889039531350136; 
