26; -1.316721796989441; -0.1136401891708374; -0.49491086602211; -0.6690021753311157; 0.8726471662521362; -0.2519737780094147; 
9; -1.2628262042999268; -0.1154816746711731; -0.3601466417312622; -0.3809223175048828; 0.847372829914093; -0.18883587419986725; 
40; -1.3892509937286377; -0.35914939641952515; -0.5249814987182617; -0.5603085160255432; 0.7626734972000122; -0.11452916264533997; 
35; -1.568601369857788; -0.016546547412872314; -0.6498949527740479; -0.4289848208427429; 0.7767207622528076; -0.1664215326309204; 
25; -1.2850205898284912; -0.05631950497627258; -0.716217041015625; -0.6539447903633118; 0.7756927013397217; -0.33106112480163574; 
20; -1.0337002277374268; -0.0942380428314209; -0.5095954537391663; -0.43968909978866577; 1.0717147588729858; -0.15217375755310059; 
3; -1.2299158573150635; -0.06485937535762787; -0.48546892404556274; -0.47029244899749756; 0.8448535799980164; -0.20283672213554382; 
39; -1.701962947845459; -0.3113647401332855; -0.5223018527030945; -0.48340463638305664; 1.0504385232925415; -0.09635432064533234; 
13; -1.2036322355270386; -0.4697866141796112; 0.08384233713150024; -0.6221680641174316; 0.8977956771850586; 0.07333770394325256; 
0; -1.0426180362701416; -0.08646982908248901; -0.16711534559726715; -0.6414037942886353; 0.9918161630630493; -0.017428018152713776; 
38; -1.2457717657089233; 0.19979986548423767; -0.36970216035842896; -0.48097869753837585; 0.9865304827690125; -0.23698318004608154; 
29; -1.0534791946411133; -0.2791823744773865; -0.32487356662750244; -0.47343355417251587; 0.999641478061676; -0.16041094064712524; 
21; -1.220415711402893; -0.4709813594818115; -0.4655548632144928; -0.4992765784263611; 0.6908586025238037; -0.09326052665710449; 
24; -1.4628560543060303; -0.3640623688697815; -0.26257485151290894; -0.5717593431472778; 0.8472393155097961; -0.1267925500869751; 
33; -1.317500114440918; -0.04076176881790161; -0.09615296125411987; -0.5206350088119507; 0.8243670463562012; -0.21476179361343384; 
49; -1.4119136333465576; -0.09291231632232666; -0.2658379077911377; -0.7302199006080627; 0.9098935723304749; -0.052702829241752625; 
6; -1.1491389274597168; -0.14291414618492126; -0.5293397307395935; -0.5569419860839844; 0.9205871224403381; -0.15736207365989685; 
37; -2.384791612625122; -0.08190251886844635; -0.42292851209640503; -0.5129860043525696; 0.9505347609519958; -0.09208490699529648; 
19; -1.5858148336410522; -0.4623013138771057; -0.3579126000404358; -0.5066457986831665; 1.0419310331344604; -0.1692834049463272; 
36; -1.0658974647521973; -0.18067196011543274; -0.29477420449256897; -0.47683918476104736; 0.7679026126861572; -0.21928748488426208; 
43; -1.1737148761749268; -0.30520179867744446; -0.30467087030410767; -0.6147384643554688; 0.8350942730903625; -0.3361220359802246; 
28; -1.4372062683105469; -0.14363232254981995; -0.5719407796859741; -0.5458773374557495; 0.81641685962677; -0.3148622512817383; 
41; -1.4609770774841309; -0.2171536237001419; -0.09230880439281464; -0.6240723133087158; 0.8003362417221069; -0.11843216419219971; 
7; -2.0719635486602783; -0.21607054769992828; -0.07761192321777344; -0.43873143196105957; 0.9059855341911316; -0.19286683201789856; 
47; -1.3497521877288818; -0.15757718682289124; -0.3275716304779053; -0.47118714451789856; 0.8707235455513; -0.13646739721298218; 
15; -2.0585005283355713; -0.1092568039894104; -0.2708156704902649; -0.6384924650192261; 0.9411859512329102; -0.1669549196958542; 
10; -1.5337872505187988; -0.3045530319213867; -0.9999998211860657; -0.4611993432044983; 0.8830503821372986; -0.1473400592803955; 
18; -1.8182284832000732; -0.30787014961242676; -1.1807668209075928; -0.5260242819786072; 0.8386687636375427; -0.10498461872339249; 
46; -1.8334243297576904; -0.2314661741256714; -0.08343532681465149; -0.555357813835144; 0.8628113865852356; -0.30206236243247986; 
8; -1.252415418624878; -0.7339015603065491; -0.7759286761283875; -0.660529375076294; 1.0059623718261719; -0.23074550926685333; 
23; -1.0350569486618042; -0.33926236629486084; -0.5142837166786194; -0.6015419960021973; 1.0445237159729004; -0.06777145713567734; 
34; -1.188673734664917; 0.06174510717391968; -0.2574986517429352; -0.49177905917167664; 1.0425963401794434; -0.2696811556816101; 
2; -1.6905479431152344; -0.30235281586647034; -0.7758640050888062; -0.6081646680831909; 0.690998911857605; -0.21438080072402954; 
4; -1.3958940505981445; -0.21841025352478027; -0.474963903427124; -0.637933611869812; 1.0046803951263428; -0.18863973021507263; 
30; -0.8715359568595886; -0.29727327823638916; -0.5521108508110046; -0.2694011926651001; 1.1312891244888306; -0.06289892643690109; 
48; -1.480191707611084; -0.21993780136108398; -0.07586298882961273; -0.5064895153045654; 0.9777159690856934; -0.15770412981510162; 
5; -1.6483736038208008; -0.06825914978981018; -0.39274540543556213; -0.5962200164794922; 1.022931456565857; -0.26230546832084656; 
14; -1.2486207485198975; -0.26525601744651794; -0.23229572176933289; -0.5359523296356201; 0.8195838928222656; -0.2349696308374405; 
22; -1.354482650756836; -0.3289588987827301; -0.6964937448501587; -0.49409937858581543; 0.83414626121521; -0.06580905616283417; 
42; -1.6479111909866333; -0.21569475531578064; -0.7685017585754395; -0.49983376264572144; 0.9691526889801025; -0.1478917896747589; 
45; -1.3069403171539307; -0.3141830563545227; -0.42809462547302246; -0.5588368773460388; 0.7731789350509644; -0.21114623546600342; 
11; -1.5476396083831787; -0.5043973922729492; -0.2399497926235199; -0.3649153709411621; 0.7834051251411438; -0.07310470938682556; 
27; -1.820507287979126; 0.018445700407028198; -0.4395538568496704; -0.47355449199676514; 1.0290582180023193; -0.01604577898979187; 
1; -1.3169527053833008; -0.07977405190467834; -0.4034680724143982; -0.6142643094062805; 1.0079237222671509; -0.1868334412574768; 
17; -1.081607460975647; 0.018277734518051147; -0.7364782094955444; -0.5390130281448364; 0.8783522844314575; -0.057172179222106934; 
32; -1.1522495746612549; -0.444904625415802; -0.6243028044700623; -0.48558318614959717; 0.8514226078987122; -0.26006418466567993; 
16; -1.73661470413208; 0.08209389448165894; -0.7078657746315002; -0.7358109951019287; 0.9610320329666138; -0.2473250925540924; 
12; -1.7325615882873535; 0.053424835205078125; -0.40062111616134644; -0.640364944934845; 0.8333292603492737; 0.050596192479133606; 
44; -1.1567214727401733; -0.08384272456169128; -0.2386571168899536; -0.6212600469589233; 0.9084120988845825; -0.10749660432338715; 
31; -1.1426092386245728; -0.04652246832847595; -0.5801864266395569; -0.5478169918060303; 0.8040346503257751; -0.24219638109207153; 
50; -1.2699036598205566; -0.10142576694488525; -0.6299418210983276; -0.6867203712463379; 0.7991628646850586; -0.012506380677223206; 
88; -1.886273980140686; -0.32389020919799805; -0.6563870906829834; -0.6349732279777527; 1.0434789657592773; -0.024460434913635254; 
51; -1.3203279972076416; -0.19615447521209717; -0.6140660047531128; -0.43829572200775146; 0.8514482378959656; -0.1633358746767044; 
54; -1.3484716415405273; -0.32098108530044556; -0.4608040452003479; -0.48774367570877075; 0.9388474225997925; -0.2258051335811615; 
52; -1.2256932258605957; -0.2562660872936249; -0.5683243274688721; -0.39853981137275696; 0.8336867690086365; -0.17205071449279785; 
59; -1.62947416305542; -0.30580800771713257; -0.5259547233581543; -0.6967355012893677; 0.9565786123275757; -0.19436423480510712; 
95; -0.989504873752594; -0.32632243633270264; -0.1256622076034546; -0.5318264961242676; 1.101198673248291; -0.15361076593399048; 
96; -1.3975505828857422; -0.3070714473724365; -0.5257887840270996; -0.6524927616119385; 0.8629193305969238; -0.14950694143772125; 
100; -1.365675926208496; -0.30341705679893494; -0.23351776599884033; -0.5405158400535583; 0.684270441532135; -0.1335684061050415; 
94; -1.158827304840088; -0.2692045271396637; -0.4370218515396118; -0.42595136165618896; 1.0474417209625244; -0.27797240018844604; 
97; -1.8590404987335205; 0.004360854625701904; -0.5750769376754761; -0.6083096861839294; 0.7954497337341309; -0.1698535829782486; 
98; -1.4225327968597412; -0.5045071244239807; -0.5001628398895264; -0.5770483016967773; 0.9557967782020569; -0.13105280697345734; 
56; -1.7441191673278809; -0.41355738043785095; -0.43554428219795227; -0.5399938225746155; 0.8380703926086426; -0.12499698996543884; 
63; -1.4643371105194092; 0.1139485239982605; -0.21706648170948029; -0.6436296701431274; 1.054520845413208; -0.14410975575447083; 
65; -1.2351939678192139; -0.00767439603805542; -0.4665253758430481; -0.606823205947876; 0.9822643995285034; -0.3015623688697815; 
58; -1.3785400390625; -0.37593770027160645; -0.5258764028549194; -0.7237419486045837; 0.8963245153427124; -0.20238883793354034; 
60; -1.6307532787322998; -0.23903881013393402; -0.03555271029472351; -0.6544088125228882; 0.8954163193702698; -0.11281660199165344; 
57; -1.3015013933181763; -0.27826976776123047; -0.3135567605495453; -0.5716947317123413; 0.9543682336807251; -0.09997227787971497; 
61; -1.3184797763824463; -0.4597225487232208; -0.27047473192214966; -0.7404907941818237; 0.8991276025772095; -0.15993833541870117; 
62; -1.2374213933944702; -0.40691107511520386; -0.3352612257003784; -0.44103360176086426; 0.8798238635063171; -0.1217770054936409; 
64; -1.367401123046875; -0.1802564561367035; -0.5879714488983154; -0.550433337688446; 1.0039480924606323; -0.28522998094558716; 
91; -1.4319672584533691; 0.14131075143814087; -0.4789854884147644; -0.5112961530685425; 0.8269333839416504; -0.2772175371646881; 
71; -1.7161786556243896; -0.004652559757232666; -0.5935386419296265; -0.6305434703826904; 0.7642015218734741; -0.05205480754375458; 
89; -1.5899001359939575; 0.05762484669685364; -0.3779246509075165; -0.5397294163703918; 0.9699281454086304; -0.24067002534866333; 
92; -1.3859673738479614; -0.3104090392589569; -0.5528358817100525; -0.5834120512008667; 0.7308000326156616; -0.24052685499191284; 
93; -1.275830864906311; -0.2903192639350891; -0.3987521231174469; -0.6296111345291138; 0.9899863004684448; -0.12162860482931137; 
77; -1.3611804246902466; -0.37974902987480164; -0.25415506958961487; -0.47959402203559875; 0.9753895998001099; -0.12370184808969498; 
76; -1.1304881572723389; -0.2384497970342636; -0.07179021835327148; -0.47602683305740356; 0.8819857835769653; -0.10077063739299774; 
90; -1.0068905353546143; -0.6630619764328003; -0.2088346779346466; -0.4061330556869507; 0.802131712436676; -0.10322941094636917; 
86; -1.7925695180892944; 0.13762474060058594; -0.8094677925109863; -0.4448959529399872; 1.0418199300765991; -0.1796019971370697; 
82; -1.96285080909729; -0.27668336033821106; -0.16121017932891846; -0.8091709613800049; 0.9522078037261963; -0.14322198927402496; 
69; -1.414548397064209; 0.008415520191192627; -0.7123945951461792; -0.5044406652450562; 0.8946460485458374; 0.012986719608306885; 
53; -1.4934535026550293; -0.4813935160636902; -0.5052986145019531; -0.41846388578414917; 1.1626040935516357; -0.13253279030323029; 
84; -1.7128826379776; -0.16945911943912506; -0.7428245544433594; -0.6022478342056274; 0.8535804152488708; -0.24712689220905304; 
70; -1.2334530353546143; -0.14596280455589294; -0.8772585391998291; -0.48749077320098877; 0.8680492639541626; -0.25509190559387207; 
81; -1.1502341032028198; -0.04155987501144409; -0.49718812108039856; -0.6129245758056641; 0.9769903421401978; -0.17776218056678772; 
74; -1.451207160949707; 0.06998246908187866; -0.5301063656806946; -0.6617959141731262; 0.9083653688430786; -0.2475138157606125; 
78; -1.3817241191864014; -0.5199648141860962; -0.04600134491920471; -0.3521074652671814; 0.7959012985229492; -0.14323219656944275; 
87; -1.3213458061218262; -0.3019060790538788; -0.2682710289955139; -0.49643731117248535; 1.089522123336792; -0.31007498502731323; 
73; -1.2156896591186523; -0.4810276925563812; -0.10766185820102692; -0.5103193521499634; 1.0088529586791992; -0.2064007818698883; 
80; -1.0111768245697021; -0.03573131561279297; -0.29302623867988586; -0.5098451375961304; 0.9340575337409973; -0.20484770834445953; 
79; -1.2743642330169678; -0.407716304063797; -0.49422532320022583; -0.6454826593399048; 0.9049621820449829; 0.03354969620704651; 
99; -1.255427360534668; -0.10918846726417542; -0.4132199287414551; -0.617133617401123; 0.824845552444458; -0.0811295136809349; 
72; -1.6949386596679688; -0.5007816553115845; -0.5097401738166809; -0.5416425466537476; 0.9297447204589844; -0.24250826239585876; 
55; -2.1224148273468018; -0.017256319522857666; -0.49056851863861084; -0.7839725613594055; 0.931608259677887; -0.1958376169204712; 
75; -1.2338579893112183; -0.4558582007884979; -0.5225620865821838; -0.46858036518096924; 1.2627092599868774; -0.09955531358718872; 
66; -1.7778501510620117; -0.2866232991218567; -0.4796636700630188; -0.5918004512786865; 1.0148048400878906; -0.21774527430534363; 
67; -1.783097505569458; -0.3276118338108063; 0.009374260902404785; -0.5388071537017822; 0.970313549041748; -0.12510138750076294; 
68; -1.1862444877624512; -0.27905142307281494; -0.4221004247665405; -0.5464841723442078; 0.9692977070808411; -0.22375190258026123; 
85; -1.3201273679733276; -0.14951084554195404; -0.6021906137466431; -0.5545271635055542; 0.8393701314926147; -0.28881484270095825; 
102; -1.6987535953521729; -0.3194657564163208; -0.38330429792404175; -0.5633144974708557; 0.8445287942886353; -0.27719900012016296; 
83; -1.2561331987380981; -0.20193377137184143; -0.41474729776382446; -0.30905458331108093; 0.9822481870651245; -0.11409296840429306; 
101; -0.7627900838851929; -0.06928713619709015; 0.059189558029174805; -0.47300034761428833; 0.8422593474388123; -0.13109569251537323; 
112; -1.0758023262023926; -0.3746498227119446; -0.7946265935897827; -0.47789421677589417; 0.9733971357345581; -0.19730451703071594; 
109; -1.5691204071044922; -0.22137987613677979; -0.2257150560617447; -0.5594509840011597; 0.9202971458435059; -0.26700282096862793; 
105; -0.7826151847839355; -0.23455926775932312; -0.347135990858078; -0.6646057367324829; 1.0082511901855469; -0.15646588802337646; 
117; -1.3860374689102173; -0.40221989154815674; -0.761131763458252; -0.4992285370826721; 0.9490070343017578; -0.09205789864063263; 
107; -1.0207006931304932; -0.21161477267742157; -0.25674450397491455; -0.41399216651916504; 1.0021358728408813; -0.08561547845602036; 
119; -1.7512497901916504; -0.08331084251403809; -0.5395859479904175; -0.6353378295898438; 0.8187435865402222; -0.3250752091407776; 
114; -1.628170371055603; -0.0682489275932312; -0.5294826030731201; -0.5254626870155334; 0.9288231730461121; -0.06343881040811539; 
108; -1.2891956567764282; -0.09743967652320862; -0.19810305535793304; -0.6059248447418213; 0.891675591468811; -0.18896359205245972; 
103; -1.2991989850997925; 0.01725676655769348; -0.5524964332580566; -0.48758170008659363; 0.8309019207954407; -0.19459013640880585; 
116; -1.3061580657958984; -0.19451072812080383; -0.18388840556144714; -0.5387729406356812; 0.8242412209510803; -0.20035254955291748; 
111; -1.8366879224777222; -0.38376089930534363; -0.5962202548980713; -0.5349994897842407; 0.8392149806022644; -0.1184055432677269; 
113; -1.350534200668335; -0.2422671914100647; -0.0822400450706482; -0.583902895450592; 1.0849390029907227; -0.011374205350875854; 
115; -1.1920595169067383; -0.28221553564071655; -0.41702842712402344; -0.45467597246170044; 1.0306544303894043; -0.051360830664634705; 
130; -1.6129813194274902; -0.08854863047599792; -0.522451639175415; -0.43976110219955444; 0.9618099927902222; -0.16877686977386475; 
110; -1.291628122329712; -0.3346887230873108; -0.5145368576049805; -0.6177231073379517; 0.911220908164978; -0.01016208529472351; 
118; -1.6544443368911743; 0.0795947015285492; -0.5170831680297852; -0.46977782249450684; 0.8453730344772339; -0.2661314606666565; 
106; -2.027798652648926; -0.2975657880306244; -0.42269960045814514; -0.6621755361557007; 1.0767629146575928; -0.12199968844652176; 
129; -1.8710522651672363; -0.3312299847602844; -0.7828418016433716; -0.5693579912185669; 1.125606656074524; -0.021312370896339417; 
131; -1.1900018453598022; -0.17361603677272797; -0.08727340400218964; -0.44700467586517334; 0.9971081018447876; -0.17497248947620392; 
123; -1.507583737373352; -0.03646266460418701; -0.1592620611190796; -0.5158201456069946; 0.9068039655685425; -0.21561524271965027; 
124; -1.6710124015808105; 0.010216683149337769; -0.6478864550590515; -0.41720008850097656; 0.8710470199584961; -0.4435133635997772; 
120; -1.1967968940734863; 0.006387531757354736; -0.5479780435562134; -0.4905300736427307; 1.0140273571014404; -0.12657734751701355; 
122; -1.212144374847412; -0.2386690229177475; -0.7945963144302368; -0.7116603851318359; 0.9061774015426636; -0.011367693543434143; 
121; -1.2641421556472778; -0.1668960601091385; -0.7210100889205933; -0.5830706357955933; 0.9599360227584839; -0.010581299662590027; 
128; -1.4486725330352783; -0.013612478971481323; -0.8413176536560059; -0.670086145401001; 0.8652332425117493; -0.18439708650112152; 
125; -1.8743786811828613; 0.15621474385261536; -0.41801396012306213; -0.47827088832855225; 0.9754242897033691; -0.0725114569067955; 
126; -2.1154773235321045; -0.10364675521850586; -0.6596405506134033; -0.6352508664131165; 0.8110390901565552; -0.09513411670923233; 
127; -2.207387924194336; -0.4003531038761139; -0.39719048142433167; -0.5194406509399414; 0.8996483087539673; -0.11213088780641556; 
147; -1.5767059326171875; -0.1787102222442627; -0.18058106303215027; -0.5181788802146912; 0.8883346915245056; -0.16160312294960022; 
148; -1.2237097024917603; -0.13933849334716797; -0.2783623933792114; -0.43308091163635254; 0.9391149282455444; -0.21968886256217957; 
132; -1.0372049808502197; -0.5855671167373657; -0.8747585415840149; -0.7869104743003845; 1.0322930812835693; -0.05204495042562485; 
136; -1.5139210224151611; -0.12074269354343414; -0.16809587180614471; -0.5730063915252686; 0.9156992435455322; -0.25079116225242615; 
146; -1.5110912322998047; -0.09214639663696289; -0.5803886651992798; -0.47852128744125366; 0.9521586894989014; -0.16164687275886536; 
104; -1.0462590456008911; -0.24347206950187683; -0.4528712332248688; -0.5671216249465942; 1.0161103010177612; -0.3573766052722931; 
135; -1.9106237888336182; -0.4355565905570984; -0.4651695191860199; -0.53944993019104; 0.9211293458938599; -0.20870357751846313; 
144; -1.5110092163085938; -0.2678726315498352; -0.6961181163787842; -0.6004438400268555; 0.9464741349220276; -0.14977429807186127; 
134; -1.4896878004074097; -0.6867965459823608; -0.0897570550441742; -0.3822123408317566; 0.9747966527938843; -0.14362357556819916; 
137; -1.3894755840301514; 0.019524842500686646; -0.43853694200515747; -0.5275512933731079; 1.0279487371444702; -0.1968832165002823; 
133; -1.4091471433639526; -0.2589467167854309; -0.4077645540237427; -0.5662124156951904; 0.9146647453308105; -0.07460740208625793; 
138; -1.1616880893707275; -0.45606350898742676; -0.6297545433044434; -0.5884045362472534; 0.93926602602005; -0.057580411434173584; 
141; -1.2947055101394653; -0.13865777850151062; -0.3883013129234314; -0.4982178211212158; 0.9135638475418091; -0.03611336648464203; 
142; -1.0777573585510254; -0.07111528515815735; -0.10125952959060669; -0.550721287727356; 0.8823656439781189; -0.13332554697990417; 
140; -1.4561970233917236; 0.1128784716129303; -0.6760841608047485; -0.7839362621307373; 0.9254142045974731; -0.031288519501686096; 
152; -1.1181297302246094; -0.23677730560302734; -0.8780012130737305; -0.6463249921798706; 0.8869872689247131; -0.33204975724220276; 
145; -1.4290419816970825; -0.24799656867980957; -0.37784186005592346; -0.38809072971343994; 0.7499019503593445; -0.20321479439735413; 
154; -1.0293161869049072; -0.22735577821731567; -0.31918805837631226; -0.6155893206596375; 0.8982828855514526; -0.02715344727039337; 
153; -2.0722315311431885; -0.4460919201374054; -0.47745636105537415; -0.60585618019104; 0.8086326122283936; -0.12592053413391113; 
150; -1.126046895980835; -0.5438360571861267; -0.5640729069709778; -0.6568117141723633; 1.0078644752502441; -0.12456656992435455; 
159; -1.3806583881378174; -0.7140499353408813; -0.4624755084514618; -0.562652587890625; 1.038507103919983; -0.3002616763114929; 
167; -1.6051210165023804; -0.17728790640830994; -0.3931903541088104; -0.6188151836395264; 1.097590446472168; -0.039693683385849; 
158; -1.100935935974121; -0.5041691660881042; -0.324621319770813; -0.5950925350189209; 1.2360053062438965; -0.0688387006521225; 
166; -1.281665325164795; -0.5906765460968018; -0.35154956579208374; -0.6742455363273621; 1.0724421739578247; -0.22398842871189117; 
165; -1.7695989608764648; -0.2510657012462616; -0.813936710357666; -0.5579820871353149; 0.9266995191574097; -0.14506684243679047; 
169; -2.0553181171417236; -0.16411978006362915; -0.5550935864448547; -0.47108620405197144; 0.8750200271606445; -0.17158198356628418; 
151; -0.7446258664131165; 0.1658543050289154; -0.01535099744796753; -0.5025679469108582; 1.004211187362671; -0.004014536738395691; 
168; -1.2839584350585938; 0.04102510213851929; -0.1550341546535492; -0.5336953401565552; 0.8783496022224426; -0.1900424212217331; 
143; -1.295312523841858; -0.307131826877594; -0.43736493587493896; -0.47397783398628235; 0.8173600435256958; -0.16626077890396118; 
139; -0.963815450668335; -0.1600521355867386; -0.3721943497657776; -0.4879709780216217; 0.9950539469718933; -0.17071762681007385; 
175; -1.7479076385498047; -0.40030762553215027; -0.8172354698181152; -0.4444572329521179; 0.8741185069084167; -0.26750195026397705; 
162; -1.07497239112854; -0.0963296890258789; -0.4594637155532837; -0.5230189561843872; 0.8166869282722473; -0.2056356966495514; 
163; -1.1024434566497803; -0.3491121828556061; -0.40589046478271484; -0.6372982263565063; 1.0351691246032715; -0.1584692895412445; 
170; -2.069089889526367; -0.004855990409851074; -0.43539464473724365; -0.5920946002006531; 0.9027703404426575; -0.2281542271375656; 
164; -1.3157596588134766; 0.2599799633026123; -0.5788540840148926; -0.5260972380638123; 1.1821684837341309; -0.19560520350933075; 
160; -1.2750699520111084; -0.465799480676651; -0.5792585611343384; -0.4650934338569641; 0.8708723187446594; -0.04160270839929581; 
171; -1.3599629402160645; -0.5188329219818115; -0.2889397144317627; -0.4822845458984375; 0.931125283241272; -0.0003876686096191406; 
180; -1.0054562091827393; -0.41163337230682373; -0.11837893724441528; -0.5757874846458435; 0.9511383771896362; -0.16040624678134918; 
156; -1.1632518768310547; 0.07803353667259216; -0.6385264992713928; -0.41397327184677124; 0.8907349705696106; -0.26146358251571655; 
157; -1.584609031677246; -0.3584108352661133; -1.1059913635253906; -0.6318002343177795; 0.8585705161094666; -0.21739834547042847; 
188; -1.098008155822754; -0.12841764092445374; -0.3899136185646057; -0.6942921280860901; 0.978426456451416; -0.14455190300941467; 
192; -1.2685598134994507; -0.24000003933906555; -0.5738618969917297; -0.48021870851516724; 0.8584802150726318; -0.20564623177051544; 
181; -1.1997284889221191; -0.20498231053352356; -0.6359787583351135; -0.6212846040725708; 0.9036030769348145; -0.12449917197227478; 
177; -1.439348578453064; -0.32867783308029175; -0.2779695391654968; -0.6394271850585938; 0.9410690069198608; -0.2648898661136627; 
191; -1.4478070735931396; -0.7471976280212402; -0.6522289514541626; -0.4938335716724396; 0.9653633236885071; -0.19720447063446045; 
193; -1.3870823383331299; -0.29087555408477783; 0.08499199151992798; -0.48341959714889526; 1.0123741626739502; -0.10105697065591812; 
183; -1.2534085512161255; 0.22927403450012207; -0.5662294626235962; -0.616423487663269; 0.8587697744369507; -0.13297486305236816; 
184; -1.4992611408233643; -0.17114831507205963; -0.3498946726322174; -0.37350863218307495; 0.8306035399436951; -0.1127767413854599; 
161; -1.4744739532470703; 0.2246910035610199; -0.6921593546867371; -0.4078441858291626; 0.8635419607162476; 0.024103835225105286; 
186; -1.8455278873443604; -0.2388414740562439; -0.7403426766395569; -0.6738528609275818; 0.7965199947357178; -0.18681985139846802; 
174; -1.2999138832092285; -0.09923198819160461; -0.797874927520752; -0.6067533493041992; 1.0185437202453613; -0.3364575505256653; 
189; -1.158964991569519; -0.4093061685562134; -0.33581551909446716; -0.5825148820877075; 0.8760246634483337; -0.31251227855682373; 
194; -1.43876051902771; 0.06683355569839478; -0.23432111740112305; -0.5221191644668579; 0.90706467628479; -0.08604361116886139; 
173; -1.3406002521514893; -0.05957183241844177; -0.5078234672546387; -0.6602357029914856; 0.9897947311401367; -0.4823940694332123; 
172; -1.1756404638290405; -0.25646522641181946; -0.5328483581542969; -0.6106916069984436; 0.8607014417648315; -0.17534570395946503; 
179; -1.3589378595352173; -0.17937864363193512; -0.22288422286510468; -0.49005863070487976; 1.1734228134155273; -0.08793815225362778; 
187; -1.1274837255477905; 0.1430583894252777; -0.5388537645339966; -0.3343823254108429; 0.9858983159065247; -0.0351124107837677; 
176; -1.154505729675293; -0.12981188297271729; -0.5260838866233826; -0.6541784405708313; 0.7936067581176758; -0.17981553077697754; 
185; -0.968289852142334; -0.35231924057006836; -0.2764854431152344; -0.604888379573822; 0.8022514581680298; -0.1297009140253067; 
195; -1.5841681957244873; 0.07172295451164246; -0.03895673155784607; -0.5231492519378662; 0.7602843046188354; -0.008023589849472046; 
155; -1.0567188262939453; -0.23900073766708374; -0.2886509597301483; -0.7108530402183533; 0.984782874584198; -0.1736406832933426; 
190; -1.5221564769744873; -0.10221821069717407; -0.3273930549621582; -0.5443122386932373; 0.8883752822875977; -0.0863712728023529; 
197; -1.4525372982025146; 0.23947769403457642; -0.4537356495857239; -0.5623461604118347; 0.7647039890289307; -0.19355928897857666; 
178; -0.6114545464515686; -0.0556766539812088; -0.7495690584182739; -0.6040191650390625; 0.8425348997116089; -0.16752643883228302; 
199; -1.8565888404846191; -0.5117891430854797; -0.6176794171333313; -0.4279783368110657; 0.9063710570335388; -0.20791105926036835; 
198; -1.485817313194275; -0.0773104727268219; -0.41895490884780884; -0.4784489870071411; 0.9133813381195068; -0.2535705864429474; 
196; -1.0734472274780273; -0.31100407242774963; -0.8602297306060791; -0.5258128046989441; 0.9334957599639893; -0.25672847032546997; 
182; -1.4998294115066528; 0.21505939960479736; -0.29318997263908386; -0.5991678237915039; 0.8674403429031372; -0.35941004753112793; 
200; -1.5243816375732422; -0.45074212551116943; -0.09135276079177856; -0.63238126039505; 0.8676896691322327; -0.12791968882083893; 
149; -1.5610628128051758; -0.24765215814113617; -0.17393425107002258; -0.6678564548492432; 0.99820476770401; -0.05068738013505936; 
213; -1.3684539794921875; -0.4115333557128906; -0.6334810853004456; -0.657145619392395; 0.832535982131958; -0.14217007160186768; 
202; -1.3058948516845703; -0.2719845175743103; -0.9918102025985718; -0.5047895908355713; 0.8726286888122559; -0.17454370856285095; 
241; -1.4147679805755615; -0.17666101455688477; -0.24344661831855774; -0.3975323736667633; 0.8934370279312134; -0.18878628313541412; 
212; -1.408586025238037; -0.08920902013778687; -0.6376851797103882; -0.6947889924049377; 0.9173597693443298; -0.10652375221252441; 
223; -1.0463911294937134; 0.16691854596138; -0.4114153981208801; -0.595443069934845; 1.0976722240447998; -0.32105159759521484; 
204; -1.4603315591812134; -0.2746962010860443; -0.2827011048793793; -0.4003117084503174; 0.8094578385353088; -0.07912515103816986; 
240; -1.6460285186767578; -0.30150318145751953; -0.4383704662322998; -0.6044968366622925; 0.9168782234191895; -0.2910759747028351; 
221; -1.698878526687622; -0.3169293999671936; -0.30554765462875366; -0.6088310480117798; 1.0124309062957764; -0.10717850923538208; 
200; -1.5243818759918213; -0.45074212551116943; -0.0913526713848114; -0.6323812007904053; 0.8676897287368774; -0.12791967391967773; 
244; -1.4238611459732056; -0.42476433515548706; -0.5626165866851807; -0.5896236896514893; 0.742882490158081; -0.15226146578788757; 
205; -1.4052259922027588; -0.3238376975059509; -0.5719208121299744; -0.5445315837860107; 0.8750647306442261; -0.20329445600509644; 
216; -1.793626070022583; -0.23887746036052704; -0.4538640081882477; -0.45094287395477295; 0.9563608169555664; -0.15028002858161926; 
224; -0.6328203678131104; 0.10337063670158386; -0.2955165505409241; -0.44792795181274414; 1.037559986114502; -0.3021790683269501; 
226; -1.178520917892456; -0.39901962876319885; -0.2883376479148865; -0.6893065571784973; 0.8518293499946594; -0.058932825922966; 
237; -1.8671116828918457; 0.0171547532081604; -0.3549407720565796; -0.46593940258026123; 1.0518834590911865; -0.13547973334789276; 
243; -1.6433985233306885; -0.27135008573532104; -0.6400719881057739; -0.6230120062828064; 0.8557107448577881; -0.15512938797473907; 
227; -1.6223251819610596; -0.2573016285896301; -0.5154682993888855; -0.664381742477417; 1.0581165552139282; -0.16771873831748962; 
236; -1.0511298179626465; -0.030580967664718628; -0.32256603240966797; -0.6139441728591919; 0.855224609375; -0.10447369515895844; 
248; -1.1442245244979858; -0.2919254004955292; -0.19273965060710907; -0.5021523237228394; 0.8489565849304199; -0.1684131622314453; 
206; -1.2773489952087402; 0.025895923376083374; -0.16939851641654968; -0.7414986491203308; 0.8866722583770752; -0.2712923586368561; 
238; -1.8951029777526855; -0.2102108895778656; -0.3521485924720764; -0.5776606202125549; 0.9362949728965759; -0.19056154787540436; 
229; -1.6639440059661865; -0.219386488199234; -1.0265026092529297; -0.7042845487594604; 0.8773860931396484; -0.12711521983146667; 
214; -1.4061081409454346; -0.4710373282432556; -0.7017611861228943; -0.5861249566078186; 0.9884878993034363; -0.1958484947681427; 
231; -1.726442575454712; -0.0018596947193145752; -1.0650689601898193; -0.5439953207969666; 1.0188570022583008; -0.1359405219554901; 
228; -1.5472674369812012; -0.312544047832489; -0.2878825068473816; -0.5631474852561951; 0.8960323929786682; -0.279778391122818; 
234; -1.2439279556274414; -0.5529158115386963; -0.655803382396698; -0.46946054697036743; 0.9563189744949341; -0.23427137732505798; 
235; -1.2179957628250122; -0.2927672863006592; -0.2379542589187622; -0.4340430498123169; 0.9466978907585144; -0.08303467184305191; 
225; -1.7532846927642822; -0.19243943691253662; -0.8349452018737793; -0.693769097328186; 0.8440258502960205; -0.2691274881362915; 
209; -1.6402442455291748; -0.022535890340805054; -0.38984978199005127; -0.7440532445907593; 0.8767153024673462; -0.038445815443992615; 
251; -1.2651351690292358; -0.26434528827667236; -0.37495964765548706; -0.517967939376831; 0.8948274254798889; -0.26080694794654846; 
220; -1.3672926425933838; -0.26687565445899963; -0.39986568689346313; -0.6206299066543579; 0.9661011099815369; -0.0071270763874053955; 
253; -1.4946281909942627; -0.2608006000518799; -0.5442309379577637; -0.5698449015617371; 1.0282578468322754; -0.23373664915561676; 
222; -1.0320066213607788; -0.3223881125450134; -0.7686609625816345; -0.4084551930427551; 0.9593334197998047; -0.18343143165111542; 
207; -1.4380743503570557; -0.27859267592430115; -0.5974287986755371; -0.5749893188476562; 0.699176549911499; -0.16533851623535156; 
218; -1.4633558988571167; -0.43968474864959717; -0.2300254851579666; -0.4796358048915863; 0.9223478436470032; 0.004913419485092163; 
210; -1.7289340496063232; -0.17002364993095398; -0.3981698155403137; -0.7727652192115784; 0.8017184734344482; -0.29111337661743164; 
261; -1.019956350326538; -0.31375908851623535; -0.4002554416656494; -0.6165516972541809; 0.8531140685081482; -0.12222924083471298; 
215; -1.2741057872772217; -0.2716887593269348; -0.5936428904533386; -0.7274221181869507; 0.6758777499198914; 0.09008513391017914; 
258; -1.2904614210128784; -0.38566747307777405; -0.6908830404281616; -0.6964462399482727; 0.885827362537384; -0.055120162665843964; 
239; -1.740530252456665; -0.27724015712738037; -0.03141455352306366; -0.3472912013530731; 0.9947558641433716; -0.11218735575675964; 
245; -1.469272255897522; -0.10691705346107483; -0.31027206778526306; -0.5340521931648254; 0.871402382850647; -0.078689344227314; 
256; -1.8235514163970947; -0.32594478130340576; -0.15735162794589996; -0.5132291913032532; 0.8254795074462891; -0.10465937852859497; 
208; -1.4082690477371216; -0.31182125210762024; -0.43535375595092773; -0.7015997171401978; 0.8750426769256592; -0.2927660644054413; 
219; -1.5628371238708496; 0.03461813926696777; -0.33162036538124084; -0.6128396987915039; 0.978422999382019; -0.3622932434082031; 
203; -1.1604591608047485; -0.034058064222335815; -0.224602609872818; -0.46612751483917236; 1.113676905632019; -0.1656084954738617; 
211; -1.5845463275909424; -0.2646976113319397; -0.2444029301404953; -0.5680462121963501; 0.9765443205833435; -0.1208571046590805; 
275; -1.2545762062072754; -0.10207945108413696; -0.6960164308547974; -0.4130738377571106; 0.8532699346542358; -0.2526412010192871; 
264; -1.6215100288391113; -0.46764257550239563; -0.8327807188034058; -0.42860403656959534; 0.9308199882507324; -0.15777526795864105; 
246; -2.0056943893432617; -0.04099884629249573; -0.24332308769226074; -0.5914344787597656; 0.907223105430603; -0.27494364976882935; 
232; -1.1040592193603516; -0.40476906299591064; -0.14363768696784973; -0.6154294610023499; 0.9021377563476562; -0.16189362108707428; 
249; -1.470151424407959; -0.4635974168777466; -0.48503440618515015; -0.7483994364738464; 0.9667801856994629; -0.08551410585641861; 
201; -1.7442858219146729; -0.17605531215667725; -0.7704070806503296; -0.6259287595748901; 0.8945936560630798; -0.3936188220977783; 
269; -1.40614914894104; -0.11033478379249573; -0.5646643042564392; -0.515881359577179; 0.8353275656700134; -0.18173088133335114; 
266; -1.6339750289916992; -0.2233133763074875; -0.4772450923919678; -0.545823872089386; 0.9207108020782471; -0.3119722604751587; 
252; -1.7527872323989868; -0.23679634928703308; -0.28499191999435425; -0.6132712364196777; 0.9472026228904724; -0.25476914644241333; 
260; -1.4523906707763672; 0.19345173239707947; -0.3982445001602173; -0.3834370970726013; 0.7505350112915039; -0.3902273178100586; 
267; -1.2716808319091797; -0.48471778631210327; -0.9950507283210754; -0.5503888726234436; 0.9267054796218872; -0.2592068612575531; 
217; -1.5152006149291992; -0.4411553740501404; -0.45108360052108765; -0.5636705160140991; 0.8194509744644165; 0.01044781506061554; 
276; -1.4088791608810425; -0.7120224237442017; -0.277486115694046; -0.5596365928649902; 0.7462681531906128; -0.2134832739830017; 
294; -0.64561527967453; -0.20810995995998383; -0.48099443316459656; -0.549852192401886; 0.8860591053962708; -0.3554571866989136; 
262; -1.2953522205352783; -0.26561883091926575; -0.39856457710266113; -0.42608052492141724; 0.9331319332122803; -0.12118354439735413; 
274; -1.3797287940979004; -0.09407761693000793; -0.45497673749923706; -0.672782301902771; 1.0273478031158447; -0.11607080698013306; 
293; -1.3215217590332031; 0.14963173866271973; -0.6022393107414246; -0.6007240414619446; 0.8011377453804016; -0.14065559208393097; 
263; -1.2675362825393677; -0.42903977632522583; -0.37749969959259033; -0.5688660740852356; 0.9899856448173523; -0.33629754185676575; 
279; -1.319288969039917; -0.1725682020187378; -0.5315486788749695; -0.5028594732284546; 0.9037536978721619; -0.15445828437805176; 
254; -1.2408978939056396; 0.03226080536842346; -0.3051416575908661; -0.5239155292510986; 0.9020767211914062; -0.27525031566619873; 
285; -1.1776188611984253; -0.5148415565490723; -0.39647984504699707; -0.7646992802619934; 0.8349473476409912; 0.03509584069252014; 
270; -1.334295630455017; 0.04603889584541321; -0.43809911608695984; -0.40779051184654236; 0.9427856206893921; -0.22180625796318054; 
300; -1.3388597965240479; -0.2076350897550583; -0.5192208290100098; -0.4297032654285431; 0.8898146748542786; -0.16369271278381348; 
287; -1.522672176361084; 0.04187938570976257; -0.35003212094306946; -0.6795938014984131; 0.9217977523803711; -0.1794794350862503; 
286; -1.2986054420471191; -0.13434039056301117; -0.4778728485107422; -0.6070713996887207; 1.0690475702285767; -0.25784605741500854; 
291; -1.6260380744934082; -0.48965877294540405; -0.531312882900238; -0.5911301374435425; 1.0134119987487793; -0.21818490326404572; 
250; -1.0865833759307861; -0.6187310814857483; -0.494073748588562; -0.7094289064407349; 1.099382758140564; -0.20566053688526154; 
302; -1.2665220499038696; -0.0036048591136932373; -0.2219269871711731; -0.5134811401367188; 0.9629749059677124; -0.2031591236591339; 
281; -2.078889846801758; 0.12476843595504761; -0.7345006465911865; -0.6662994623184204; 1.0857547521591187; -0.2311953902244568; 
290; -1.291693925857544; -0.1686573624610901; -0.20915494859218597; -0.6177679896354675; 1.0001182556152344; -0.11261028796434402; 
242; -1.4863500595092773; -0.5871063470840454; -0.2527145743370056; -0.5139312744140625; 1.098388433456421; -0.10152046382427216; 
298; -1.595717191696167; -0.33301010727882385; -0.08250251412391663; -0.5877811312675476; 0.9367067217826843; -0.1539757251739502; 
230; -1.0766568183898926; -0.22372804582118988; -0.5871047973632812; -0.5656259059906006; 0.9951192140579224; -0.24414533376693726; 
292; -1.551593542098999; -0.16075453162193298; -0.5609558820724487; -0.5849101543426514; 0.9442316293716431; -0.18959128856658936; 
283; -1.3048532009124756; -0.36377742886543274; -0.3602026700973511; -0.5879196524620056; 0.878858208656311; -0.02829664945602417; 
289; -1.515667200088501; -0.2076105773448944; -0.6100109815597534; -0.315332293510437; 1.0436655282974243; -0.24570700526237488; 
282; -0.7164024710655212; -0.08890858292579651; -0.433811753988266; -0.4992675185203552; 0.8224500417709351; -0.07547701895236969; 
306; -2.023623466491699; -0.32566550374031067; -0.6491407752037048; -0.7480567693710327; 0.9675711989402771; -0.3157152533531189; 
277; -1.6252808570861816; -0.7975521087646484; -0.5405021905899048; -0.6155741214752197; 0.9870701432228088; -0.17928479611873627; 
296; -1.3683964014053345; -0.45245257019996643; -0.1287384331226349; -0.6526341438293457; 0.8397803902626038; -0.4197896718978882; 
247; -1.1447011232376099; -0.42588871717453003; -0.6630458831787109; -0.5985922813415527; 0.8863404989242554; -0.12361586093902588; 
233; -1.043769359588623; -0.3096974492073059; -0.35656994581222534; -0.4725416302680969; 1.0247822999954224; -0.12102188169956207; 
284; -1.298484444618225; -0.2692217230796814; -0.1970900595188141; -0.5147448778152466; 0.7898339033126831; -0.39869385957717896; 
308; -1.0519425868988037; 0.061546891927719116; -0.14865025877952576; -0.4644361734390259; 0.9597011804580688; -0.2121686041355133; 
278; -1.571976900100708; -0.2827255427837372; -0.41242194175720215; -0.4873645603656769; 0.8983018398284912; -0.2655180096626282; 
315; -0.9138921499252319; -0.16325658559799194; -0.6877981424331665; -0.6820514798164368; 1.002964735031128; -0.44354137778282166; 
268; -1.265967607498169; 0.3449316620826721; -0.18346519768238068; -0.4622153341770172; 0.8627070188522339; -0.12867577373981476; 
257; -0.75456303358078; 0.11797231435775757; -0.12505382299423218; -0.45965075492858887; 0.8762271404266357; -0.29173335433006287; 
307; -1.4079279899597168; -0.18123552203178406; -0.627926230430603; -0.584575891494751; 0.9293726086616516; -0.15466883778572083; 
280; -1.083200216293335; -0.2263486534357071; -0.19667522609233856; -0.5199777483940125; 1.1246447563171387; -0.2636144459247589; 
309; -1.4372448921203613; -0.006248652935028076; -0.320634126663208; -0.38894858956336975; 0.8454791903495789; -0.18969321250915527; 
297; -1.1656467914581299; -0.6080825924873352; -0.26355716586112976; -0.5054755210876465; 0.9347903728485107; -0.13055166602134705; 
272; -1.283505916595459; 0.03549844026565552; -0.4467500150203705; -0.40336981415748596; 0.903509259223938; -0.1558717042207718; 
301; -1.5219454765319824; -0.07224404811859131; -0.5445868968963623; -0.7900686264038086; 0.9492752552032471; -0.23543858528137207; 
304; -1.4454034566879272; -0.18216727674007416; -0.35986921191215515; -0.38207289576530457; 1.0731312036514282; -0.12693899869918823; 
312; -1.7464747428894043; -0.14362166821956635; -0.5433312654495239; -0.6581786274909973; 0.8476650714874268; -0.32745224237442017; 
310; -1.5037180185317993; -0.3484850525856018; -0.1531904935836792; -0.5521637201309204; 0.9972143173217773; 0.07752102613449097; 
288; -1.247408390045166; -0.12078857421875; -0.09098677337169647; -0.4862598776817322; 0.7532318234443665; -0.23582515120506287; 
273; -2.424027442932129; -0.29481741786003113; -0.12109047174453735; -0.5263392329216003; 0.8024113774299622; -0.1636843979358673; 
305; -1.7768981456756592; -0.009943276643753052; -0.3722984790802002; -0.5697591304779053; 0.8421972990036011; -0.1652156263589859; 
314; -1.5162041187286377; 0.09848570823669434; -0.1472388356924057; -0.6713863611221313; 0.9403274655342102; -0.13865968585014343; 
316; -1.182417392730713; 0.016120702028274536; -0.35755524039268494; -0.5638716816902161; 0.9864998459815979; -0.09909315407276154; 
323; -0.999945878982544; 0.017905980348587036; -0.5306718945503235; -0.47959664463996887; 0.9117975234985352; -0.17401793599128723; 
259; -1.491579294204712; 0.04281198978424072; -0.7020242214202881; -0.504554033279419; 0.8049073219299316; -0.2508975863456726; 
331; -1.4674737453460693; -0.2019404172897339; -0.7237303256988525; -0.5999504923820496; 0.9142295122146606; -0.22743359208106995; 
311; -1.6772369146347046; -0.2102809101343155; -0.336928129196167; -0.7483032941818237; 0.9279618859291077; -0.23763421177864075; 
313; -1.062904715538025; -0.24887871742248535; -0.5738361477851868; -0.5533066987991333; 0.8616281747817993; -0.27537256479263306; 
326; -1.047524094581604; -0.6153225898742676; -0.43968266248703003; -0.44868993759155273; 0.9921548366546631; -0.05961883068084717; 
299; -1.4504384994506836; -0.33342012763023376; -0.5692492723464966; -0.5557307600975037; 1.024856448173523; -0.09669435024261475; 
327; -0.8881945610046387; -0.37293851375579834; -0.4877089262008667; -0.7942293286323547; 0.762382984161377; -0.30125880241394043; 
341; -1.5530169010162354; -0.44929149746894836; -0.12012976408004761; -0.6698745489120483; 0.9063515663146973; -0.18563303351402283; 
334; -1.2669225931167603; -0.20079155266284943; -0.6640591025352478; -0.6698293089866638; 0.8509558439254761; -0.20829740166664124; 
317; -1.1311521530151367; 0.10930436849594116; -0.3914923667907715; -0.4616764485836029; 0.880526602268219; -0.23544621467590332; 
295; -1.4194830656051636; -0.1465294063091278; -0.497036337852478; -0.5208307504653931; 1.0925779342651367; -0.1351090520620346; 
319; -1.3446197509765625; -0.4405306279659271; -0.061787694692611694; -0.5609818696975708; 0.8453264832496643; -0.227858304977417; 
328; -1.7173454761505127; -0.4007863402366638; -0.2414999008178711; -0.4302253723144531; 0.8393312096595764; 0.013418130576610565; 
330; -1.6956532001495361; -0.05724319815635681; -0.36641621589660645; -0.6823129653930664; 0.8717678785324097; -0.36265140771865845; 
336; -1.3493309020996094; -0.1275084912776947; -0.3085176348686218; -0.6175516247749329; 0.8831647038459778; -0.20184797048568726; 
255; -1.2875635623931885; -0.061799198389053345; -0.22214147448539734; -0.6483815908432007; 0.8856192827224731; -0.30043986439704895; 
271; -1.1341209411621094; -0.39228132367134094; -0.2829340994358063; -0.5110079050064087; 1.0269464254379272; -0.1789805293083191; 
332; -1.1343367099761963; -0.14019741117954254; 0.039728567004203796; -0.29436734318733215; 0.7311563491821289; -0.07871110737323761; 
325; -1.3442916870117188; -0.10030938684940338; -0.5538109540939331; -0.6975482702255249; 0.9393062591552734; -0.2452184110879898; 
320; -1.1410748958587646; -0.11983571946620941; -0.3565771281719208; -0.610389769077301; 0.999160885810852; -0.0893080085515976; 
303; -1.3096625804901123; -0.2607126832008362; -0.7477150559425354; -0.5988609194755554; 0.8192646503448486; -0.2260960042476654; 
329; -1.244352102279663; -0.29259833693504333; -0.5603847503662109; -0.6921547651290894; 0.8617238998413086; -0.33983904123306274; 
324; -1.602271318435669; -0.27087926864624023; -0.7466472387313843; -0.7487629055976868; 0.8896849751472473; -0.12180881202220917; 
357; -0.9479690194129944; -0.03559616208076477; -0.4668979048728943; -0.5787058472633362; 0.8238376379013062; -0.11740925908088684; 
318; -1.337721586227417; -0.45402437448501587; -0.49244463443756104; -0.45990023016929626; 1.0055174827575684; -0.188631072640419; 
322; -1.5329740047454834; 0.21068380773067474; -0.19049450755119324; -0.3748362362384796; 0.9486644268035889; -0.06786595284938812; 
335; -1.2735892534255981; -0.12397950887680054; -0.5294327139854431; -0.4499208331108093; 0.9088097810745239; -0.1971629559993744; 
351; -1.2690891027450562; -0.22188028693199158; -0.13047590851783752; -0.6507048010826111; 1.1040337085723877; -0.13752241432666779; 
366; -1.6069626808166504; 0.14852532744407654; -0.7946740388870239; -0.5942963361740112; 0.9606918096542358; -0.2916756570339203; 
337; -1.6974753141403198; -0.17141467332839966; -0.32353317737579346; -0.5938324928283691; 0.9966064691543579; -0.0009901821613311768; 
343; -1.0583691596984863; -0.008489668369293213; -0.5431876182556152; -0.6744257211685181; 0.9520026445388794; 0.0023404955863952637; 
339; -0.7501838207244873; -0.017748162150382996; -0.2328716218471527; -0.6116554141044617; 0.8517999053001404; -0.17611876130104065; 
356; -1.8348469734191895; -0.2590481638908386; -0.6243718266487122; -0.6602964997291565; 0.8928760290145874; -0.2385621815919876; 
352; -1.198343276977539; -0.23880624771118164; -0.3436175584793091; -0.6314679384231567; 0.7609683275222778; -0.46784210205078125; 
347; -1.1160922050476074; -0.48545482754707336; -0.4291572570800781; -0.49042272567749023; 0.8853241801261902; -0.08128367364406586; 
349; -1.3202335834503174; -0.22119155526161194; -0.5069057941436768; -0.6018127202987671; 0.742294192314148; -0.18707475066184998; 
344; -1.5966238975524902; -0.21096037328243256; -0.38635388016700745; -0.5556771755218506; 0.8178731203079224; -0.2228933870792389; 
350; -1.4370050430297852; 0.3020683825016022; -0.283142626285553; -0.4839705228805542; 0.7873546481132507; -0.1456754207611084; 
348; -1.4671350717544556; -0.028073787689208984; -0.6769079566001892; -0.5718501806259155; 0.9477529525756836; -0.10871977359056473; 
346; -1.1140570640563965; -0.07343074679374695; -0.6116824746131897; -0.48918235301971436; 0.904279351234436; -0.16179682314395905; 
338; -1.171433925628662; -0.504424512386322; -0.5703811049461365; -0.5311626195907593; 0.8141873478889465; -0.17101004719734192; 
369; -1.070777177810669; -0.2504512667655945; -0.3077425956726074; -0.45606642961502075; 0.9184628129005432; -0.14142106473445892; 
342; -1.2237192392349243; -0.4336240589618683; -0.022722244262695312; -0.418664813041687; 0.8025432229042053; -0.14099211990833282; 
360; -1.8610053062438965; 0.040197551250457764; -0.7272541522979736; -0.6399477124214172; 0.8729985356330872; -0.3011431097984314; 
345; -1.3590961694717407; -0.34347715973854065; -0.36092841625213623; -0.6253564953804016; 0.9334859848022461; -0.06658238172531128; 
355; -1.025041937828064; -0.3308974802494049; -0.20463457703590393; -0.6145169138908386; 0.9448271989822388; -0.05654202401638031; 
367; -1.0375969409942627; 0.1890726089477539; -0.20442909002304077; -0.6002878546714783; 0.9290646910667419; -0.2691478133201599; 
364; -0.9855006337165833; 0.44276678562164307; -0.2831874489784241; -0.5684009194374084; 1.0517020225524902; -0.13175708055496216; 
379; -1.4515728950500488; -0.17865897715091705; -0.6722164750099182; -0.6666253209114075; 0.9700835943222046; -0.163727805018425; 
372; -1.5064538717269897; 0.003029853105545044; 0.009857028722763062; -0.5445941686630249; 0.9159953594207764; -0.16538390517234802; 
368; -1.2555863857269287; 0.06193941831588745; -0.5322424173355103; -0.6753472089767456; 0.9854235649108887; -0.23170924186706543; 
354; -1.4066009521484375; 0.001222848892211914; -0.2505894899368286; -0.44601088762283325; 1.0641902685165405; -0.0987253338098526; 
370; -1.4256253242492676; -0.18415282666683197; -0.54633629322052; -0.6617504358291626; 0.9495547413825989; -0.2670154571533203; 
353; -2.0707240104675293; -0.2190464735031128; -0.49110227823257446; -0.7722650766372681; 0.839680552482605; -0.3386031985282898; 
377; -1.468173861503601; 0.025775611400604248; -0.5810653567314148; -0.48101702332496643; 0.9633951783180237; -0.09120878577232361; 
333; -1.8472895622253418; -0.08099275827407837; -0.03301873803138733; -0.6910987496376038; 0.8121209144592285; -0.2839813232421875; 
391; -1.312404751777649; -0.4226692020893097; -0.3403205871582031; -0.554366946220398; 0.9644033908843994; -0.15517061948776245; 
362; -1.45726478099823; 0.10975140333175659; -0.290097713470459; -0.4852816164493561; 0.989872932434082; 0.007388763129711151; 
375; -1.708486795425415; -0.4924676716327667; -0.32429659366607666; -0.5821992754936218; 0.8269301652908325; -0.2578471899032593; 
373; -1.5140926837921143; -0.3373897075653076; -0.29097217321395874; -0.30000609159469604; 1.0892975330352783; -0.07422760128974915; 
380; -1.2762261629104614; -0.21570858359336853; -0.7248026728630066; -0.5202328562736511; 0.781278133392334; -0.2431294322013855; 
376; -1.8239011764526367; -0.14657685160636902; -0.2749212384223938; -0.7436906099319458; 0.9741434454917908; -0.2920829653739929; 
374; -1.0183247327804565; -0.19456148147583008; -0.7426952123641968; -0.5040205717086792; 0.9829343557357788; -0.03822752833366394; 
397; -1.2144454717636108; -0.41473856568336487; -0.3041447401046753; -0.6577199101448059; 1.0117818117141724; -0.09493841230869293; 
363; -1.6654374599456787; -0.18049240112304688; -0.6511505842208862; -0.5394214391708374; 0.8337069749832153; -0.22716742753982544; 
385; -1.5859599113464355; -0.31444746255874634; -0.5548862218856812; -0.6768733859062195; 0.9469082355499268; -0.10140472650527954; 
321; -0.9316078424453735; -0.4856972396373749; -0.7703124284744263; -0.5906541347503662; 0.9458797574043274; -0.21365588903427124; 
340; -1.1244395971298218; 0.05637356638908386; -0.1564706414937973; -0.48586583137512207; 1.107545256614685; -0.07758337259292603; 
403; -1.2784314155578613; -0.13917121291160583; -0.4304465055465698; -0.5717777609825134; 0.9835099577903748; -0.14690935611724854; 
378; -1.376656174659729; 0.19018429517745972; -0.12449195981025696; -0.4687469005584717; 0.9778995513916016; -0.2821955382823944; 
390; -1.742643117904663; -0.14423248171806335; -0.5381869077682495; -0.5563377737998962; 0.9356778860092163; -0.37133175134658813; 
388; -1.1775388717651367; 0.2389490008354187; -0.23069269955158234; -0.7336417436599731; 0.8769041895866394; -0.10379253327846527; 
389; -1.6271421909332275; -0.021439969539642334; -1.028861403465271; -0.4182813763618469; 0.9174283742904663; -0.1651848405599594; 
393; -1.6123602390289307; -0.23076015710830688; -0.7379856109619141; -0.6157272458076477; 0.743711531162262; -0.16305086016654968; 
395; -1.2739166021347046; -0.0812390148639679; -0.21557027101516724; -0.4556196928024292; 0.9267308712005615; -0.10071998834609985; 
371; -1.1796948909759521; -0.1372920572757721; -0.1744745522737503; -0.6305978298187256; 0.9500629901885986; -0.1126566082239151; 
402; -1.4655178785324097; -0.08570583164691925; -0.5194661617279053; -0.4358542561531067; 1.0169367790222168; -0.26466789841651917; 
404; -1.4459192752838135; -0.47891008853912354; -0.5478918552398682; -0.7454885840415955; 0.7975134253501892; -0.20151907205581665; 
382; -0.8967264294624329; -0.46475258469581604; -0.5724782943725586; -0.6437532901763916; 0.8882715106010437; -0.2811594009399414; 
384; -1.3182122707366943; -0.29114723205566406; -0.6616317629814148; -0.4552595615386963; 1.0593628883361816; -0.307156503200531; 
420; -0.8553655743598938; -0.21934477984905243; -0.6802710294723511; -0.4559739828109741; 0.8805694580078125; -0.28147804737091064; 
418; -1.6998507976531982; -0.13412310183048248; -0.6465011239051819; -0.4692479968070984; 0.9259705543518066; -0.1019987240433693; 
361; -1.089483380317688; -0.14625149965286255; -0.36741912364959717; -0.49095630645751953; 0.7606115937232971; -0.1185276061296463; 
409; -1.9660252332687378; -0.14886628091335297; -0.35681116580963135; -0.7221155166625977; 0.8695918321609497; -0.09432800859212875; 
383; -1.2407212257385254; 0.027438372373580933; -0.2552756071090698; -0.5182026624679565; 0.9397944808006287; -0.22240786254405975; 
406; -1.6530616283416748; -0.36896806955337524; -0.7121495008468628; -0.5068615674972534; 0.8754140734672546; -0.14705058932304382; 
358; -1.603407382965088; -0.250376433134079; -0.9014286994934082; -0.47512727975845337; 0.8901667594909668; -0.344635546207428; 
411; -1.0515376329421997; -0.18550211191177368; -0.19748330116271973; -0.4469284117221832; 0.9486694931983948; -0.17835178971290588; 
398; -1.1884779930114746; -0.014668256044387817; -0.11370849609375; -0.6978520154953003; 0.7930648922920227; -0.09257754683494568; 
359; -1.3510682582855225; -0.167929008603096; -0.46151283383369446; -0.6118587851524353; 0.8063616752624512; -0.22602689266204834; 
413; -2.4353137016296387; 0.05425247550010681; -0.1933254450559616; -0.4404386878013611; 0.9904984831809998; -0.20754796266555786; 
392; -1.379562258720398; 0.003919512033462524; -0.1683489829301834; -0.5643567442893982; 0.7901966571807861; -0.1314658224582672; 
412; -1.537090539932251; -0.21496649086475372; -0.7058522701263428; -0.477762907743454; 0.7850400805473328; -0.07941887527704239; 
396; -1.5826432704925537; -0.44882285594940186; -0.012053728103637695; -0.4371144771575928; 0.883478045463562; -0.04453892260789871; 
425; -1.419439673423767; -0.14847557246685028; -0.8212242126464844; -0.6309342384338379; 0.8476219773292542; -0.2425197809934616; 
410; -0.9482081532478333; 0.042268335819244385; -0.018054351210594177; -0.6365072727203369; 0.8931407332420349; -0.008726879954338074; 
421; -1.0459455251693726; -0.13861656188964844; -0.2636082172393799; -0.739885687828064; 0.9151806831359863; -0.10899928212165833; 
422; -1.139936923980713; -0.43465471267700195; -0.45810794830322266; -0.4814603924751282; 0.8461280465126038; -0.09386873245239258; 
428; -1.1910910606384277; -0.3045019805431366; -0.6668728590011597; -0.5797660946846008; 0.7821584939956665; -0.08695065230131149; 
417; -1.359739065170288; -0.41361749172210693; -0.6242672204971313; -0.5654953718185425; 0.9831697940826416; -0.2934514582157135; 
407; -1.1625947952270508; -0.13505718111991882; -0.3265083134174347; -0.5618194937705994; 0.991234540939331; -0.24916596710681915; 
427; -1.673947811126709; -0.2997502088546753; -0.39323508739471436; -0.5387622117996216; 0.9856247305870056; -0.24236463010311127; 
400; -0.8945062160491943; -0.5381416082382202; -0.3949238061904907; -0.5321471095085144; 0.9744189381599426; -0.2775425612926483; 
394; -1.2665746212005615; -0.34353989362716675; -0.503567099571228; -0.6705621480941772; 0.7968344688415527; -0.11837194114923477; 
405; -1.504713773727417; 0.008770018815994263; -0.20790627598762512; -0.5164783596992493; 0.9040701389312744; -0.2489224076271057; 
426; -1.1248283386230469; -0.4177960753440857; -0.28272590041160583; -0.4581705927848816; 0.9603674411773682; -0.14010025560855865; 
438; -1.2999565601348877; -0.25923922657966614; -0.4564487338066101; -0.5225890874862671; 0.8897229433059692; -0.15144436061382294; 
419; -1.6589031219482422; -0.3748130798339844; -0.6588492393493652; -0.38363417983055115; 0.8359377384185791; -0.19780421257019043; 
434; -1.2890524864196777; -0.21222911775112152; -0.9544095993041992; -0.48251137137413025; 0.9732504487037659; 0.027515292167663574; 
381; -1.6284291744232178; -0.24310152232646942; -0.5700139999389648; -0.49275073409080505; 0.9703162908554077; -0.27617591619491577; 
365; -1.8277217149734497; -0.18740589916706085; -1.0674647092819214; -0.4821207523345947; 0.9982378482818604; -0.23698964715003967; 
431; -0.9023963212966919; -0.13568134605884552; -1.006110429763794; -0.3948909640312195; 0.8818806409835815; -0.0712159126996994; 
423; -1.608722448348999; -0.01557379961013794; -0.5162104964256287; -0.6273857951164246; 0.8545016646385193; -0.1378757357597351; 
443; -1.5560078620910645; -0.06222936511039734; -0.6834615468978882; -0.5759108066558838; 1.0415650606155396; -0.02368582785129547; 
442; -1.1381369829177856; -0.30456048250198364; -0.452098548412323; -0.6661436557769775; 1.0786924362182617; -0.06966692209243774; 
444; -1.4229803085327148; -0.326069176197052; -0.6642511487007141; -0.643847644329071; 0.8505757451057434; -0.16504935920238495; 
432; -1.3084063529968262; -0.50017911195755; -0.9013254642486572; -0.5811470746994019; 0.8929693698883057; -0.36586397886276245; 
436; -1.6720020771026611; 0.043181151151657104; -0.775365948677063; -0.6604249477386475; 0.8007124662399292; -0.2514694631099701; 
437; -1.2617939710617065; -0.2650461196899414; -0.6251813173294067; -0.5066568851470947; 0.8403787016868591; -0.18946170806884766; 
439; -1.279120683670044; -0.05255189538002014; -0.4361696243286133; -0.7732732892036438; 0.9074177145957947; -0.20643912255764008; 
445; -1.5429704189300537; -0.2587663531303406; -0.8137168884277344; -0.7354621291160583; 0.8049393892288208; -0.15537519752979279; 
387; -1.2428557872772217; -0.27894318103790283; -0.4761838912963867; -0.6442687511444092; 0.8969346880912781; -0.2673623859882355; 
459; -1.2722930908203125; -0.12475943565368652; -0.251367449760437; -0.4213330149650574; 0.9306725859642029; -0.06675051152706146; 
440; -1.3698371648788452; -0.08159428834915161; -0.4980947971343994; -0.5577281713485718; 0.7967458963394165; -0.2417728751897812; 
401; -1.5888829231262207; -0.16797354817390442; -0.19678829610347748; -0.6358987092971802; 1.1243302822113037; -0.2594612240791321; 
399; -1.62864351272583; -0.44723886251449585; -0.39050304889678955; -0.5118604898452759; 0.9450138807296753; -0.15201334655284882; 
408; -1.414661169052124; 0.16999948024749756; 0.1837652176618576; -0.47948625683784485; 0.9629572033882141; -0.15199148654937744; 
454; -1.2269139289855957; -0.32059305906295776; -0.43479156494140625; -0.5591540932655334; 0.9838264584541321; -0.09715306758880615; 
452; -0.7698260545730591; -0.2162608653306961; -0.7448344826698303; -0.6613858938217163; 0.7638673782348633; -0.08955448865890503; 
468; -2.085787773132324; -0.13909658789634705; -0.6100022196769714; -0.653270423412323; 1.1209710836410522; -0.13247449696063995; 
474; -1.2134783267974854; -0.294727087020874; -0.1543322205543518; -0.6135948896408081; 0.8177260160446167; -0.2129468470811844; 
453; -1.123905897140503; -0.1258862316608429; -0.20156849920749664; -0.4572497010231018; 0.971877932548523; 0.021777279675006866; 
448; -1.121266484260559; 0.15286710858345032; -0.211242213845253; -0.6408795714378357; 0.792394757270813; -0.009874552488327026; 
467; -1.0738017559051514; -0.3290032148361206; -0.8349447250366211; -0.4899521470069885; 0.7983800768852234; -0.15174826979637146; 
441; -1.5357394218444824; -0.3512629270553589; -0.45970815420150757; -0.6394844651222229; 0.8359687924385071; -0.19747000932693481; 
450; -1.2682701349258423; -0.08766132593154907; -0.1388058364391327; -0.4563647508621216; 1.0358868837356567; -0.1497454047203064; 
476; -1.4605836868286133; -0.25589704513549805; -0.5641652345657349; -0.5847457647323608; 0.9275826811790466; -0.12292015552520752; 
480; -2.046238899230957; -0.19051530957221985; -0.2348950207233429; -0.6627705097198486; 0.9672473669052124; -0.12118201702833176; 
416; -1.4369227886199951; -0.06757986545562744; -0.6708270311355591; -0.635554313659668; 0.9589329361915588; -0.16231635212898254; 
457; -1.3352656364440918; -0.3075143098831177; -0.8301582336425781; -0.5541359186172485; 0.8373442888259888; -0.10653816163539886; 
458; -1.0334304571151733; -0.11657625436782837; -0.1963779628276825; -0.4213486313819885; 0.8188925385475159; -0.1141919493675232; 
463; -1.174409031867981; -0.31645774841308594; -0.2076251059770584; -0.6212747097015381; 0.9378852844238281; -0.19972005486488342; 
414; -1.2511484622955322; 0.3316793441772461; -0.12325263023376465; -0.7260890603065491; 0.9340683817863464; -0.22984382510185242; 
470; -1.1467251777648926; 0.16213613748550415; -0.1045614629983902; -0.4308089017868042; 0.8234832286834717; -0.0562104694545269; 
455; -0.8238450288772583; -0.1994248330593109; -0.7507113218307495; -0.6132805943489075; 1.0310660600662231; -0.07556238025426865; 
430; -1.414118766784668; -0.4508313536643982; -0.16915711760520935; -0.585870087146759; 0.7704206109046936; -0.09233613312244415; 
386; -1.6177139282226562; -0.5808585286140442; -0.22771009802818298; -0.5745362639427185; 0.923501193523407; -0.2698848247528076; 
456; -1.2729068994522095; -0.1379357874393463; -0.181523859500885; -0.638974130153656; 0.7940489649772644; -0.2505381107330322; 
449; -1.0735737085342407; -0.44876977801322937; -0.390409380197525; -0.5017262101173401; 0.7869498133659363; -0.10591865330934525; 
466; -1.4943101406097412; -0.7683124542236328; -0.7572754621505737; -0.6320153474807739; 1.0051281452178955; -0.1576658934354782; 
433; -1.471129059791565; -0.22338110208511353; -0.38575875759124756; -0.6161576509475708; 0.9246335029602051; -0.10299356281757355; 
461; -1.707468032836914; -0.6859488487243652; -0.8356859683990479; -0.5518001317977905; 0.9792200326919556; -0.1424255073070526; 
451; -1.467875599861145; -0.34039735794067383; -0.2935962677001953; -0.6046819686889648; 0.9232443571090698; -0.2104032337665558; 
460; -1.6404651403427124; -0.06146630644798279; -0.3774600923061371; -0.65046226978302; 0.9010178446769714; -0.11948715150356293; 
464; -1.1774554252624512; 0.0780998170375824; 0.01641426980495453; -0.6378657221794128; 1.0187480449676514; -0.19600996375083923; 
462; -1.4755878448486328; -0.06087981164455414; -0.5198827981948853; -0.5431884527206421; 0.9390770792961121; -0.09517727792263031; 
469; -1.1226117610931396; 0.20974200963974; -0.5832952857017517; -0.5857422351837158; 0.8085014820098877; -0.02318018674850464; 
487; -1.461437702178955; -0.412397563457489; -0.3222149908542633; -0.5871549248695374; 0.7638152837753296; -0.059294477105140686; 
483; -1.3483996391296387; 0.11600378155708313; -0.3341580033302307; -0.45708686113357544; 1.0200191736221313; -0.22154046595096588; 
447; -1.6592612266540527; -0.15246327221393585; -0.1109544187784195; -0.44628965854644775; 1.067777156829834; -0.20988720655441284; 
477; -1.9927512407302856; -0.21701881289482117; -0.17030921578407288; -0.6438632011413574; 0.9624367356300354; -0.2859351933002472; 
415; -1.303410530090332; -0.12474992871284485; -0.829606831073761; -0.4763205945491791; 0.6602380275726318; -0.15737220644950867; 
472; -1.4123055934906006; 0.042801350355148315; -0.44561442732810974; -0.7231801748275757; 0.9157716035842896; -0.12911495566368103; 
475; -1.468551516532898; -0.20812124013900757; -0.5031932592391968; -0.41026461124420166; 1.0000663995742798; -0.2629626989364624; 
471; -1.5270349979400635; -0.1924121081829071; -0.5582458972930908; -0.5696884393692017; 0.902921199798584; -0.13621410727500916; 
424; -1.2126047611236572; -0.0803881585597992; -0.18076860904693604; -0.450161337852478; 0.9940522909164429; -0.1289297342300415; 
435; -1.0945028066635132; -0.3110535442829132; -0.5847750306129456; -0.5281949043273926; 0.8475005626678467; -0.14251646399497986; 
479; -1.9340176582336426; -0.16064730286598206; -0.3541625142097473; -0.5721522569656372; 0.8954149484634399; -0.0873393639922142; 
496; -1.5719120502471924; -0.3807567358016968; -0.3636862337589264; -0.3947376608848572; 0.9473950862884521; -0.2864938974380493; 
484; -1.4722657203674316; -0.04161927103996277; -0.47984805703163147; -0.3688940703868866; 0.7530809044837952; -0.2275058776140213; 
465; -1.7421953678131104; -0.17533327639102936; -0.3587200939655304; -0.5668397545814514; 0.912765383720398; -0.11530830711126328; 
485; -2.1355528831481934; -0.34110620617866516; -0.3401607573032379; -0.6041644811630249; 0.8754489421844482; -0.1496717929840088; 
486; -1.3474791049957275; -0.3006385564804077; -0.6167550086975098; -0.5325876474380493; 0.858282208442688; -0.14016103744506836; 
473; -1.203572154045105; -0.1471012830734253; -0.5513203144073486; -0.6117119789123535; 0.8648221492767334; -0.15155725181102753; 
491; -1.1662403345108032; -0.39137184619903564; -0.4360288679599762; -0.7541193962097168; 0.8749092817306519; -0.19598236680030823; 
488; -1.6258525848388672; -0.30242079496383667; -0.4763484597206116; -0.46039921045303345; 0.9997076988220215; -0.14361563324928284; 
481; -1.7149807214736938; -0.1975865364074707; -0.7597347497940063; -0.5391333103179932; 0.8092825412750244; -0.12705427408218384; 
429; -1.2402089834213257; 0.1824861615896225; -0.2507398724555969; -0.5158430933952332; 1.113761305809021; -0.12360836565494537; 
446; -0.732720136642456; 0.10505080223083496; -0.48245465755462646; -0.47971421480178833; 0.9432585835456848; -0.19111382961273193; 
493; -1.9019522666931152; -0.4192839562892914; -0.5955648422241211; -0.49082720279693604; 0.8878601789474487; -0.1557978242635727; 
478; -1.3026844263076782; -0.3021385073661804; -0.38076135516166687; -0.6323819160461426; 0.9973867535591125; -0.0989033430814743; 
499; -1.2836260795593262; -0.317127525806427; -0.7660255432128906; -0.5626214742660522; 0.9600082635879517; -0.11093952506780624; 
490; -1.808819055557251; -0.11008045077323914; -0.5166149139404297; -0.5984920263290405; 0.878376841545105; -0.2342188060283661; 
495; -1.11496102809906; 0.05940893292427063; -0.24396912753582; -0.623791515827179; 0.986353874206543; -0.2999061346054077; 
497; -1.3265225887298584; -0.44040265679359436; -0.5068533420562744; -0.48536378145217896; 0.8634287118911743; -0.3028140962123871; 
489; -1.2511262893676758; -0.2058810591697693; -0.6730442643165588; -0.5746439099311829; 0.965431809425354; -0.12579861283302307; 
498; -1.4340579509735107; -0.19194765388965607; -0.39886707067489624; -0.8167959451675415; 0.940527081489563; -0.10235011577606201; 
482; -1.3158905506134033; -0.32777276635169983; -0.25499579310417175; -0.5574967265129089; 1.1285151243209839; -0.03647223860025406; 
492; -1.1773409843444824; -0.20031610131263733; -0.37304162979125977; -0.5255603194236755; 0.9748795032501221; -0.09235566854476929; 
494; -1.8199987411499023; 0.0013610124588012695; -0.37457558512687683; -0.6119771003723145; 0.8965734243392944; -0.1737525314092636; 
