26; -0.16122275590896606; 0.7056957483291626; 0.5686548352241516; -0.19134198129177094; 1.3206075429916382; 0.25267496705055237; 
40; -0.415305495262146; 0.5292530059814453; 0.2242477834224701; -0.2148779332637787; 1.1526819467544556; 0.26683783531188965; 
9; -0.32586658000946045; 0.5590730905532837; 0.2729684114456177; -0.12094451487064362; 1.2835111618041992; 0.0533786416053772; 
35; -0.49016791582107544; 0.7709111571311951; 0.06611359119415283; -0.11341454088687897; 1.1902875900268555; 0.09388159960508347; 
25; -0.20167672634124756; 0.9312346577644348; 0.4315659999847412; -0.3233412504196167; 1.2296829223632812; 0.13150645792484283; 
20; -0.20487111806869507; 0.6085945963859558; 0.5288262367248535; -0.07903459668159485; 1.4927963018417358; 0.14386384189128876; 
3; -0.465934157371521; 0.6599370241165161; 0.4152722656726837; -0.07859981060028076; 1.2770026922225952; 0.0802142322063446; 
39; -0.31437134742736816; 0.7691831588745117; 0.29268619418144226; -0.010790258646011353; 1.5692793130874634; 0.31843578815460205; 
13; -0.08157086372375488; 0.4779367446899414; 0.8012597560882568; -0.30200889706611633; 1.2624952793121338; 0.3912360966205597; 
38; -0.6739464402198792; 0.7154743671417236; 0.1648731231689453; -0.290924072265625; 1.2474815845489502; -0.003630906343460083; 
29; -0.11583691835403442; 0.39773887395858765; 0.47751861810684204; -0.12297040224075317; 1.2097151279449463; 0.22923195362091064; 
21; -0.157656729221344; 0.5909819006919861; 0.6159796714782715; -0.14673234522342682; 1.0456568002700806; 0.34609758853912354; 
0; -0.2563946545124054; 0.7080594301223755; 0.3726760149002075; -0.3875991106033325; 1.2994391918182373; 0.25236767530441284; 
49; -0.5213191509246826; 0.6390371322631836; 0.3939066231250763; -0.3377978801727295; 1.2843811511993408; 0.20322132110595703; 
33; -0.19101977348327637; 0.5463407039642334; 0.5722876787185669; -0.19230134785175323; 1.1378567218780518; 0.23220589756965637; 
6; -0.16414013504981995; 0.4261004328727722; 0.114728182554245; -0.19818177819252014; 1.2886903285980225; 0.26087695360183716; 
24; -0.33993959426879883; 0.745598554611206; 0.6618671417236328; -0.033507317304611206; 1.3049535751342773; 0.28898337483406067; 
37; -0.910291314125061; 0.5927200317382812; 0.2786944508552551; -0.17614960670471191; 1.2388529777526855; 0.24216794967651367; 
19; -0.3380763530731201; 0.33282896876335144; 0.3853570222854614; -0.21428629755973816; 1.4265817403793335; 0.09696103632450104; 
7; -0.9767084121704102; 0.5546315908432007; 0.6989009380340576; -0.15569517016410828; 1.3290941715240479; 0.17138713598251343; 
43; -0.15634474158287048; 0.5949193239212036; 0.6710354089736938; -0.34818097949028015; 1.189468264579773; -0.013764828443527222; 
41; -0.33315736055374146; 0.7451515793800354; 0.5606695413589478; -0.2759937345981598; 1.187692642211914; 0.33170634508132935; 
28; -0.20893090963363647; 0.6602423191070557; 0.3318595290184021; -0.2145799845457077; 1.3104498386383057; 0.07020442187786102; 
15; -0.9790546298027039; 0.6129996180534363; 0.38302770256996155; -0.26744961738586426; 1.159727692604065; 0.09108336269855499; 
10; -0.1387074589729309; 0.5598429441452026; 0.25509998202323914; -0.11871697008609772; 1.3033548593521118; 0.19707177579402924; 
36; -0.23714226484298706; 0.6329976320266724; 0.4065954089164734; -0.18184547126293182; 1.1413496732711792; 0.21766957640647888; 
47; -0.23682940006256104; 0.7091438174247742; 0.4236975908279419; -0.25024932622909546; 1.1345798969268799; 0.1930139809846878; 
18; -0.8041359782218933; 0.5366339087486267; -0.07476884126663208; -0.1861153095960617; 1.152543067932129; 0.2114509791135788; 
46; -0.9514226913452148; 0.6094814538955688; 0.6651771068572998; -0.24647629261016846; 1.1979613304138184; 0.10161149501800537; 
8; 0.05633670091629028; 0.44463902711868286; 0.4318225383758545; -0.2186310887336731; 1.6955208778381348; 0.4046773910522461; 
23; -0.12460216879844666; 0.2938271164894104; 0.2124721258878708; -0.37783634662628174; 1.4520173072814941; 0.2848581075668335; 
34; -0.13612526655197144; 0.7089864611625671; 0.5423316359519958; -0.2974732220172882; 1.314233422279358; 0.028973430395126343; 
2; -0.30972617864608765; 0.653256356716156; 0.632602870464325; -0.009301811456680298; 1.1979343891143799; 0.22539886832237244; 
4; -0.5506976246833801; 0.5031940937042236; 0.16747650504112244; -0.24683165550231934; 1.2322773933410645; 0.11278626322746277; 
48; -0.42036938667297363; 0.4784533381462097; 0.5929234027862549; -0.2542574107646942; 1.353066325187683; 0.045358508825302124; 
30; -0.24109748005867004; 0.388839989900589; 0.19644612073898315; -0.09091661870479584; 1.3726006746292114; 0.27302342653274536; 
5; -0.5344441533088684; 0.625453531742096; 0.5457258224487305; -0.3059489130973816; 1.3615610599517822; 0.11040635406970978; 
14; -0.0996904969215393; 0.6973203420639038; 0.7841814756393433; -0.18770483136177063; 1.270470142364502; 0.12637445330619812; 
22; -0.4850800633430481; 0.3195711672306061; 0.1393246203660965; -0.140005961060524; 1.103797197341919; 0.17489738762378693; 
42; -0.6284027695655823; 0.34382349252700806; -0.08168742060661316; -0.2689327001571655; 1.286716341972351; 0.03644337132573128; 
45; 0.22868144512176514; 0.694634199142456; 0.5904180407524109; -0.10568396747112274; 1.3174809217453003; 0.39423492550849915; 
11; -0.5629174709320068; 0.4096408784389496; 0.43408551812171936; -0.08552765846252441; 1.1349252462387085; 0.1547045260667801; 
27; -0.5391008257865906; 0.7278326749801636; 0.38105809688568115; -0.1165127158164978; 1.3576065301895142; 0.31344103813171387; 
17; -0.279044508934021; 0.7390967011451721; 0.0792090892791748; -0.21424905955791473; 1.1637579202651978; 0.20583069324493408; 
1; -0.47384530305862427; 0.8132204413414001; 0.22353768348693848; -0.24013973772525787; 1.3739354610443115; 0.11236264556646347; 
32; -0.20517641305923462; 0.250508189201355; 0.3755151927471161; -0.17017391324043274; 1.22569739818573; 0.1690109372138977; 
12; -0.5315628051757812; 0.8273775577545166; 0.4923282861709595; -0.14197182655334473; 1.3407937288284302; 0.49347466230392456; 
16; -0.5711089372634888; 1.0188179016113281; 0.4705538749694824; -0.3181491494178772; 1.3829805850982666; 0.11123479902744293; 
44; -0.041595518589019775; 0.7413672208786011; 0.6855193376541138; -0.19037625193595886; 1.4132317304611206; 0.2659246623516083; 
31; -0.2679077386856079; 0.558530867099762; 0.07519495487213135; -0.2127464860677719; 1.2970197200775146; 0.1531265527009964; 
50; 0.012543797492980957; 1.0100958347320557; 0.3253946900367737; -0.34984511137008667; 1.1251782178878784; 0.36091941595077515; 
88; -0.49822837114334106; 0.567571222782135; 0.3028404712677002; -0.14814820885658264; 1.439717411994934; 0.2388257086277008; 
51; -0.5044164657592773; 0.48773929476737976; 0.43461278080940247; -0.2114502191543579; 1.2812418937683105; 0.17046746611595154; 
54; -0.3943798542022705; 0.48506641387939453; 0.3064279854297638; -0.19046522676944733; 1.2746198177337646; -0.01360146701335907; 
52; -0.30741584300994873; 0.6671884059906006; 0.3370033800601959; -0.019930154085159302; 1.177283763885498; 0.1261810064315796; 
59; -0.5272630453109741; 0.6728181838989258; 0.3661006689071655; -0.2973644435405731; 1.4076604843139648; 0.1544623076915741; 
95; -0.14546355605125427; 0.38646402955055237; 0.6112686395645142; -0.31398963928222656; 1.3925241231918335; 0.17988131940364838; 
96; -0.3306947946548462; 0.48375362157821655; 0.3388139307498932; -0.27692973613739014; 1.1872789859771729; 0.04170013964176178; 
100; -0.29858285188674927; 0.6180516481399536; 0.5882019996643066; -0.20905889570713043; 1.0242621898651123; 0.19759708642959595; 
56; -0.7392719984054565; 0.12514951825141907; 0.10518807172775269; -0.3029260039329529; 1.1853272914886475; 0.11348260194063187; 
94; -0.10701256990432739; 0.45371419191360474; 0.4270053505897522; -0.12068066000938416; 1.4461272954940796; -0.021118029952049255; 
97; -0.7625066637992859; 0.9162110686302185; 0.3273482620716095; -0.3367599844932556; 1.1197807788848877; 0.11257629841566086; 
98; -0.4209650158882141; 0.5006809234619141; 0.49202096462249756; -0.2748391628265381; 1.3612749576568604; 0.24360564351081848; 
63; -0.5086640119552612; 0.9305362701416016; 0.6137147545814514; -0.30155396461486816; 1.506514072418213; 0.2008678913116455; 
58; -0.25562745332717896; 0.42097312211990356; 0.4681055247783661; -0.43350648880004883; 1.3154748678207397; 0.1803109049797058; 
57; -0.6663129329681396; 0.3417258560657501; 0.1716092973947525; -0.24523292481899261; 1.2660048007965088; 0.25337642431259155; 
65; -0.05395227670669556; 0.6714924573898315; 0.45679971575737; -0.2624186873435974; 1.3899521827697754; 0.09628158062696457; 
60; -0.6169476509094238; 0.5160723328590393; 0.602491557598114; -0.20264983177185059; 1.332611083984375; 0.2878797650337219; 
62; -0.3218321204185486; 0.34358200430870056; 0.28697821497917175; -0.167647123336792; 1.1313960552215576; 0.20583471655845642; 
61; -0.23368921875953674; 0.2262648195028305; 0.5642734169960022; -0.49080127477645874; 1.3686798810958862; 0.27302664518356323; 
64; -0.0888599157333374; 0.6167486906051636; 0.3100470304489136; -0.14985761046409607; 1.640370488166809; 0.22002290189266205; 
91; -0.4940209984779358; 0.8265843391418457; 0.2317141443490982; -0.14489765465259552; 1.171568751335144; 0.07648234814405441; 
89; -0.5986415147781372; 0.7560019493103027; 0.2698853015899658; -0.16431285440921783; 1.3451337814331055; 0.0651342049241066; 
92; 0.04569506645202637; 0.74917072057724; 0.622047483921051; -0.11085334420204163; 1.2600281238555908; 0.298071950674057; 
71; -0.46396833658218384; 0.9961472749710083; 0.29707562923431396; -0.18395766615867615; 1.3138707876205444; 0.3574635684490204; 
76; 0.00381624698638916; 0.511404812335968; 0.8603756427764893; -0.2692261338233948; 1.3399593830108643; 0.22181394696235657; 
93; -0.1958191990852356; 0.7145637273788452; 0.3686273694038391; -0.13338029384613037; 1.3079533576965332; 0.15782271325588226; 
90; -0.28031474351882935; 0.18591514229774475; 0.4194762110710144; -0.1442394107580185; 1.107810378074646; 0.25057050585746765; 
77; -0.4552028775215149; 0.3761206269264221; 0.39641788601875305; -0.12935049831867218; 1.3383352756500244; 0.22297599911689758; 
86; -0.5066899061203003; 0.984788179397583; 0.18865713477134705; -0.1467527449131012; 1.351184606552124; 0.1341569721698761; 
82; -0.5723597407341003; 0.9311898946762085; 0.8877812623977661; -0.3513934910297394; 1.5790057182312012; 0.2738508880138397; 
69; -0.4066964387893677; 0.6312872171401978; 0.21983280777931213; -0.1653846651315689; 1.1405774354934692; 0.35296112298965454; 
53; -0.6171735525131226; 0.20479921996593475; 0.27609992027282715; -0.15044717490673065; 1.4055911302566528; 0.05328190326690674; 
84; -0.7618519067764282; 0.7923762798309326; 0.14968928694725037; -0.1799652874469757; 1.2030819654464722; 0.15395520627498627; 
70; -0.23810410499572754; 0.7142828702926636; 0.047195613384246826; -0.2406390905380249; 1.1845213174819946; 0.05006903409957886; 
81; -0.1265067458152771; 0.6300367116928101; 0.24068966507911682; -0.15445858240127563; 1.5005854368209839; 0.20012342929840088; 
74; -0.18268775939941406; 0.894722580909729; 0.7139104604721069; -0.3004923462867737; 1.3033947944641113; 0.21437866985797882; 
79; -0.06716293096542358; 0.6397188305854797; 0.3069748282432556; -0.17023921012878418; 1.3720747232437134; 0.35026925802230835; 
78; -0.2470359206199646; 0.27335506677627563; 0.6257654428482056; -0.08789569139480591; 1.2915021181106567; 0.3247906565666199; 
73; -0.47707998752593994; 0.48332011699676514; 0.3969055712223053; -0.2970457673072815; 1.3429659605026245; 0.1826002448797226; 
87; -0.3102494776248932; 0.5441228151321411; 0.4831077456474304; -0.13156549632549286; 1.5424222946166992; 0.14198704063892365; 
80; -0.08448100090026855; 0.7135334014892578; 0.4828285574913025; -0.1968221217393875; 1.3011040687561035; 0.1798180341720581; 
99; -0.29008108377456665; 0.6965928673744202; 0.10366475582122803; -0.3309345841407776; 1.3343690633773804; 0.33331942558288574; 
72; -0.45449990034103394; 0.3079434633255005; 0.16144564747810364; -0.26846843957901; 1.2635233402252197; 0.10335086286067963; 
75; -0.5821241140365601; 0.18469342589378357; 0.37859711050987244; -0.12265662848949432; 1.6167558431625366; 0.15964172780513763; 
66; -0.3929513096809387; 0.45237529277801514; 0.39547574520111084; -0.2567092776298523; 1.466054916381836; 0.1984507441520691; 
55; -0.8766754865646362; 0.7087842226028442; 0.6288486123085022; -0.42674899101257324; 1.306063175201416; 0.21217034757137299; 
67; -0.6095827221870422; 0.34856271743774414; 0.6461048126220703; -0.21508191525936127; 1.286381721496582; 0.13713793456554413; 
68; -0.12802064418792725; 0.6336403489112854; 0.4274124205112457; -0.1907225400209427; 1.4136556386947632; 0.3014456629753113; 
85; -0.09066122770309448; 0.8033056259155273; 0.22010844945907593; -0.13267295062541962; 1.2269235849380493; -0.10221877694129944; 
102; -0.22116583585739136; 0.5962589383125305; 0.5400411486625671; -0.201873317360878; 1.5129958391189575; 0.2619413137435913; 
101; -0.1716574728488922; 0.5673657655715942; 0.5798460841178894; -0.09073199331760406; 1.1248507499694824; 0.17084217071533203; 
83; -0.4916679561138153; 0.4129890203475952; 0.18094876408576965; -0.11702392995357513; 1.2698572874069214; 0.13731370866298676; 
112; -0.6283263564109802; 0.157694011926651; -0.1343509703874588; -0.23486757278442383; 1.1814074516296387; 0.04156886413693428; 
109; -0.5259219408035278; 0.6064710021018982; 0.7506134510040283; -0.30063992738723755; 1.3433010578155518; 0.14850462973117828; 
105; 0.03959164023399353; 0.4707232117652893; 0.5666190385818481; -0.34590214490890503; 1.3690484762191772; 0.11602024734020233; 
117; -0.5165289640426636; 0.5133619904518127; 0.04986897110939026; -0.25611311197280884; 1.1874479055404663; 0.2515154480934143; 
107; -0.21362972259521484; 0.7898482084274292; 0.3556407690048218; -0.1463979333639145; 1.3071547746658325; 0.15293195843696594; 
119; -0.748920738697052; 0.6281927824020386; 0.22605250775814056; -0.31113922595977783; 1.0774239301681519; -0.06409645080566406; 
114; -0.3902568817138672; 0.7068162560462952; 0.240667462348938; -0.17158812284469604; 1.1422083377838135; 0.2444734424352646; 
108; -0.18110430240631104; 0.8574011325836182; 0.5307511687278748; -0.2759570777416229; 1.325627088546753; 0.2161680907011032; 
111; -0.7241211533546448; 0.44154900312423706; 0.3444511592388153; -0.03502918779850006; 1.3370590209960938; 0.30476200580596924; 
116; -0.1581021547317505; 0.7868578433990479; 0.42347806692123413; -0.19274955987930298; 1.146349310874939; 0.026076316833496094; 
130; -0.49382585287094116; 0.8559990525245667; 0.24685992300510406; -0.10022497177124023; 1.3217813968658447; 0.09850877523422241; 
113; -0.48874610662460327; 0.5311534404754639; 0.5713881850242615; -0.18565131723880768; 1.396323561668396; 0.34228694438934326; 
103; -0.23596903681755066; 0.8320666551589966; 0.3385103940963745; -0.19854146242141724; 1.1915699243545532; 0.08730281889438629; 
115; -0.1432618498802185; 0.5290514826774597; 0.3919529914855957; -0.1663694679737091; 1.3251771926879883; 0.34238237142562866; 
110; 0.018521606922149658; 0.6600251793861389; 0.3543878495693207; -0.12561890482902527; 1.408703327178955; 0.4903564453125; 
118; -0.1766788363456726; 1.0222482681274414; 0.5013105869293213; -0.2199147343635559; 1.2478201389312744; 0.12942318618297577; 
106; -0.5761508345603943; 0.5151938199996948; 0.6486014723777771; -0.18194110691547394; 1.46296226978302; 0.3347327411174774; 
129; -0.8370952606201172; 0.35441315174102783; 0.10787874460220337; -0.155538409948349; 1.526819109916687; 0.3463032841682434; 
131; -0.25073525309562683; 0.4143691956996918; 0.6214597821235657; -0.1244753897190094; 1.316927433013916; 0.1497001200914383; 
123; -0.6362478733062744; 0.9058502912521362; 0.32525739073753357; -0.3332032859325409; 1.2352931499481201; -0.014883384108543396; 
121; -0.33492428064346313; 0.534302830696106; 0.09362390637397766; -0.23184990882873535; 1.2344245910644531; 0.3321738541126251; 
124; -0.5746486186981201; 0.8563490509986877; 0.3521044850349426; -0.13239675760269165; 1.1814512014389038; 0.08889667689800262; 
122; -0.23035269975662231; 0.4490702152252197; 0.13595658540725708; -0.24803254008293152; 1.2334336042404175; 0.27573108673095703; 
125; -0.8547396063804626; 0.8701362609863281; 0.3359869718551636; -0.09060482680797577; 1.089028239250183; 0.33741945028305054; 
128; -0.36509937047958374; 0.7611390948295593; -0.0028205811977386475; -0.29474860429763794; 1.200305700302124; 0.20489364862442017; 
147; -0.374686062335968; 0.8492743968963623; 0.7896612286567688; -0.2580430805683136; 1.4866256713867188; 0.24928894639015198; 
126; -0.6854269504547119; 0.7755595445632935; 0.013219058513641357; -0.11442211270332336; 1.0369690656661987; 0.2385694533586502; 
120; -0.4889640212059021; 0.6085151433944702; 0.10577751696109772; -0.2398548722267151; 1.2733532190322876; 0.10779997706413269; 
127; -1.0107228755950928; 0.4374176263809204; 0.43555405735969543; -0.14797507226467133; 1.3075087070465088; 0.13995461165905; 
148; -0.03482234477996826; 0.6045128107070923; 0.43401044607162476; -0.1233837753534317; 1.322943925857544; 0.19103364646434784; 
136; -0.5324618816375732; 0.6557458639144897; 0.6132811307907104; -0.2340061366558075; 1.341869592666626; 0.059212714433670044; 
132; -0.10484027862548828; 0.3111463785171509; -0.019927561283111572; -0.4994657039642334; 1.4846397638320923; 0.26475822925567627; 
146; -0.39472681283950806; 0.8483075499534607; 0.5301584005355835; -0.1455472856760025; 1.3573747873306274; 0.2484128177165985; 
135; -0.5986482501029968; 0.42708298563957214; 0.5311728119850159; -0.10522444546222687; 1.2349143028259277; 0.1552247703075409; 
144; -0.4545144736766815; 0.6106508374214172; 0.30998674035072327; -0.1741834580898285; 1.3713346719741821; 0.22646673023700714; 
104; 0.010269075632095337; 0.471998929977417; 0.3627465069293976; -0.1589595228433609; 1.4432662725448608; -0.03247782588005066; 
137; -0.5498504638671875; 0.7089968919754028; 0.29717135429382324; -0.20706303417682648; 1.30608332157135; 0.11223738640546799; 
134; -0.6782498359680176; 0.15176522731781006; 0.6628262400627136; -0.14600129425525665; 1.3406000137329102; 0.30213260650634766; 
133; -0.4908817410469055; 0.6496719717979431; 0.2898949980735779; -0.19242233037948608; 1.2623565196990967; 0.17858657240867615; 
141; -0.18415451049804688; 0.5406626462936401; 0.4355171024799347; -0.10546435415744781; 1.322792649269104; 0.3153560161590576; 
138; -0.1428685188293457; 0.5539031624794006; 0.3420109450817108; -0.14130623638629913; 1.4278810024261475; 0.2241942584514618; 
142; 0.046386659145355225; 0.5870540142059326; 0.6119802594184875; -0.30203258991241455; 1.1488351821899414; 0.051203012466430664; 
152; 0.07740247249603271; 0.60710209608078; 0.010204613208770752; -0.3245794475078583; 1.2468807697296143; 0.009483829140663147; 
140; -0.36588743329048157; 0.9459038972854614; 0.23811733722686768; -0.3628522753715515; 1.3484103679656982; 0.3009924292564392; 
145; -0.47139179706573486; 0.5441677570343018; 0.44784900546073914; -0.15023691952228546; 1.1184489727020264; 0.187699556350708; 
154; -0.14627373218536377; 0.7912382483482361; 0.7969257235527039; -0.2913905382156372; 1.4010366201400757; 0.4232209622859955; 
153; -0.8813232183456421; 0.4788961708545685; 0.3855897784233093; -0.23587852716445923; 1.1199336051940918; 0.125412717461586; 
150; 0.09488427639007568; 0.6005463004112244; 0.4650198221206665; -0.19786302745342255; 1.3888790607452393; 0.2196999043226242; 
167; -0.04972338676452637; 0.7905904054641724; 0.506552517414093; -0.20765040814876556; 1.5335534811019897; 0.3827376961708069; 
159; -0.16044080257415771; 0.3760989010334015; 0.41350823640823364; -0.19003120064735413; 1.5096427202224731; 0.1382128894329071; 
158; -0.1154944896697998; 0.16038954257965088; 0.3458026051521301; -0.21394523978233337; 1.5515601634979248; 0.13909447193145752; 
169; -0.8425931930541992; 0.6685125231742859; 0.31668999791145325; -0.1764230877161026; 1.2581156492233276; 0.05004988610744476; 
166; -0.16301816701889038; 0.2369043231010437; 0.6302270889282227; -0.33540892601013184; 1.3428750038146973; 0.14371246099472046; 
165; -0.66679447889328; 0.8488409519195557; 0.17307695746421814; -0.024161726236343384; 1.4041708707809448; 0.24163247644901276; 
151; 0.049065858125686646; 0.9264464974403381; 0.8652077913284302; -0.17277559638023376; 1.4680999517440796; 0.2419969141483307; 
168; -0.24567806720733643; 0.8351503610610962; 0.8211174607276917; -0.23664072155952454; 1.3285160064697266; 0.20346613228321075; 
175; -0.46024203300476074; 0.7412117123603821; 0.20838376879692078; -0.22677363455295563; 1.2521660327911377; 0.18188023567199707; 
143; -0.08115553855895996; 0.7494954466819763; 0.2737802267074585; -0.12749868631362915; 1.17478609085083; 0.33821341395378113; 
139; -0.10620620846748352; 0.3831852972507477; 0.49774041771888733; -0.19150324165821075; 1.3458521366119385; 0.12717270851135254; 
162; -0.06737059354782104; 0.6720865964889526; 0.44580358266830444; -0.18747974932193756; 1.2529006004333496; 0.3108895719051361; 
163; -0.490001916885376; 0.39974352717399597; -0.00784561038017273; -0.3996710777282715; 1.4135401248931885; 0.17002606391906738; 
170; -0.586959958076477; 0.9265520572662354; 0.5224305987358093; -0.28923648595809937; 1.4024966955184937; 0.09928591549396515; 
171; -0.1655898094177246; 0.4124251902103424; 0.44419264793395996; -0.1516769379377365; 1.5235844850540161; 0.3967926502227783; 
180; 0.03711095452308655; 0.40852445363998413; 0.6902831792831421; -0.24162615835666656; 1.3372809886932373; 0.08589048683643341; 
160; -0.07648485898971558; 0.16722849011421204; 0.3107529878616333; -0.034708693623542786; 1.3632787466049194; 0.23065896332263947; 
164; -0.1578255593776703; 0.8727626800537109; 0.1529335081577301; -0.1671208292245865; 1.5514650344848633; 0.07797642052173615; 
157; -0.37222999334335327; 0.7105875611305237; -0.16383376717567444; -0.15530025959014893; 1.2224431037902832; 0.1532711684703827; 
156; -0.18153250217437744; 0.6033523678779602; 0.31170010566711426; -0.1323847472667694; 1.2490342855453491; 0.11446969956159592; 
192; -0.34368279576301575; 0.4477572441101074; 0.21480347216129303; -0.2905939519405365; 1.2256487607955933; 0.025286294519901276; 
188; -0.2138535976409912; 0.8689576387405396; 0.4401797354221344; -0.34016290307044983; 1.2288143634796143; 0.290383905172348; 
181; -0.18024325370788574; 0.6656453609466553; 0.3778330087661743; -0.1810275912284851; 1.2889807224273682; 0.3399677276611328; 
177; -0.33977651596069336; 0.5383266806602478; 0.5699941515922546; -0.27748847007751465; 1.512692928314209; 0.08380444347858429; 
191; -0.3411223888397217; 0.20479705929756165; 0.4103366732597351; -0.1402740329504013; 1.4522881507873535; 0.13763712346553802; 
184; -0.27562493085861206; 0.7564135789871216; 0.685335099697113; -0.05218219757080078; 1.2367093563079834; 0.2560604214668274; 
183; -0.32905375957489014; 0.9142357110977173; 0.2670096158981323; -0.2986093759536743; 1.2153459787368774; 0.30608290433883667; 
193; -0.5810685753822327; 0.35758453607559204; 0.5577508211135864; -0.11978530883789062; 1.2878649234771729; 0.22443731129169464; 
186; -0.2633492946624756; 0.9732113480567932; 0.6419162750244141; -0.21753385663032532; 1.3219928741455078; 0.32501649856567383; 
161; -0.29946184158325195; 1.0047667026519775; 0.33012670278549194; 0.021507859230041504; 1.348603367805481; 0.38083353638648987; 
189; -0.023634612560272217; 0.4231491684913635; 0.41364237666130066; -0.20000381767749786; 1.4034439325332642; 0.03493192791938782; 
194; -0.6402133107185364; 0.7674534320831299; 0.46762406826019287; -0.3102380931377411; 1.2035428285598755; 0.10596229881048203; 
174; -0.15922367572784424; 0.9677697420120239; 0.2965187728404999; -0.19144883751869202; 1.502883791923523; 0.06198270618915558; 
173; 0.05069035291671753; 0.9227988719940186; 0.4197620749473572; -0.19616763293743134; 1.3695552349090576; 0.040720731019973755; 
172; -0.04746603965759277; 0.5915518999099731; 0.4981219172477722; -0.21129290759563446; 1.1477668285369873; 0.18121914565563202; 
179; -0.22696709632873535; 0.6599330306053162; 0.5681577920913696; -0.1905638724565506; 1.4403597116470337; 0.24368621408939362; 
187; -0.015208244323730469; 0.8734351396560669; 0.14898976683616638; -0.026656150817871094; 1.3709734678268433; 0.2809130549430847; 
176; -0.18872380256652832; 0.7272067070007324; 0.1658283919095993; -0.34242257475852966; 1.1252565383911133; 0.15380434691905975; 
185; -0.23057499527931213; 0.3946356773376465; 0.36714968085289; -0.30990928411483765; 1.1032061576843262; 0.23845016956329346; 
195; -0.5028380751609802; 0.7028329372406006; 0.7177457809448242; -0.1525670289993286; 1.2000818252563477; 0.22997015714645386; 
155; -0.06712955236434937; 0.5729818344116211; 0.43228644132614136; -0.27463749051094055; 1.38144850730896; 0.2846820652484894; 
190; -0.3487604856491089; 0.6996318101882935; 0.396107017993927; -0.20788468420505524; 1.2004194259643555; 0.22262710332870483; 
197; -0.5091672539710999; 0.8700540065765381; 0.11052663624286652; -0.3226597309112549; 1.0705420970916748; 0.1111852377653122; 
178; 0.09043878316879272; 0.46888917684555054; 0.040346622467041016; -0.2874247431755066; 1.1884111166000366; 0.1900440901517868; 
199; -0.8801211714744568; 0.4984380006790161; 0.33888670802116394; -0.07856598496437073; 1.2873013019561768; 0.1474367082118988; 
198; -0.3532456159591675; 0.6958059072494507; 0.47611185908317566; -0.024458304047584534; 1.2909505367279053; 0.22199943661689758; 
196; -0.1990312933921814; 0.4157022535800934; 0.09827587008476257; -0.187704935669899; 1.345440149307251; 0.1577528566122055; 
200; -0.5456572771072388; 0.20967595279216766; 0.7068536281585693; -0.35797104239463806; 1.315632700920105; 0.17193485796451569; 
182; 0.006604492664337158; 1.1669061183929443; 0.6383593082427979; -0.1363343894481659; 1.292765736579895; 0.062447309494018555; 
149; -0.5143991112709045; 0.6940551996231079; 0.7280715703964233; -0.25598806142807007; 1.213000774383545; 0.30306708812713623; 
213; -0.2687617540359497; 0.3312472701072693; 0.3149452805519104; -0.3574832081794739; 1.1930630207061768; 0.17793282866477966; 
241; -0.14242321252822876; 0.6698925495147705; 0.7139631509780884; -0.07463212311267853; 1.3029764890670776; 0.20091348886489868; 
202; -0.14786666631698608; 0.572608232498169; 0.10672977566719055; -0.1681048423051834; 1.2482753992080688; 0.20405185222625732; 
212; -0.35606127977371216; 0.9433010816574097; 0.29677438735961914; -0.4327181577682495; 1.3534753322601318; 0.33724236488342285; 
223; -0.08297088742256165; 0.7522996664047241; 0.13863041996955872; -0.2781871557235718; 1.4999510049819946; -0.10106067359447479; 
240; -0.4711926579475403; 0.9332123398780823; 0.8133869171142578; -0.24182522296905518; 1.5717312097549438; 0.21811719238758087; 
204; -0.37104564905166626; 0.4696410894393921; 0.4388943910598755; -0.12893113493919373; 1.1421228647232056; 0.17740771174430847; 
200; -0.5456573367118835; 0.20967595279216766; 0.7068538069725037; -0.3579710125923157; 1.3156325817108154; 0.17193485796451569; 
244; -0.4844505786895752; 0.16667594015598297; 0.13066554069519043; -0.33532774448394775; 1.1124701499938965; 0.14491817355155945; 
221; -0.5417616367340088; 0.5037317276000977; 0.4101461172103882; -0.2488783299922943; 1.44892156124115; 0.14464983344078064; 
205; -0.4772815406322479; 0.32790154218673706; 0.14573830366134644; -0.2128656506538391; 1.3356863260269165; 0.13240328431129456; 
216; -0.7621586918830872; 0.5690963268280029; 0.4416656792163849; -0.1486404836177826; 1.2959085702896118; 0.19405511021614075; 
224; 0.05187663435935974; 0.8255904912948608; 0.5282704830169678; -0.09342558681964874; 1.3092283010482788; -0.00014641880989074707; 
226; -0.02632772922515869; 0.7629655599594116; 0.7057023048400879; -0.3190767168998718; 1.3714812994003296; 0.36085402965545654; 
237; -0.9956275224685669; 0.5656173229217529; 0.3105069398880005; -0.30029046535491943; 1.3378822803497314; 0.1250242292881012; 
248; -0.3243473470211029; 0.4240029454231262; 0.6301380395889282; -0.15284833312034607; 1.2756413221359253; 0.20738662779331207; 
236; -0.32895535230636597; 0.4572491943836212; 0.11538760364055634; -0.40294313430786133; 1.1336455345153809; 0.15764537453651428; 
227; -0.26587945222854614; 0.7983795404434204; 0.4963143765926361; -0.238567516207695; 1.5335811376571655; 0.19995440542697906; 
243; -0.7218263149261475; 0.557597815990448; 0.28666889667510986; -0.21043843030929565; 1.2305760383605957; 0.11990176141262054; 
238; -0.5425561666488647; 0.7299784421920776; 0.4411461651325226; -0.26408717036247253; 1.216670036315918; 0.0761839896440506; 
214; -0.17709624767303467; 0.5365960597991943; 0.28846192359924316; -0.03190784156322479; 1.3217142820358276; 0.1737806349992752; 
206; -0.27229398488998413; 0.7865231037139893; 0.7720115184783936; -0.4097707271575928; 1.3702726364135742; 0.13969412446022034; 
231; -0.7976149320602417; 0.7455257177352905; -0.18845874071121216; -0.24869059026241302; 1.5227315425872803; 0.20867665112018585; 
229; -0.34853285551071167; 0.740622878074646; 0.2800849676132202; -0.2768319547176361; 1.204136848449707; 0.27526888251304626; 
228; -0.3761802911758423; 0.5520120859146118; 0.6185557246208191; -0.28239816427230835; 1.4281904697418213; 0.1454392969608307; 
234; -0.04518765211105347; 0.39386120438575745; 0.21932941675186157; -0.12776818871498108; 1.3225377798080444; 0.15759290754795074; 
235; -0.47516024112701416; 0.35095393657684326; 0.37404102087020874; -0.12189298123121262; 1.2300611734390259; 0.09605313092470169; 
251; -0.36227479577064514; 0.5152016878128052; 0.2839192748069763; -0.19878549873828888; 1.1349540948867798; -0.060299620032310486; 
225; -0.23182415962219238; 0.8914585113525391; 0.4063633978366852; -0.22450615465641022; 1.3735337257385254; 0.22726431488990784; 
209; -0.9147166013717651; 0.5011005401611328; 0.23013630509376526; -0.5207849740982056; 1.1291755437850952; 0.11330796778202057; 
253; -0.2437281310558319; 0.7380155920982361; 0.3820689022541046; -0.24229387938976288; 1.4964425563812256; 0.2613297402858734; 
261; -0.20618289709091187; 0.645389199256897; 0.4690616726875305; -0.18364223837852478; 1.1707085371017456; 0.1812497079372406; 
220; -0.30211544036865234; 0.5695329308509827; 0.3374597430229187; -0.20528028905391693; 1.3488287925720215; 0.36919814348220825; 
207; -0.3290015459060669; 0.6040003299713135; 0.3653396964073181; -0.2500411868095398; 1.1522237062454224; 0.1773587316274643; 
239; -0.8194965720176697; 0.4014371335506439; 0.6338096857070923; -0.024717435240745544; 1.2731232643127441; 0.0945596992969513; 
245; -0.29047155380249023; 0.6754531860351562; 0.4510357677936554; -0.2684410810470581; 1.2264121770858765; 0.1650395542383194; 
222; -0.06290844082832336; 0.7029592394828796; 0.13680097460746765; -0.11142954230308533; 1.370535969734192; 0.20427602529525757; 
256; -0.7560741305351257; 0.4164941608905792; 0.6244086027145386; -0.24040593206882477; 1.201899528503418; 0.19405509531497955; 
258; -0.14453548192977905; 0.41936251521110535; 0.2937157154083252; -0.39268895983695984; 1.3722890615463257; 0.2166091799736023; 
215; -0.29477351903915405; 0.6447999477386475; 0.4647945761680603; -0.3827205300331116; 1.1409393548965454; 0.356320321559906; 
219; -0.38687556982040405; 0.6504788398742676; 0.35732609033584595; -0.27380305528640747; 1.3524360656738281; -0.11793068051338196; 
218; -0.5404934883117676; 0.3908730149269104; 0.5835443139076233; -0.1240549385547638; 1.1845589876174927; 0.1918262094259262; 
210; -0.311931848526001; 0.8137325644493103; 0.3083796203136444; -0.2709929943084717; 1.2347283363342285; 0.16726037859916687; 
208; -0.3245898485183716; 0.5075167417526245; 0.48260068893432617; -0.27968156337738037; 1.2538669109344482; 0.09837983548641205; 
275; -0.37308183312416077; 0.6580336093902588; 0.22454634308815002; -0.2536052167415619; 1.234357476234436; 0.040378689765930176; 
264; -0.2978059649467468; 0.38384997844696045; 0.24868318438529968; -0.1912040263414383; 1.3704860210418701; 0.20880627632141113; 
203; -0.29394182562828064; 0.7188094854354858; 0.33333903551101685; -0.1350233554840088; 1.3997035026550293; 0.1771204024553299; 
246; -0.6430981159210205; 0.7618405818939209; 0.6616873145103455; -0.24941661953926086; 1.2928959131240845; 0.11395955085754395; 
249; -0.21093499660491943; 0.5913856625556946; 0.40201127529144287; -0.43930912017822266; 1.4651992321014404; 0.403547465801239; 
232; 0.10422176122665405; 0.42634984850883484; 0.674162745475769; -0.2805440425872803; 1.2709091901779175; 0.3014868497848511; 
269; -0.33404016494750977; 0.7045102715492249; 0.08027121424674988; -0.3258504569530487; 1.2585477828979492; 0.13124416768550873; 
211; -0.5336248278617859; 0.5046184659004211; 0.6485442519187927; -0.12191398441791534; 1.3890089988708496; 0.1498536318540573; 
266; -0.6950833797454834; 0.5763357281684875; 0.24561640620231628; -0.2798522114753723; 1.2339991331100464; 0.12278391420841217; 
260; -0.41270875930786133; 0.7505944967269897; 0.2915742099285126; 0.010672435164451599; 1.1485782861709595; -0.07841987907886505; 
267; -0.3498046100139618; 0.48934364318847656; -0.20566096901893616; -0.16660358011722565; 1.4402987957000732; 0.10520733147859573; 
265; -0.5133189558982849; 0.487983763217926; 0.29903584718704224; -0.18922631442546844; 1.1715928316116333; 0.09162634611129761; 
252; -0.6236822605133057; 0.6320040225982666; 0.7697453498840332; -0.20577050745487213; 1.295945405960083; 0.11416788399219513; 
294; 0.28025388717651367; 0.5353325605392456; 0.44765469431877136; -0.050562784075737; 1.4737319946289062; 0.11606910079717636; 
201; -0.4489983320236206; 0.9406082630157471; 0.40990880131721497; -0.0725480318069458; 1.4860479831695557; 0.06523525714874268; 
217; -0.5485419034957886; 0.2701900601387024; 0.3242989182472229; -0.2961138188838959; 1.1888327598571777; 0.27840155363082886; 
276; -0.43094128370285034; 0.2988145351409912; 0.4173245429992676; -0.2268477976322174; 1.0101767778396606; 0.14391788840293884; 
262; -0.2495861053466797; 0.41487598419189453; 0.30354130268096924; -0.10754634439945221; 1.314632773399353; 0.1929408311843872; 
274; -0.3928411602973938; 0.8512222766876221; 0.4784255623817444; -0.3870002031326294; 1.395286202430725; 0.1607922911643982; 
279; -0.5302444696426392; 0.4381161332130432; 0.20045709609985352; -0.27476030588150024; 1.3289610147476196; 0.18211770057678223; 
293; -0.22689443826675415; 0.9996836185455322; 0.17108213901519775; -0.1967175304889679; 1.1825900077819824; 0.20287752151489258; 
263; -0.32685309648513794; 0.43980151414871216; 0.22513416409492493; -0.22151263058185577; 1.4410573244094849; 0.0172109454870224; 
254; -0.2970205545425415; 0.7582658529281616; 0.41659578680992126; -0.15664967894554138; 1.268128752708435; 0.12820732593536377; 
300; -0.4290670156478882; 0.34569209814071655; 0.1879091113805771; -0.21549856662750244; 1.100447416305542; 0.09748537838459015; 
285; -0.10995405912399292; 0.5054224729537964; 0.5110661387443542; -0.3608790338039398; 1.1859742403030396; 0.3429020345211029; 
270; -0.24554774165153503; 0.6790122985839844; 0.20489485561847687; -0.1263398826122284; 1.2771493196487427; 0.11559684574604034; 
286; -0.25314438343048096; 0.5188888311386108; 0.48376190662384033; -0.1691201627254486; 1.5189263820648193; 0.16793403029441833; 
287; -0.40874749422073364; 0.7594739198684692; 0.36288708448410034; -0.3583952486515045; 1.3952637910842896; 0.15341781079769135; 
291; -0.3081675171852112; 0.40370309352874756; 0.3893655240535736; -0.07508769631385803; 1.4855149984359741; 0.26032498478889465; 
302; -0.6547648906707764; 0.4441736340522766; 0.39431431889533997; -0.3330088257789612; 1.1654233932495117; 0.06452743709087372; 
281; -0.9672467112541199; 0.8110494613647461; 0.03108137845993042; -0.36744511127471924; 1.4091130495071411; 0.08580932766199112; 
292; -0.2330249547958374; 0.7030913829803467; 0.21312330663204193; -0.19051849842071533; 1.32046377658844; 0.13992494344711304; 
290; -0.41207730770111084; 0.7170361876487732; 0.47443172335624695; -0.33109068870544434; 1.2058581113815308; 0.15905199944972992; 
298; -0.4664008617401123; 0.28200241923332214; 0.6453227996826172; -0.2500378489494324; 1.1946367025375366; 0.211295485496521; 
250; -0.10354334115982056; 0.31533652544021606; 0.22745150327682495; -0.30887341499328613; 1.5165351629257202; 0.2614883780479431; 
283; -0.3029173016548157; 0.33608293533325195; 0.3406749367713928; -0.16468092799186707; 1.294668436050415; 0.27553853392601013; 
306; -0.38561075925827026; 0.9308741092681885; 0.6704896688461304; -0.20070481300354004; 1.286062240600586; 0.21840520203113556; 
289; -0.5694824457168579; 0.7279943227767944; 0.14657239615917206; -0.02819773554801941; 1.4196431636810303; 0.08837120980024338; 
296; -0.12432491779327393; 0.5111837983131409; 0.8818031549453735; -0.11423206329345703; 1.2008270025253296; 0.02186647057533264; 
277; -0.5557184219360352; 0.23106664419174194; 0.3436184227466583; -0.13610456883907318; 1.5190379619598389; 0.2019554078578949; 
230; -0.08442479372024536; 0.5222786068916321; 0.37031784653663635; -0.22875763475894928; 1.3536328077316284; 0.12295573204755783; 
282; 0.06554216146469116; 0.7754250168800354; 0.5351964235305786; -0.14659295976161957; 1.3579999208450317; 0.35372623801231384; 
242; -0.23280513286590576; 0.4406793713569641; 0.6984066963195801; -0.15382437407970428; 1.6422102451324463; 0.19318123161792755; 
284; 0.0926256775856018; 0.7047218084335327; 0.8988454341888428; -0.060682326555252075; 1.2530993223190308; -0.03185805678367615; 
247; -0.06364709138870239; 0.3879252076148987; 0.5069637298583984; -0.21101471781730652; 1.3768905401229858; 0.2889763116836548; 
315; 0.12028670310974121; 0.7101733684539795; 0.44168537855148315; -0.2182973325252533; 1.5611395835876465; 0.06503994762897491; 
308; -0.15194416046142578; 0.7673737406730652; 0.6239941120147705; -0.24257659912109375; 1.4024138450622559; 0.1424577683210373; 
233; 0.0035878419876098633; 0.4597063660621643; 0.4266071915626526; -0.22702769935131073; 1.6593396663665771; 0.31558552384376526; 
307; -0.13233208656311035; 0.7747032642364502; 0.32634007930755615; -0.11977571249008179; 1.4273426532745361; 0.23050832748413086; 
309; -0.33593690395355225; 0.7930134534835815; 0.6611329317092896; -0.02352754771709442; 1.3268061876296997; 0.17707659304141998; 
278; -0.21168941259384155; 0.5444413423538208; 0.4564887583255768; -0.1318225860595703; 1.352630376815796; 0.2066849321126938; 
280; 0.04700964689254761; 0.6546316742897034; 0.595024585723877; -0.19015070796012878; 1.578529715538025; 0.19961664080619812; 
297; -0.3047460913658142; 0.1338493824005127; 0.32187142968177795; -0.24560129642486572; 1.3246071338653564; 0.0791187584400177; 
301; -0.3481297492980957; 0.7027130126953125; 0.2835898697376251; -0.3406538963317871; 1.3307414054870605; 0.14307796955108643; 
257; 0.2718338966369629; 1.0646533966064453; 0.862608015537262; -0.18272185325622559; 1.2566810846328735; 0.10468361526727676; 
312; -0.5567739009857178; 0.6311123967170715; 0.6574435234069824; -0.12701979279518127; 1.3723888397216797; 0.12851601839065552; 
304; -0.5574212074279785; 0.3430532217025757; 0.1871417611837387; -0.15634910762310028; 1.3338969945907593; 0.19118595123291016; 
268; -0.32281494140625; 0.9521338939666748; 0.6049842238426208; -0.11368812620639801; 1.29874587059021; 0.13617336750030518; 
310; -0.5082235932350159; 0.5763004422187805; 0.7583860754966736; -0.04449087381362915; 1.5475468635559082; 0.4349316954612732; 
323; -0.0023755431175231934; 0.9066107273101807; 0.42658573389053345; -0.15057425200939178; 1.403628945350647; 0.10305141657590866; 
305; -0.7317490577697754; 0.6556416153907776; 0.38545912504196167; -0.15436825156211853; 1.2084819078445435; 0.11852621287107468; 
288; -0.3241441249847412; 0.7100461721420288; 0.7916604280471802; -0.020994171500205994; 1.212435245513916; 0.14505532383918762; 
314; -0.4449329972267151; 0.9401912093162537; 0.5596272349357605; -0.2001798450946808; 1.4134024381637573; 0.18115419149398804; 
272; -0.4358857274055481; 0.7875651121139526; 0.25003835558891296; -0.21480199694633484; 1.2075779438018799; 0.21498990058898926; 
316; -0.3023355007171631; 0.626590371131897; 0.1965928077697754; -0.18946610391139984; 1.2931791543960571; 0.05671057105064392; 
331; -0.4523833096027374; 0.7734982967376709; 0.25897693634033203; -0.21659231185913086; 1.314033031463623; 0.2016138732433319; 
311; -0.5390491485595703; 0.6405105590820312; 0.39244791865348816; -0.3068724572658539; 1.2310841083526611; 0.17328685522079468; 
326; -0.3667185306549072; 0.29155033826828003; 0.017522066831588745; -0.20850928127765656; 1.165825605392456; 0.2977309823036194; 
313; -0.3204454779624939; 0.6293675899505615; 0.20880159735679626; -0.23450425267219543; 1.2020957469940186; 0.06395221501588821; 
273; -1.3178064823150635; 0.33399948477745056; 0.5444737076759338; -0.17531336843967438; 1.1495596170425415; 0.1352587640285492; 
341; -0.6480509042739868; 0.2890618145465851; 0.5251147150993347; -0.3277321457862854; 1.2735038995742798; 0.03258909285068512; 
259; -0.4591360092163086; 0.8742130994796753; 0.26367563009262085; -0.1373920440673828; 1.2024126052856445; 0.061849936842918396; 
299; -0.2803559899330139; 0.47039809823036194; 0.4914010167121887; -0.1606799215078354; 1.4839606285095215; 0.3784332275390625; 
334; -0.47649580240249634; 0.41126880049705505; 0.21163399517536163; -0.31281501054763794; 1.1939210891723633; 0.1540447473526001; 
317; -0.47861525416374207; 0.7993059158325195; 0.14405156672000885; -0.13907107710838318; 1.074346899986267; -0.03390808403491974; 
328; -0.8877547979354858; 0.18529826402664185; 0.3169298470020294; -0.1689632385969162; 1.125288724899292; 0.2770199179649353; 
319; -0.20247215032577515; 0.3905930519104004; 0.6482547521591187; -0.1884908676147461; 1.3188649415969849; 0.19466325640678406; 
330; -0.3523619771003723; 0.7249099016189575; 0.7323118448257446; -0.3437740206718445; 1.3821851015090942; -0.017330914735794067; 
336; -0.36290687322616577; 0.6284266710281372; 0.6147892475128174; -0.22478017210960388; 1.2416603565216064; 0.13155996799468994; 
295; -0.14712250232696533; 0.8113336563110352; 0.30757880210876465; -0.12479352951049805; 1.4988774061203003; 0.3058367371559143; 
332; -0.16221851110458374; 0.39544156193733215; 0.5041539669036865; -0.04396429657936096; 1.139678955078125; 0.20871959626674652; 
325; -0.2506754398345947; 0.6927152872085571; 0.22205659747123718; -0.33755335211753845; 1.335618019104004; 0.2086314558982849; 
255; -0.6499010920524597; 0.6999498605728149; 0.5199767351150513; -0.35677462816238403; 1.0816435813903809; 0.018788471817970276; 
271; -0.30980610847473145; 0.43521034717559814; 0.4104159474372864; -0.093145951628685; 1.4048430919647217; 0.19269728660583496; 
320; -0.476914644241333; 0.4131243824958801; 0.17297852039337158; -0.3162917494773865; 1.3037132024765015; 0.15816320478916168; 
357; -0.041122376918792725; 0.8184005618095398; 0.38486480712890625; -0.26610228419303894; 1.2341320514678955; 0.12895286083221436; 
329; -0.1075749397277832; 0.5696316957473755; 0.4560995399951935; -0.29016053676605225; 1.2992420196533203; 0.01779511570930481; 
324; -0.7096598148345947; 0.6312463283538818; 0.10559988021850586; -0.40933001041412354; 1.2189149856567383; 0.3004457354545593; 
303; -0.015720129013061523; 0.6595385074615479; 0.36150240898132324; -0.07859617471694946; 1.23854660987854; 0.21034401655197144; 
318; -0.21326512098312378; 0.572470486164093; 0.26125699281692505; -0.033389538526535034; 1.3571476936340332; 0.08041425794363022; 
366; -0.6030875444412231; 1.0317158699035645; 0.25330111384391785; -0.23583070933818817; 1.3875889778137207; 0.17036473751068115; 
351; -0.3406221866607666; 0.5230086445808411; 0.5223543047904968; -0.34105420112609863; 1.4304172992706299; 0.23456093668937683; 
335; -0.3919098377227783; 0.7680484652519226; 0.3085271120071411; -0.26937949657440186; 1.3116565942764282; -0.06360143423080444; 
322; -0.4683312177658081; 0.8550024032592773; 0.24116824567317963; -0.19810016453266144; 1.236091136932373; 0.25628024339675903; 
337; -0.9119511842727661; 0.3276872932910919; 0.4254235625267029; -0.2900107204914093; 1.2487801313400269; 0.30621519684791565; 
339; -0.06842204928398132; 0.6441122889518738; 0.49916136264801025; -0.2833663523197174; 1.0825990438461304; 0.12215881794691086; 
343; -0.13839560747146606; 0.7833914160728455; 0.30880051851272583; -0.27190452814102173; 1.284256935119629; 0.2934470772743225; 
356; -0.4443798065185547; 0.741256833076477; 0.48810914158821106; -0.28931912779808044; 1.4610943794250488; 0.13856306672096252; 
352; -0.36747026443481445; 0.5016579627990723; 0.5396527647972107; -0.42961370944976807; 1.1793702840805054; 0.015682294964790344; 
347; -0.21443361043930054; 0.36838555335998535; 0.45063287019729614; -0.19488637149333954; 1.2771190404891968; 0.18031582236289978; 
350; -0.2944841980934143; 0.8326624631881714; 0.40518707036972046; -0.16908113658428192; 1.177268147468567; 0.07252395153045654; 
344; -0.44303596019744873; 0.45486265420913696; 0.4556448757648468; -0.08906930685043335; 1.234311819076538; 0.053659588098526; 
349; 0.14854878187179565; 0.884192705154419; 0.5760524272918701; -0.09606650471687317; 1.2809922695159912; 0.41564446687698364; 
348; -0.33568280935287476; 0.6168562173843384; 0.32728052139282227; -0.21814587712287903; 1.2254236936569214; 0.19372521340847015; 
346; -0.17188918590545654; 0.7541672587394714; 0.22694827616214752; -0.34128671884536743; 1.2578164339065552; 0.15056295692920685; 
338; -0.23822498321533203; 0.31870949268341064; 0.2992957830429077; -0.2157137244939804; 1.199128270149231; 0.16259445250034332; 
360; -0.8486239314079285; 0.7932500243186951; 0.2338077425956726; -0.29956817626953125; 1.3286170959472656; -0.038591355085372925; 
369; 0.06815403699874878; 0.557647168636322; 0.5869350433349609; -0.06270843744277954; 1.255406141281128; 0.23420356214046478; 
367; -0.22646963596343994; 1.1902889013290405; 0.7268438339233398; -0.27960848808288574; 1.3852583169937134; -0.025143951177597046; 
342; -0.08075881004333496; 0.4568447172641754; 0.7013838291168213; -0.12465094029903412; 1.2744333744049072; 0.26317763328552246; 
345; -0.33750176429748535; 0.5486786365509033; 0.41111862659454346; -0.21117687225341797; 1.4845670461654663; 0.34562650322914124; 
355; -0.11730149388313293; 0.46276745200157166; 0.5850307941436768; -0.3079451024532318; 1.2969390153884888; 0.12621396780014038; 
364; -0.21354052424430847; 0.9106098413467407; 0.4109780192375183; -0.33340975642204285; 1.3436819314956665; 0.19016946852207184; 
379; -0.1860695481300354; 0.7544602751731873; 0.2561284005641937; -0.2050929218530655; 1.3831676244735718; 0.2253788411617279; 
354; -0.4485330581665039; 0.651456356048584; 0.22533290088176727; -0.13119523227214813; 1.3448666334152222; 0.18652015924453735; 
353; -0.7345069646835327; 0.67647385597229; 0.6022933125495911; -0.2936517596244812; 1.237578272819519; 0.05216093361377716; 
368; -0.0798216462135315; 0.6910521388053894; 0.06630614399909973; -0.39033493399620056; 1.4117262363433838; 0.09820731729269028; 
372; -0.7969731092453003; 0.6336815357208252; 0.6311548948287964; -0.25649476051330566; 1.2857455015182495; 0.10988924652338028; 
370; -0.6045553684234619; 0.6770092248916626; 0.18604087829589844; -0.20347142219543457; 1.2270909547805786; 0.01184701919555664; 
377; -0.38630783557891846; 0.6961352229118347; 0.37232643365859985; -0.10494838654994965; 1.2816845178604126; 0.21915967762470245; 
333; -0.5979521870613098; 0.935223400592804; 0.7747818827629089; -0.2856510877609253; 1.3303544521331787; 0.05185386538505554; 
391; -0.36615458130836487; 0.31376785039901733; 0.19713062047958374; -0.2722388207912445; 1.2266490459442139; 0.0720820426940918; 
375; -0.3812585473060608; 0.3164747357368469; 0.3357495367527008; -0.20729714632034302; 1.3024035692214966; 0.018715471029281616; 
380; -0.18555903434753418; 0.8012430667877197; 0.3875715732574463; -0.2836321294307709; 1.207520604133606; 0.10125277191400528; 
373; -0.23273181915283203; 0.4799041748046875; 0.40812426805496216; -0.09881877899169922; 1.449187994003296; 0.17476390302181244; 
374; -0.2994961738586426; 0.4643508195877075; -0.029513955116271973; -0.24387705326080322; 1.2745370864868164; 0.24508166313171387; 
397; -0.33382710814476013; 0.3886840343475342; 0.3498648703098297; -0.301613450050354; 1.268455982208252; 0.12956328690052032; 
362; -0.6655614972114563; 0.8103103637695312; 0.23847901821136475; -0.16570082306861877; 1.282165288925171; 0.31120023131370544; 
376; -0.5064208507537842; 0.9064509272575378; 0.9275126457214355; -0.2516460120677948; 1.514039158821106; 0.13168875873088837; 
363; -0.6167052388191223; 0.621309757232666; 0.23357334733009338; -0.233163520693779; 1.1690068244934082; 0.20307675004005432; 
385; -0.23726266622543335; 0.7381377816200256; 0.568697988986969; -0.3440554738044739; 1.4502609968185425; 0.3453124761581421; 
403; -0.1747494339942932; 0.635367214679718; 0.49155664443969727; -0.18707075715065002; 1.2938084602355957; 0.19887273013591766; 
390; -0.27850353717803955; 0.815543532371521; 0.5540382266044617; -0.18315130472183228; 1.5252861976623535; 0.03231528401374817; 
340; -0.39089545607566833; 0.9413987994194031; 0.3533926010131836; -0.12829385697841644; 1.3384437561035156; 0.18470482528209686; 
389; -0.5137492418289185; 0.6685431003570557; -0.34062322974205017; -0.1866632103919983; 1.4177803993225098; 0.24046772718429565; 
321; 0.1402469277381897; 0.5902988910675049; 0.3678327202796936; -0.0287163108587265; 1.4130501747131348; 0.19449907541275024; 
378; -0.5391262769699097; 0.9669942259788513; 0.8614844083786011; -0.18901409208774567; 1.3497368097305298; 0.06472811102867126; 
393; -0.2220974564552307; 0.7575223445892334; 0.3261875510215759; -0.08434608578681946; 1.2312712669372559; 0.2196292281150818; 
388; -0.33152931928634644; 0.918611466884613; 0.5507556796073914; -0.24672646820545197; 1.1491957902908325; 0.2613341510295868; 
395; -0.46003255248069763; 0.44224822521209717; 0.29215309023857117; -0.17306821048259735; 1.2187789678573608; 0.20678865909576416; 
402; -0.48016226291656494; 0.3938480317592621; 0.16768059134483337; -0.23569194972515106; 1.3737846612930298; -0.03997083008289337; 
404; -0.3079526424407959; 0.3190152049064636; 0.45868125557899475; -0.331341028213501; 1.1612324714660645; 0.25014728307724; 
371; 0.01779186725616455; 0.6234731674194336; 0.45147883892059326; -0.3039720058441162; 1.4393376111984253; 0.3948938250541687; 
384; -0.11051243543624878; 0.4881179630756378; 0.0923987627029419; -0.31893211603164673; 1.4005589485168457; 0.13875365257263184; 
382; 0.05334937572479248; 0.44679325819015503; 0.2713438868522644; -0.291113018989563; 1.2213304042816162; 0.05731329321861267; 
420; 0.15783756971359253; 0.5640718340873718; 0.2670138478279114; -0.08524413406848907; 1.269415020942688; -0.0075366199016571045; 
409; -0.8197839856147766; 0.6408755779266357; 0.27583563327789307; -0.26179027557373047; 1.3020318746566772; 0.3261853754520416; 
418; -0.48708653450012207; 0.627670168876648; 0.30849966406822205; -0.08263039588928223; 1.3820925951004028; 0.114633709192276; 
406; -0.696902871131897; 0.572504997253418; 0.14537277817726135; -0.2429213523864746; 1.2949602603912354; 0.015618368983268738; 
411; -0.37090128660202026; 0.6265166997909546; 0.3918614983558655; -0.12968020141124725; 1.2771291732788086; 0.1570824682712555; 
361; -0.29305166006088257; 0.537691593170166; 0.3499109447002411; -0.158735454082489; 1.1304583549499512; 0.21867382526397705; 
383; -0.2114848494529724; 0.8157865405082703; 0.5850813388824463; -0.3003177046775818; 1.3841265439987183; 0.07977454364299774; 
398; -0.20934054255485535; 0.602074921131134; 0.49659785628318787; -0.3784435987472534; 1.1787645816802979; 0.24353575706481934; 
413; -0.9510481357574463; 0.9026087522506714; 0.7207207679748535; -0.12272527813911438; 1.3419430255889893; 0.07942262291908264; 
358; -0.3777225613594055; 0.48021242022514343; 0.07351061701774597; -0.18655802309513092; 1.3711074590682983; -0.06882902979850769; 
359; -0.1612754464149475; 0.5087003111839294; 0.4296129643917084; -0.21645747125148773; 1.1686861515045166; 0.03563714027404785; 
392; -0.46736472845077515; 0.7657036185264587; 0.5821811556816101; -0.4079083800315857; 1.120644450187683; 0.019166193902492523; 
412; -0.39869460463523865; 0.6975336074829102; 0.3727363646030426; -0.09995003044605255; 1.0990740060806274; 0.37264013290405273; 
396; -0.5534541010856628; 0.28774839639663696; 0.6583542227745056; -0.03583560883998871; 1.2002421617507935; 0.3078535199165344; 
421; -0.21874183416366577; 0.5942381620407104; 0.7683616876602173; -0.5607794523239136; 1.180147409439087; 0.149274080991745; 
422; -0.04156222939491272; 0.5094146728515625; 0.5086267590522766; -0.11800180375576019; 1.2050822973251343; 0.20144307613372803; 
410; -0.2615959346294403; 0.6116369962692261; 0.39636561274528503; -0.304977685213089; 1.1700949668884277; 0.2189323604106903; 
428; -0.38689449429512024; 0.3980253040790558; 0.11610987782478333; -0.2176860123872757; 1.1041932106018066; 0.3594438433647156; 
425; -0.6044071316719055; 0.5679596662521362; 0.045693814754486084; -0.2858191430568695; 1.2358664274215698; 0.1126595288515091; 
417; -0.5367234945297241; 0.5056082606315613; 0.2308036834001541; -0.16152828931808472; 1.354468822479248; 0.0326918363571167; 
427; -0.29633450508117676; 0.6100130081176758; 0.5240125060081482; -0.0943792313337326; 1.359015703201294; 0.24444079399108887; 
407; -0.41645166277885437; 0.6952595114707947; 0.37092286348342896; -0.2291114777326584; 1.2622981071472168; 0.15524037182331085; 
438; -0.05079072713851929; 0.8026151061058044; 0.8954002261161804; -0.027947068214416504; 1.3716013431549072; 0.3003641664981842; 
400; 0.297215074300766; 0.39936184883117676; 0.6017717719078064; -0.16283448040485382; 1.5318573713302612; 0.06905116140842438; 
426; -0.22058776021003723; 0.31571856141090393; 0.44566088914871216; -0.1915149986743927; 1.2217230796813965; 0.09538298845291138; 
405; -0.336300253868103; 0.8058460354804993; 0.5151329040527344; -0.12528422474861145; 1.4199073314666748; 0.13455043733119965; 
419; -0.616294264793396; 0.44013261795043945; 0.2740769684314728; -0.05216887593269348; 1.2542451620101929; 0.11698809266090393; 
434; -0.35923412442207336; 0.2799706757068634; -0.25961312651634216; -0.24610616266727448; 1.2443057298660278; 0.2631644308567047; 
394; -0.2510412335395813; 0.5967731475830078; 0.2606859803199768; -0.4169310927391052; 1.1867175102233887; 0.18904006481170654; 
431; -0.05135491490364075; 0.5058298707008362; 0.07940396666526794; -0.039275601506233215; 1.111234426498413; 0.2601640522480011; 
381; -0.5747735500335693; 0.43351274728775024; 0.15430043637752533; -0.1386057436466217; 1.2726001739501953; 0.03214806318283081; 
423; -0.7165225148200989; 0.7519530057907104; 0.2973634898662567; -0.3835362195968628; 1.2142637968063354; 0.14109542965888977; 
443; -0.22651731967926025; 0.8461800813674927; 0.2747017443180084; -0.027214229106903076; 1.4808356761932373; 0.3903873562812805; 
442; -0.14513534307479858; 0.5856378674507141; 0.4535385072231293; -0.32211068272590637; 1.4292548894882202; 0.1558789312839508; 
365; -0.8942819237709045; 0.3580252528190613; -0.15152692794799805; -0.15727932751178741; 1.3387064933776855; 0.050042785704135895; 
444; -0.33277422189712524; 0.4746544063091278; 0.14959049224853516; -0.2179284542798996; 1.353779911994934; 0.15806490182876587; 
432; -0.5299360752105713; 0.14315859973430634; 0.02104896306991577; -0.29417699575424194; 1.1993610858917236; -0.009777933359146118; 
436; -0.19894039630889893; 0.9882509708404541; 0.39456140995025635; -0.129322811961174; 1.3208948373794556; 0.056049272418022156; 
439; -0.3331049084663391; 0.72898930311203; 0.3322243392467499; -0.42238372564315796; 1.1863948106765747; 0.26241356134414673; 
445; -0.32433509826660156; 0.7521992921829224; 0.23891130089759827; -0.30367112159729004; 1.3062074184417725; 0.2490512877702713; 
437; -0.32770630717277527; 0.5407660603523254; 0.09054520726203918; -0.2742984890937805; 1.1288548707962036; 0.11341515183448792; 
459; -0.1727886199951172; 0.6681498289108276; 0.7271711826324463; -0.04134094715118408; 1.301692008972168; 0.07875321805477142; 
440; -0.4815160632133484; 0.7291241884231567; 0.10201200842857361; -0.266147643327713; 1.1615232229232788; 0.07267541438341141; 
387; -0.288174569606781; 0.8446225523948669; 0.3443501591682434; -0.26296868920326233; 1.3154916763305664; 0.2796820402145386; 
454; -0.21036016941070557; 0.6422107219696045; 0.5386244654655457; -0.19192306697368622; 1.4031975269317627; 0.3720109164714813; 
399; -0.4367062449455261; 0.53055340051651; 0.5747104287147522; -0.0684417188167572; 1.2978568077087402; -0.005383208394050598; 
452; 0.05427089333534241; 0.5011823177337646; 0.28712713718414307; -0.38252246379852295; 1.0141199827194214; 0.23162561655044556; 
468; -0.7979726195335388; 0.7766444683074951; 0.34787166118621826; -0.25183016061782837; 1.421273112297058; 0.3461011052131653; 
408; -0.4027895927429199; 0.8696161508560181; 0.87502121925354; -0.15774837136268616; 1.3286713361740112; 0.18962369859218597; 
401; -0.5578792095184326; 0.6216620206832886; 0.7316470742225647; -0.2065143585205078; 1.5142204761505127; -0.06938013434410095; 
453; -0.323289692401886; 0.4536728858947754; 0.5518026351928711; -0.24428166449069977; 1.309361457824707; 0.2382548749446869; 
474; -0.2769278287887573; 0.45877376198768616; 0.460128515958786; -0.2913576364517212; 1.2019524574279785; 0.16918697953224182; 
448; -0.29024747014045715; 0.8511602878570557; 0.42255955934524536; -0.2347506880760193; 1.1865462064743042; 0.2508867383003235; 
467; 0.3447328805923462; 0.6507343649864197; 0.3499954342842102; 0.02347499132156372; 1.3919527530670166; 0.29546910524368286; 
476; -0.4862111806869507; 0.2931337356567383; 0.22893209755420685; -0.2892928719520569; 1.323145866394043; 0.13334882259368896; 
441; -0.19818812608718872; 0.4985588788986206; 0.5098486542701721; -0.29943668842315674; 1.2407400608062744; 0.2527233958244324; 
480; -1.2314445972442627; 0.43684232234954834; 0.5391722321510315; -0.3418738842010498; 1.2728694677352905; 0.23954108357429504; 
450; -0.30858343839645386; 0.7385599613189697; 0.7508623600006104; -0.12461775541305542; 1.3224684000015259; 0.13691532611846924; 
457; -0.21374040842056274; 0.5637160539627075; 0.3303464353084564; -0.13566263020038605; 1.3098212480545044; 0.3096110224723816; 
458; -0.052011460065841675; 0.7241712808609009; 0.6348363161087036; -0.0279996395111084; 1.154488205909729; 0.36712318658828735; 
463; -0.3662090003490448; 0.44827669858932495; 0.4348743259906769; -0.22781355679035187; 1.2479615211486816; 0.17551468312740326; 
416; -0.3186172842979431; 0.8292427062988281; 0.3780610263347626; -0.28182780742645264; 1.3937597274780273; 0.2225394994020462; 
470; -0.750521183013916; 0.5598651170730591; 0.3720632493495941; -0.25916826725006104; 1.061714768409729; 0.12977875769138336; 
455; 0.1155959963798523; 0.7532004117965698; -0.2290060818195343; -0.2524748146533966; 1.4065532684326172; 0.30979448556900024; 
466; -0.3723469376564026; 0.2193893939256668; 0.21942532062530518; -0.18447083234786987; 1.5802538394927979; 0.17530342936515808; 
456; -0.1622072160243988; 0.5733058452606201; 0.5852633118629456; -0.2311553955078125; 1.2448935508728027; 0.02498006820678711; 
461; -0.4336286783218384; 0.1686745285987854; 0.2021002471446991; -0.11417660117149353; 1.4711260795593262; 0.2166154533624649; 
449; -0.24096155166625977; 0.48480743169784546; 0.5573128461837769; -0.24222664535045624; 1.224176049232483; 0.37559568881988525; 
460; -0.5070444345474243; 0.6132006645202637; 0.25060683488845825; -0.3096020817756653; 1.0942569971084595; 0.13461311161518097; 
451; -0.5009169578552246; 0.47897037863731384; 0.37555038928985596; -0.3351462483406067; 1.0837986469268799; 0.16405650973320007; 
464; -0.47348475456237793; 0.6723368763923645; 0.5411586761474609; -0.3814694583415985; 1.1805692911148071; 0.06595044583082199; 
433; -0.47978341579437256; 0.45169228315353394; 0.2785097360610962; -0.34186428785324097; 1.187596321105957; 0.13828060030937195; 
414; -0.08123987913131714; 1.2910003662109375; 0.81659334897995; -0.1568736433982849; 1.4194042682647705; 0.26833444833755493; 
469; -0.16426783800125122; 0.712587296962738; 0.3502148985862732; -0.15691767632961273; 1.2477561235427856; 0.25828272104263306; 
430; -0.37126272916793823; 0.4205145537853241; 0.7121829986572266; -0.13966448605060577; 1.1839416027069092; 0.2505154609680176; 
487; -0.32046276330947876; 0.4985349774360657; 0.5072709918022156; -0.20076297223567963; 1.2177127599716187; 0.4449118375778198; 
483; -0.20302286744117737; 0.7797907590866089; 0.4743582606315613; -0.11608532071113586; 1.4310015439987183; 0.1693909615278244; 
386; -0.80853271484375; 0.18496742844581604; 0.3644958436489105; -0.24380899965763092; 1.241706132888794; -0.05864986777305603; 
477; -0.5024378895759583; 0.601969838142395; 0.45570504665374756; -0.267742395401001; 1.2369720935821533; 0.08708363771438599; 
462; -0.4315207600593567; 0.6398036479949951; 0.24396438896656036; -0.33641889691352844; 1.168778896331787; 0.11622075736522675; 
447; -0.5901834964752197; 0.6528757214546204; 0.6869246959686279; -0.15190578997135162; 1.3231388330459595; 0.17624619603157043; 
475; -0.5233832597732544; 0.49723705649375916; 0.2958965301513672; -0.006686553359031677; 1.3079912662506104; 0.04863809049129486; 
472; -0.5419067144393921; 0.8636164665222168; 0.45047393441200256; -0.2260589450597763; 1.4711302518844604; 0.290948748588562; 
471; -0.2379252314567566; 0.5162578821182251; 0.2456074357032776; -0.2266169786453247; 1.2276158332824707; 0.13237503170967102; 
424; -0.4612264931201935; 0.5411657094955444; 0.31123560667037964; -0.1426861733198166; 1.2745540142059326; 0.1753787249326706; 
415; -0.2870737314224243; 0.7057766914367676; 0.03252267837524414; -0.13922114670276642; 1.0208123922348022; 0.06890195608139038; 
496; -0.2883113622665405; 0.7010137438774109; 0.5574665069580078; -0.02531665563583374; 1.4893654584884644; 0.06486862897872925; 
479; -0.5474677681922913; 0.6860429644584656; 0.7612542510032654; -0.1795048713684082; 1.3163278102874756; 0.34582263231277466; 
465; -0.5466289520263672; 0.6616319417953491; 0.4606238901615143; -0.18858347833156586; 1.4200880527496338; 0.1606110781431198; 
435; -0.25141048431396484; 0.516579270362854; 0.11078178882598877; -0.19000227749347687; 1.1388216018676758; 0.13796095550060272; 
484; -0.28120744228363037; 0.744650661945343; 0.3508157730102539; -0.13706286251544952; 1.1253879070281982; 0.16141869127750397; 
485; -0.6529392004013062; 0.4944656789302826; 0.5223303437232971; -0.19387713074684143; 1.2538487911224365; 0.08702915161848068; 
491; -0.1498504877090454; 0.4352535307407379; 0.47314921021461487; -0.27328982949256897; 1.3866095542907715; 0.35698527097702026; 
488; -0.08068674802780151; 0.7599654197692871; 0.24000900983810425; -0.1364552229642868; 1.4188899993896484; 0.1337256133556366; 
486; -0.4112604856491089; 0.33638665080070496; 0.13961313664913177; -0.12502020597457886; 1.1662136316299438; 0.23203328251838684; 
473; -0.3930143415927887; 0.6654864549636841; 0.09229514002799988; -0.3511732816696167; 1.160360336303711; 0.23477740585803986; 
481; -0.3145843744277954; 0.7921018600463867; 0.5591305494308472; -0.14911851286888123; 1.228492021560669; 0.3734513521194458; 
429; -0.22060894966125488; 0.6851102113723755; 0.25685086846351624; -0.347999632358551; 1.3993834257125854; 0.1370866596698761; 
493; -0.568641185760498; 0.5095261931419373; 0.25622326135635376; -0.16649779677391052; 1.2014429569244385; 0.21917930245399475; 
499; -0.11631965637207031; 0.7193935513496399; 0.25260770320892334; -0.16508986055850983; 1.3315728902816772; 0.28760749101638794; 
497; -0.40983498096466064; 0.4392404556274414; 0.1925334632396698; -0.060236766934394836; 1.270749568939209; 0.09857124090194702; 
495; -0.045995354652404785; 0.8766868114471436; 0.6491222977638245; -0.25215262174606323; 1.2770546674728394; 0.03602266311645508; 
478; -0.3609882891178131; 0.4863896369934082; 0.41468024253845215; -0.3131137490272522; 1.278922438621521; 0.2620733976364136; 
446; 0.1463109254837036; 0.9240575432777405; 0.4951026439666748; -0.09360335767269135; 1.2309885025024414; 0.18556156754493713; 
490; -0.6898329257965088; 0.7108770608901978; 0.4445614814758301; -0.24156804382801056; 1.2758485078811646; 0.08989936113357544; 
489; -0.2122439742088318; 0.7456501722335815; 0.3904357850551605; -0.3198552131652832; 1.5918796062469482; 0.20322442054748535; 
498; -0.42112207412719727; 0.7166949510574341; 0.5186007618904114; -0.49237579107284546; 1.2447766065597534; 0.2709246575832367; 
482; -0.5403518676757812; 0.3204066753387451; 0.5918871760368347; -0.19926349818706512; 1.5579746961593628; 0.33905714750289917; 
492; 0.002938210964202881; 0.5966759920120239; 0.6323164701461792; -0.10922591388225555; 1.2906948328018188; 0.2008177936077118; 
494; -0.7661012411117554; 0.6406934857368469; 0.3542977273464203; -0.3350346088409424; 1.1882543563842773; 0.13884076476097107; 
