26; -0.11057335138320923; 0.7018982768058777; 0.4028565585613251; -0.244145467877388; 1.22844398021698; 0.13622254133224487; 
9; -0.3978023827075958; 0.48728105425834656; 0.32322731614112854; -0.14124901592731476; 1.1596572399139404; 0.07622109353542328; 
40; -0.5426649451255798; 0.3706628680229187; 0.2515220642089844; -0.16499875485897064; 1.1248900890350342; 0.1424981653690338; 
35; -0.5172173380851746; 0.8642672300338745; 0.13463729619979858; -0.1468869149684906; 1.1739031076431274; 0.11157611012458801; 
25; -0.17449045181274414; 0.794082522392273; 0.28874412178993225; -0.2898769974708557; 1.165619134902954; 0.05926530063152313; 
20; -0.2678367495536804; 0.4844339191913605; 0.17138728499412537; -0.2046661674976349; 1.3978325128555298; 0.1046687588095665; 
3; -0.4087429642677307; 0.5522418022155762; 0.2772444486618042; -0.23173652589321136; 1.2193204164505005; 0.05391315370798111; 
39; -0.28085482120513916; 0.4087059795856476; 0.4796378016471863; -0.109648197889328; 1.387595295906067; 0.27983301877975464; 
13; -0.3592708110809326; 0.34206604957580566; 0.774655818939209; -0.27898991107940674; 1.224367618560791; 0.3352404236793518; 
0; -0.342206746339798; 0.5883041024208069; 0.44008469581604004; -0.3613659739494324; 1.2971802949905396; 0.2385774552822113; 
38; -0.617082417011261; 0.7839562892913818; 0.11084367334842682; -0.26348966360092163; 1.2599493265151978; -0.03625619411468506; 
29; -0.18232512474060059; 0.46009430289268494; 0.4605443477630615; -0.1457347422838211; 1.3314182758331299; 0.13980890810489655; 
21; -0.27406951785087585; 0.43149566650390625; 0.3235863447189331; -0.16828477382659912; 1.0559693574905396; 0.2451810985803604; 
24; -0.2927778959274292; 0.6322737336158752; 0.5876785516738892; -0.2001275271177292; 1.2730906009674072; 0.23873285949230194; 
33; -0.42972418665885925; 0.6334218978881836; 0.6098138093948364; -0.27263349294662476; 1.175861120223999; 0.06244150549173355; 
49; -0.3842211961746216; 0.6597980260848999; 0.48515012860298157; -0.4307270348072052; 1.1922366619110107; 0.22594255208969116; 
6; -0.0754041075706482; 0.6588287949562073; 0.22278180718421936; -0.20603761076927185; 1.361797571182251; 0.2431340217590332; 
37; -1.2904181480407715; 0.4084426760673523; 0.10327991843223572; -0.2394654005765915; 1.225000262260437; 0.170737624168396; 
19; -0.630450963973999; 0.3335227370262146; 0.3790901005268097; -0.15429145097732544; 1.4604138135910034; 0.12807652354240417; 
36; -0.23097047209739685; 0.44516050815582275; 0.5017946362495422; -0.19600911438465118; 1.0284733772277832; 0.12048207968473434; 
43; -0.1344040036201477; 0.5160024762153625; 0.5510877370834351; -0.3020003139972687; 1.2488970756530762; -0.01574939489364624; 
28; -0.17793357372283936; 0.8815100193023682; 0.4299173951148987; -0.1250574141740799; 1.2217419147491455; 0.106468565762043; 
41; -0.4370575547218323; 0.5567325949668884; 0.5616413354873657; -0.3174442648887634; 1.1639442443847656; 0.19408415257930756; 
7; -1.002126932144165; 0.3044890761375427; 0.6652215719223022; -0.17777296900749207; 1.2540205717086792; 0.06010811775922775; 
47; -0.2933962941169739; 0.7473521828651428; 0.49332088232040405; -0.21612058579921722; 1.2751963138580322; 0.14946956932544708; 
15; -1.0009557008743286; 0.5450676679611206; 0.5281907320022583; -0.2228827178478241; 1.2121999263763428; 0.1337798833847046; 
10; -0.5032631158828735; 0.6626224517822266; 0.062313854694366455; -0.1370197832584381; 1.3253570795059204; 0.2531076967716217; 
18; -0.6297507882118225; 0.4401074945926666; -0.03538668155670166; -0.18986627459526062; 1.1717149019241333; 0.28797292709350586; 
46; -0.9782409071922302; 0.44656845927238464; 0.5929190516471863; -0.2358536571264267; 1.2073400020599365; 0.002907305955886841; 
8; 0.09050112962722778; 0.33662092685699463; 0.48171937465667725; -0.2229488492012024; 1.4725948572158813; 0.23948557674884796; 
23; -0.14176347851753235; 0.4713447093963623; 0.35237443447113037; -0.2501201033592224; 1.4346028566360474; 0.28317660093307495; 
34; -0.32215505838394165; 0.5778220891952515; 0.3141055703163147; -0.1792241781949997; 1.335062026977539; -0.02228722721338272; 
2; -0.44963425397872925; 0.6322369575500488; 0.40107783675193787; -0.19697727262973785; 1.3142857551574707; 0.19665241241455078; 
4; -0.6654815077781677; 0.3987426459789276; 0.2065487951040268; -0.33109644055366516; 1.2726842164993286; 0.10842399299144745; 
30; -0.29300034046173096; 0.5616862177848816; 0.1834837645292282; -0.017927423119544983; 1.4562656879425049; 0.20334690809249878; 
48; -0.649457573890686; 0.33360087871551514; 0.546697735786438; -0.22764164209365845; 1.26426100730896; 0.12252607196569443; 
5; -0.5976703763008118; 0.6619288325309753; 0.4932633936405182; -0.23479941487312317; 1.3778616189956665; 0.1944470852613449; 
14; -0.2722156047821045; 0.6650828123092651; 0.5717253684997559; -0.11512428522109985; 1.2710151672363281; 0.11229977011680603; 
22; -0.23370230197906494; 0.3503512740135193; 0.1407792866230011; -0.18336887657642365; 1.172316312789917; 0.26103219389915466; 
42; -0.7708684206008911; 0.3739813268184662; 0.025068849325180054; -0.15710660815238953; 1.249479055404663; 0.09976509213447571; 
45; -0.07494574785232544; 0.7976171970367432; 0.7124461531639099; -0.10617874562740326; 1.2827386856079102; 0.23997198045253754; 
11; -0.6328458189964294; 0.15774449706077576; 0.3906262516975403; -0.14702464640140533; 1.0650713443756104; 0.18274185061454773; 
27; -0.665762722492218; 0.646165668964386; 0.2887623906135559; -0.14722265303134918; 1.3414275646209717; 0.29990828037261963; 
1; -0.48272138833999634; 0.6245629191398621; 0.23652909696102142; -0.2883669137954712; 1.2415157556533813; 0.058043576776981354; 
17; -0.30065929889678955; 0.734253466129303; 0.1727602481842041; -0.18881356716156006; 1.1810160875320435; 0.18458573520183563; 
32; -0.20228594541549683; 0.3667568564414978; 0.27715617418289185; -0.1504872739315033; 1.3207933902740479; 0.12796780467033386; 
16; -0.5050323605537415; 0.9927396774291992; 0.38675016164779663; -0.3462281823158264; 1.3076212406158447; 0.1633337438106537; 
12; -0.31613945960998535; 0.8782476186752319; 0.4998015761375427; -0.26199284195899963; 1.234297275543213; 0.4118526577949524; 
44; -0.22722408175468445; 0.9114911556243896; 0.644978404045105; -0.2555934488773346; 1.3822304010391235; 0.2676524519920349; 
31; -0.21339762210845947; 0.5650666952133179; 0.2483426332473755; -0.3165399134159088; 1.1243281364440918; 0.0739787369966507; 
50; -0.0884706974029541; 0.7414543628692627; 0.4295523166656494; -0.36302730441093445; 1.2433048486709595; 0.3336470127105713; 
88; -0.671506404876709; 0.4752149283885956; 0.28364551067352295; -0.19591636955738068; 1.4443178176879883; 0.2975689172744751; 
51; -0.5171934962272644; 0.44022849202156067; 0.1940886378288269; -0.12163877487182617; 1.1859711408615112; 0.1051512211561203; 
54; -0.5883589386940002; 0.32979631423950195; 0.2780820429325104; -0.1532018482685089; 1.2781652212142944; 0.016246333718299866; 
52; -0.4191661477088928; 0.4494560658931732; 0.2639712393283844; 0.007301986217498779; 1.1686769723892212; 0.18095111846923828; 
59; -0.4265621304512024; 0.5924462080001831; 0.3054055869579315; -0.30848222970962524; 1.4068533182144165; 0.2120104879140854; 
95; -0.11582580208778381; 0.39305832982063293; 0.6815364956855774; -0.24865670502185822; 1.4554415941238403; 0.2231583595275879; 
96; -0.46671149134635925; 0.4555271863937378; 0.257777601480484; -0.3262208104133606; 1.1812655925750732; 0.1718635857105255; 
100; -0.20501971244812012; 0.4666060507297516; 0.6239013075828552; -0.15544386208057404; 1.0978280305862427; 0.2128223329782486; 
94; -0.07010996341705322; 0.4333168864250183; 0.3710924983024597; -0.11176353693008423; 1.4175310134887695; 0.027642622590065002; 
97; -0.7869166731834412; 0.5213494300842285; 0.1917831152677536; -0.32410410046577454; 1.0663319826126099; 0.11886268109083176; 
98; -0.43166738748550415; 0.48614200949668884; 0.5043977499008179; -0.23812046647071838; 1.2944269180297852; 0.2215277999639511; 
56; -0.5445475578308105; 0.37236762046813965; 0.30784299969673157; -0.23602880537509918; 1.215181827545166; 0.1508873850107193; 
63; -0.42818599939346313; 0.8673505783081055; 0.5963960289955139; -0.2912372946739197; 1.4490830898284912; 0.19876845180988312; 
65; -0.3269278109073639; 0.7441427707672119; 0.44048839807510376; -0.24289031326770782; 1.3678511381149292; -0.01972109079360962; 
58; -0.08510106801986694; 0.4679309129714966; 0.4823433458805084; -0.3821702003479004; 1.2953466176986694; 0.21907508373260498; 
60; -0.6275622248649597; 0.4974842667579651; 0.6429298520088196; -0.33889153599739075; 1.3105435371398926; 0.24129270017147064; 
57; -0.495271235704422; 0.4006930887699127; 0.18398937582969666; -0.2560313940048218; 1.2202072143554688; 0.1595657765865326; 
61; -0.14242684841156006; 0.2886907756328583; 0.5027284622192383; -0.3666852116584778; 1.3136204481124878; 0.16806598007678986; 
62; -0.345997154712677; 0.18416422605514526; 0.4186299443244934; -0.15991726517677307; 1.2106672525405884; 0.1909174919128418; 
64; -0.29852378368377686; 0.6344017386436462; 0.36740705370903015; -0.13578671216964722; 1.4518738985061646; 0.18646511435508728; 
91; -0.6927282810211182; 0.7575817108154297; 0.2303379476070404; -0.2414618581533432; 1.1534240245819092; 0.03447122126817703; 
71; -0.4012525677680969; 0.7874562740325928; 0.4153509736061096; -0.2501276135444641; 1.200933814048767; 0.2947671413421631; 
89; -0.613067626953125; 0.8892133831977844; 0.3506442904472351; -0.2611197233200073; 1.221184253692627; 0.022432468831539154; 
92; -0.05067628622055054; 0.7971799373626709; 0.4756966233253479; -0.13578006625175476; 1.1874490976333618; 0.2651382088661194; 
93; -0.3728686571121216; 0.4624720513820648; 0.42743080854415894; -0.23722562193870544; 1.343030571937561; 0.26275330781936646; 
77; -0.439195841550827; 0.32476335763931274; 0.36362314224243164; -0.19393078982830048; 1.2735555171966553; 0.13331851363182068; 
76; -0.0704883337020874; 0.5349606275558472; 0.6940962672233582; -0.1899663656949997; 1.1823817491531372; 0.21609953045845032; 
90; -0.12407121062278748; 0.15275970101356506; 0.48998501896858215; -0.09928460419178009; 1.144773006439209; 0.23901131749153137; 
86; -0.520434558391571; 0.9821161031723022; 0.06664445996284485; -0.13476109504699707; 1.3996118307113647; 0.10002632439136505; 
82; -0.6342139840126038; 0.6933333873748779; 0.6959017515182495; -0.41773658990859985; 1.4589130878448486; 0.293485164642334; 
69; -0.4905878007411957; 0.8478954434394836; 0.2137928009033203; -0.2422705888748169; 1.197891116142273; 0.2710126042366028; 
53; -0.5665098428726196; 0.3303903043270111; 0.38460445404052734; -0.130336731672287; 1.491995930671692; 0.1927509605884552; 
84; -0.8043678402900696; 0.4997332692146301; 0.196868896484375; -0.3209460973739624; 1.1931434869766235; 0.05797192454338074; 
70; -0.3037317991256714; 0.5918025970458984; 0.008117198944091797; -0.1652546525001526; 1.1985418796539307; 0.1216697096824646; 
81; -0.30367961525917053; 0.7213108539581299; 0.3314953148365021; -0.24525776505470276; 1.41074800491333; 0.18643245100975037; 
74; -0.4945470988750458; 0.7082827091217041; 0.2707388997077942; -0.34327805042266846; 1.3247833251953125; 0.14634200930595398; 
78; -0.35096508264541626; 0.21221739053726196; 0.5701350569725037; -0.03716501593589783; 1.2040308713912964; 0.15597869455814362; 
87; -0.3751850128173828; 0.4048991799354553; 0.3537544310092926; -0.22540803253650665; 1.4627118110656738; 0.007363870739936829; 
73; -0.5318901538848877; 0.11842167377471924; 0.48084592819213867; -0.22549162805080414; 1.2634116411209106; 0.025878988206386566; 
80; -0.2662908732891083; 0.8095376491546631; 0.44359421730041504; -0.19198988378047943; 1.3198087215423584; 0.1672818958759308; 
79; -0.04709422588348389; 0.4876536428928375; 0.22292354702949524; -0.30986544489860535; 1.3096131086349487; 0.4127487540245056; 
99; -0.42100879549980164; 0.5610541701316833; 0.2667624354362488; -0.3095962405204773; 1.1585181951522827; 0.23679247498512268; 
72; -0.40316182374954224; 0.5150588750839233; 0.4302276074886322; -0.2123676985502243; 1.287545919418335; 0.031565479934215546; 
55; -0.8723267316818237; 0.7623651027679443; 0.4145674705505371; -0.4745427370071411; 1.3762669563293457; 0.15943589806556702; 
75; -0.3436897397041321; 0.2686265707015991; 0.3134647607803345; -0.2159537822008133; 1.5424751043319702; 0.1888507604598999; 
66; -0.6351231336593628; 0.5379123687744141; 0.36408472061157227; -0.27615177631378174; 1.381603717803955; 0.10117945820093155; 
67; -0.8230873346328735; 0.4231063723564148; 0.66535484790802; -0.2676061987876892; 1.2963523864746094; 0.1208721473813057; 
68; -0.373898446559906; 0.49764207005500793; 0.4715755581855774; -0.2210913896560669; 1.3195772171020508; 0.10076936334371567; 
85; -0.1800997257232666; 0.5349968075752258; 0.3136069178581238; -0.1586020290851593; 1.1671655178070068; 0.05052555352449417; 
102; -0.41371119022369385; 0.622804582118988; 0.4477646052837372; -0.15369749069213867; 1.3447058200836182; 0.13119053840637207; 
83; -0.5115318298339844; 0.2738867998123169; 0.13631708920001984; -0.13682910799980164; 1.2273958921432495; 0.14005035161972046; 
101; -0.10766416788101196; 0.47064703702926636; 0.5639832019805908; -0.20778587460517883; 1.0720272064208984; 0.09567536413669586; 
112; -0.44383764266967773; 0.16862091422080994; -0.32630568742752075; -0.2579147219657898; 1.2356950044631958; 0.005723990499973297; 
109; -0.5116748213768005; 0.5498517751693726; 0.5802621841430664; -0.21046872437000275; 1.4105275869369507; 0.0724371150135994; 
105; -0.09500104188919067; 0.5028205513954163; 0.4466381072998047; -0.4013516902923584; 1.2826025485992432; 0.09296831488609314; 
117; -0.5232023000717163; 0.37752747535705566; -0.010319620370864868; -0.23846961557865143; 1.2647240161895752; 0.23127666115760803; 
107; -0.21519175171852112; 0.5046647191047668; 0.6085108518600464; -0.12204910814762115; 1.3133351802825928; 0.24805352091789246; 
119; -0.6625916361808777; 0.4593265950679779; 0.1482008695602417; -0.3576944172382355; 1.0720388889312744; -0.07868847250938416; 
114; -0.6219779849052429; 0.6163945198059082; 0.22998616099357605; -0.1998700648546219; 1.2728036642074585; 0.2536831200122833; 
108; -0.400304913520813; 0.7097855806350708; 0.5628864169120789; -0.25536048412323; 1.2198448181152344; 0.1413722038269043; 
103; -0.2542058229446411; 0.6923802495002747; 0.2718847990036011; -0.21446554362773895; 1.1687620878219604; 0.12942545115947723; 
116; -0.22087061405181885; 0.7274092435836792; 0.5406190156936646; -0.18498055636882782; 1.2033913135528564; 0.14491508901119232; 
111; -0.6551651954650879; 0.4520815908908844; 0.23782825469970703; -0.2045813500881195; 1.2192291021347046; 0.20795276761054993; 
113; -0.5202628970146179; 0.37074097990989685; 0.5640072822570801; -0.2572258710861206; 1.393754243850708; 0.3253248929977417; 
115; -0.18251943588256836; 0.5901504158973694; 0.29427334666252136; -0.1686059683561325; 1.3688329458236694; 0.3431617021560669; 
130; -0.49368172883987427; 0.6096740961074829; 0.3044716715812683; -0.13659755885601044; 1.2891367673873901; 0.10356303304433823; 
110; -0.2500479817390442; 0.6175092458724976; 0.3842580318450928; -0.1822645217180252; 1.3767359256744385; 0.3675224184989929; 
118; -0.1703130602836609; 0.8389715552330017; 0.43136343359947205; -0.14137950539588928; 1.1952383518218994; 0.1007518321275711; 
106; -0.801805317401886; 0.46326589584350586; 0.5403590798377991; -0.23854219913482666; 1.4957389831542969; 0.2522236406803131; 
129; -0.7738691568374634; 0.46347856521606445; -0.006075233221054077; -0.24324505031108856; 1.438759684562683; 0.27592557668685913; 
131; -0.37154191732406616; 0.5109512805938721; 0.515581488609314; -0.18639633059501648; 1.2834652662277222; 0.15823671221733093; 
123; -0.5076849460601807; 0.6419984102249146; 0.5146728754043579; -0.22772400081157684; 1.215827226638794; 0.08640286326408386; 
124; -0.5149298310279846; 0.8773738145828247; 0.29428672790527344; -0.025835782289505005; 1.292612075805664; 0.00388982892036438; 
120; -0.3441931903362274; 0.6852434873580933; 0.2657897472381592; -0.19678257405757904; 1.3399745225906372; 0.16446040570735931; 
122; -0.30944836139678955; 0.5627695918083191; 0.09730857610702515; -0.38129478693008423; 1.2821999788284302; 0.2926327586174011; 
121; -0.4846886694431305; 0.39702683687210083; -0.11593660712242126; -0.3066534399986267; 1.1884106397628784; 0.22734887897968292; 
128; -0.5293310284614563; 0.6874544620513916; 0.020536422729492188; -0.33904147148132324; 1.1215541362762451; 0.14864660799503326; 
125; -0.7768144011497498; 1.0509958267211914; 0.4039791226387024; -0.1301385909318924; 1.2834500074386597; 0.30667397379875183; 
126; -0.8311485052108765; 0.6277738809585571; 0.14562058448791504; -0.2595948576927185; 1.0989915132522583; 0.275589257478714; 
127; -1.018103003501892; 0.33965596556663513; 0.3871726095676422; -0.20684443414211273; 1.2111419439315796; 0.20435571670532227; 
147; -0.48408043384552; 0.6809723377227783; 0.6484143137931824; -0.13718600571155548; 1.3256794214248657; 0.23255714774131775; 
148; -0.20181483030319214; 0.6583977937698364; 0.47104471921920776; -0.05306321382522583; 1.2875298261642456; 0.07581212371587753; 
132; -0.14906692504882812; 0.34437787532806396; 0.15104490518569946; -0.33443617820739746; 1.427499771118164; 0.2687346935272217; 
136; -0.45831024646759033; 0.5825510025024414; 0.6442949771881104; -0.22829720377922058; 1.270535945892334; 0.08167750388383865; 
146; -0.4826861023902893; 0.631651759147644; 0.3685486912727356; -0.22625133395195007; 1.3480955362319946; 0.11409494280815125; 
104; 0.04366213083267212; 0.44809138774871826; 0.3604850172996521; -0.22183997929096222; 1.341537356376648; -0.04037880897521973; 
135; -0.5987200736999512; 0.558436393737793; 0.3863811790943146; -0.21616767346858978; 1.2829575538635254; 0.12665221095085144; 
144; -0.6035937666893005; 0.7262755036354065; 0.2597072720527649; -0.20750992000102997; 1.4134531021118164; 0.19997693598270416; 
134; -0.5197899341583252; 0.09210905432701111; 0.6969614028930664; -0.14123672246932983; 1.2853652238845825; 0.14105640351772308; 
137; -0.3188016414642334; 0.6618569493293762; 0.2658658027648926; -0.2173117846250534; 1.2963768243789673; 0.08512309193611145; 
133; -0.5087366104125977; 0.4307580590248108; 0.2571110725402832; -0.24671116471290588; 1.2183506488800049; 0.21174193918704987; 
138; -0.17015430331230164; 0.36073529720306396; 0.2649339437484741; -0.20280759036540985; 1.3352127075195312; 0.25068941712379456; 
141; -0.3979766368865967; 0.6808591485023499; 0.4179735779762268; -0.14236363768577576; 1.2907512187957764; 0.2984376847743988; 
142; -0.15553584694862366; 0.5885076522827148; 0.545474648475647; -0.2388269156217575; 1.2039791345596313; 0.14839041233062744; 
140; -0.3104087710380554; 0.9609988331794739; 0.23164719343185425; -0.3842899203300476; 1.3550981283187866; 0.35434794425964355; 
152; -0.13493171334266663; 0.6279694437980652; -0.013516217470169067; -0.35038602352142334; 1.2969279289245605; 0.020067736506462097; 
145; -0.646695613861084; 0.4910634160041809; 0.3700140118598938; -0.10064563155174255; 1.1217164993286133; 0.08350435644388199; 
154; -0.06504401564598083; 0.7782198786735535; 0.5185943245887756; -0.2238367348909378; 1.2853792905807495; 0.345610648393631; 
153; -0.7246849536895752; 0.5315682888031006; 0.4815104901790619; -0.2550584077835083; 1.137649416923523; 0.21775202453136444; 
150; 0.03530693054199219; 0.5381530523300171; 0.40527698397636414; -0.2578704357147217; 1.4887419939041138; 0.24205908179283142; 
159; -0.35179370641708374; 0.3091975748538971; 0.47489380836486816; -0.24021810293197632; 1.3673298358917236; 0.13085979223251343; 
167; -0.27394670248031616; 0.6883599758148193; 0.5639198422431946; -0.11162137985229492; 1.4997587203979492; 0.32452523708343506; 
158; -0.284981906414032; 0.3875109851360321; 0.2912989854812622; -0.2789503335952759; 1.6387598514556885; 0.30504757165908813; 
166; -0.2908105254173279; 0.31476718187332153; 0.47357821464538574; -0.3024888038635254; 1.526510238647461; 0.1310466229915619; 
165; -0.7344098687171936; 0.729117751121521; 0.046325355768203735; -0.2005125731229782; 1.2323483228683472; 0.14201591908931732; 
169; -0.6871037483215332; 0.48561742901802063; 0.2414136379957199; -0.17880047857761383; 1.2217094898223877; 0.19359499216079712; 
151; 0.21742242574691772; 0.9006990194320679; 0.862018883228302; -0.17293518781661987; 1.3745087385177612; 0.30443274974823; 
168; -0.31261375546455383; 0.820692241191864; 0.6814603209495544; -0.19123129546642303; 1.3215551376342773; 0.18568432331085205; 
143; -0.28935641050338745; 0.3915071487426758; 0.2809872031211853; -0.12371478974819183; 1.163955569267273; 0.18495260179042816; 
139; -0.13901424407958984; 0.5188731551170349; 0.335848331451416; -0.21329449117183685; 1.3366612195968628; 0.09521570056676865; 
175; -0.6253432035446167; 0.5994793772697449; 0.10505065321922302; -0.13656191527843475; 1.2370434999465942; 0.08702598512172699; 
162; -0.1525534689426422; 0.6925433874130249; 0.5463720560073853; -0.14442385733127594; 1.15517258644104; 0.18534259498119354; 
163; -0.33856791257858276; 0.33000195026397705; 0.2596461772918701; -0.33772891759872437; 1.3613436222076416; 0.13927073776721954; 
170; -0.7189666628837585; 0.816924512386322; 0.5454601645469666; -0.17452280223369598; 1.3065159320831299; 0.22547517716884613; 
164; -0.44514670968055725; 0.886985182762146; 0.32488715648651123; -0.24155814945697784; 1.5883166790008545; 0.06524123251438141; 
160; -0.30055150389671326; 0.3121437132358551; 0.4001940190792084; -0.1279662847518921; 1.3025152683258057; 0.25440511107444763; 
171; -0.2702656388282776; 0.2972179055213928; 0.5570323467254639; -0.14601989090442657; 1.3312755823135376; 0.31425023078918457; 
180; -0.16057637333869934; 0.2848827838897705; 0.6533710360527039; -0.2678128778934479; 1.3187388181686401; 0.12195609509944916; 
156; -0.25305789709091187; 0.7052797079086304; 0.16467730700969696; -0.11734773218631744; 1.2161519527435303; 0.17912614345550537; 
157; -0.4163230061531067; 0.6679690480232239; 0.028627991676330566; -0.20072636008262634; 1.223089575767517; 0.15444622933864594; 
188; -0.2077835202217102; 0.6533149480819702; 0.4790363609790802; -0.3137688934803009; 1.289431095123291; 0.23160956799983978; 
192; -0.2371809482574463; 0.5848357677459717; 0.13452130556106567; -0.1275320053100586; 1.3255794048309326; 0.0845005214214325; 
181; -0.0633687973022461; 0.7610408067703247; 0.34197163581848145; -0.2457941770553589; 1.2876744270324707; 0.28940218687057495; 
177; -0.2320740818977356; 0.4795205295085907; 0.6611132621765137; -0.20447923243045807; 1.3228827714920044; 0.1900966912508011; 
191; -0.4291340112686157; 0.09082308411598206; 0.16872574388980865; -0.1849055290222168; 1.2871241569519043; 0.12034808099269867; 
193; -0.45133906602859497; 0.5202386379241943; 0.6527329087257385; -0.19894473254680634; 1.2639137506484985; 0.17036312818527222; 
183; -0.372766375541687; 0.779985249042511; 0.1771135777235031; -0.3575707674026489; 1.1973315477371216; 0.23946639895439148; 
184; -0.4074631929397583; 0.5383579730987549; 0.44964173436164856; -0.09834817051887512; 1.216436743736267; 0.23960502445697784; 
161; -0.3284267783164978; 0.8799999952316284; 0.4121466875076294; -0.09517249464988708; 1.1633093357086182; 0.3385978937149048; 
186; -0.4736524224281311; 0.8670448660850525; 0.4125667214393616; -0.2275562882423401; 1.2768754959106445; 0.22094778716564178; 
174; -0.2221655249595642; 0.8422238826751709; 0.4300137162208557; -0.17936275899410248; 1.4970777034759521; 0.11270837485790253; 
189; -0.11677753925323486; 0.46406087279319763; 0.36332833766937256; -0.1767268180847168; 1.2610737085342407; 0.025380298495292664; 
194; -0.49120524525642395; 0.6272014379501343; 0.4975925385951996; -0.25750476121902466; 1.1605503559112549; 0.17316274344921112; 
173; -0.06679868698120117; 0.859389066696167; 0.48934638500213623; -0.25814497470855713; 1.412468433380127; -0.04016491770744324; 
172; -0.19103041291236877; 0.5507752895355225; 0.25028812885284424; -0.2685200572013855; 1.2905484437942505; 0.2241729348897934; 
179; -0.46926799416542053; 0.5288297533988953; 0.40514445304870605; -0.18723462522029877; 1.544069766998291; 0.29273778200149536; 
187; -0.32180678844451904; 0.8855935335159302; 0.13197685778141022; -0.051773056387901306; 1.2905032634735107; 0.2640077471733093; 
176; -0.12810230255126953; 0.7945997714996338; 0.2119741141796112; -0.3616798222064972; 1.095825433731079; 0.11049114912748337; 
185; -0.2550737261772156; 0.42487451434135437; 0.33009156584739685; -0.32073259353637695; 1.0642575025558472; 0.14047975838184357; 
195; -0.6699404120445251; 0.6530864238739014; 0.5749163627624512; -0.24513547122478485; 1.0419988632202148; 0.2231309413909912; 
155; -0.16648918390274048; 0.37756988406181335; 0.42973917722702026; -0.3785457909107208; 1.3399659395217896; 0.16728806495666504; 
190; -0.4151509404182434; 0.6222521066665649; 0.48707038164138794; -0.22959201037883759; 1.1653990745544434; 0.21977178752422333; 
197; -0.5517631769180298; 0.8133115768432617; 0.23477500677108765; -0.2950093150138855; 1.1576738357543945; 0.010462656617164612; 
178; 0.1397526115179062; 0.5096542835235596; 0.09481307864189148; -0.3132059574127197; 1.188493013381958; 0.08835695683956146; 
199; -0.6561461687088013; 0.4707176685333252; 0.39096760749816895; -0.047668084502220154; 1.3364673852920532; 0.10570508241653442; 
198; -0.5788345336914062; 0.6643990874290466; 0.5442299246788025; -0.13113903999328613; 1.1812641620635986; 0.0840374082326889; 
196; -0.06302487850189209; 0.4250452518463135; 0.0044259727001190186; -0.1596975326538086; 1.3216015100479126; 0.05324701964855194; 
182; -0.16056829690933228; 1.079553246498108; 0.6869958639144897; -0.10651865601539612; 1.3200100660324097; 0.06276582181453705; 
200; -0.5831208825111389; 0.23470023274421692; 0.6182341575622559; -0.2838638722896576; 1.2426838874816895; 0.18765872716903687; 
149; -0.5759499669075012; 0.5349938869476318; 0.5977009534835815; -0.34335827827453613; 1.3388042449951172; 0.2572479844093323; 
213; -0.16045445203781128; 0.414044052362442; 0.2641296088695526; -0.3597777783870697; 1.2093242406845093; 0.1826254427433014; 
202; -0.2829970717430115; 0.5193849802017212; -0.07865273952484131; -0.17879609763622284; 1.218423843383789; 0.15260641276836395; 
241; -0.35179752111434937; 0.6247055530548096; 0.45358049869537354; -0.027654245495796204; 1.2393534183502197; 0.19397374987602234; 
212; -0.13337528705596924; 0.8295881748199463; 0.425220251083374; -0.3344802260398865; 1.3577440977096558; 0.24001672863960266; 
223; -0.10210967063903809; 0.8582606911659241; 0.22128252685070038; -0.2395176887512207; 1.481414794921875; -0.05347353219985962; 
204; -0.6133834719657898; 0.2976745665073395; 0.4145309329032898; -0.13471099734306335; 1.0880872011184692; 0.18744011223316193; 
240; -0.43782180547714233; 0.7895200252532959; 0.43515121936798096; -0.14495036005973816; 1.387218713760376; 0.098683200776577; 
221; -0.38969993591308594; 0.5536044836044312; 0.4718342423439026; -0.24527037143707275; 1.438741683959961; 0.2519570589065552; 
200; -0.5831207633018494; 0.2347002774477005; 0.6182341575622559; -0.2838638424873352; 1.2426841259002686; 0.18765869736671448; 
244; -0.42178773880004883; 0.2481069564819336; 0.1796720176935196; -0.2812463045120239; 1.0414983034133911; 0.12190382927656174; 
205; -0.504300057888031; 0.3817231059074402; 0.034643203020095825; -0.2787292003631592; 1.1232105493545532; 0.0855637788772583; 
216; -0.9333210587501526; 0.31394195556640625; 0.290629506111145; -0.17732737958431244; 1.279106616973877; 0.1058088019490242; 
224; 0.07306253910064697; 0.8263237476348877; 0.4103095233440399; -0.11046060919761658; 1.3394651412963867; 0.016199573874473572; 
226; -0.04418528079986572; 0.6792737245559692; 0.609734833240509; -0.2663722038269043; 1.2325999736785889; 0.33392438292503357; 
237; -0.6979907751083374; 0.6898372173309326; 0.422087699174881; -0.19544227421283722; 1.3525722026824951; 0.15628394484519958; 
243; -0.4333191514015198; 0.541085958480835; 0.2361760288476944; -0.2993076741695404; 1.188256025314331; 0.1386837214231491; 
227; -0.3930480480194092; 0.7786740660667419; 0.48029112815856934; -0.28106778860092163; 1.4990882873535156; 0.1824573576450348; 
236; -0.26993006467819214; 0.5755444169044495; 0.40430158376693726; -0.2877535820007324; 1.1290905475616455; 0.15058986842632294; 
248; -0.28582701086997986; 0.4069652557373047; 0.5031607151031494; -0.226009339094162; 1.264908790588379; 0.16076937317848206; 
206; -0.320539265871048; 0.6723551750183105; 0.7571134567260742; -0.40537238121032715; 1.3155356645584106; 0.03636679798364639; 
238; -0.669837474822998; 0.5759454965591431; 0.4374748468399048; -0.19827045500278473; 1.2448502779006958; 0.09422071278095245; 
229; -0.458462119102478; 0.7090598940849304; 0.1586187481880188; -0.29056525230407715; 1.2935982942581177; 0.2243950366973877; 
214; -0.2815365791320801; 0.5302484631538391; 0.4137868881225586; -0.1658487170934677; 1.4524279832839966; 0.15945656597614288; 
231; -0.6148365139961243; 0.696927547454834; -0.17442908883094788; -0.1436137855052948; 1.4323439598083496; 0.18508027493953705; 
228; -0.2943263053894043; 0.4964832663536072; 0.5296112298965454; -0.30084243416786194; 1.328474998474121; 0.008739009499549866; 
234; -0.16392463445663452; 0.26537489891052246; 0.2504916191101074; -0.07424594461917877; 1.398547887802124; 0.10854249447584152; 
235; -0.5814197063446045; 0.3213081657886505; 0.39441701769828796; -0.18077006936073303; 1.3051890134811401; 0.16279742121696472; 
225; -0.613361120223999; 0.7407857179641724; 0.5285738706588745; -0.23627914488315582; 1.4012131690979004; 0.15456488728523254; 
209; -0.9083853960037231; 0.6703137159347534; 0.2614772319793701; -0.4581213593482971; 1.1570316553115845; 0.1543111354112625; 
251; -0.4132128357887268; 0.42466065287590027; 0.3078327775001526; -0.20822902023792267; 1.1898415088653564; 0.031516291201114655; 
220; -0.20522797107696533; 0.4756260812282562; 0.43143051862716675; -0.24638764560222626; 1.301580548286438; 0.3304014801979065; 
253; -0.1930241584777832; 0.6862964034080505; 0.3356834352016449; -0.1503748893737793; 1.4414403438568115; 0.2019224315881729; 
222; -0.07011416554450989; 0.5408865213394165; 0.18989461660385132; -0.09104360640048981; 1.335526466369629; 0.14009034633636475; 
207; -0.4430495798587799; 0.3610062003135681; 0.18165484070777893; -0.22669218480587006; 1.1382297277450562; 0.13670724630355835; 
218; -0.5542507171630859; 0.2921983003616333; 0.5143381357192993; -0.146682009100914; 1.2618293762207031; 0.38678574562072754; 
210; -0.4227553606033325; 0.7578710317611694; 0.4330248534679413; -0.4442282021045685; 1.2651019096374512; 0.10807561874389648; 
261; -0.06462210416793823; 0.521324634552002; 0.3779425323009491; -0.3524210751056671; 1.1603177785873413; 0.2500755488872528; 
215; -0.2246130108833313; 0.8163314461708069; 0.49388134479522705; -0.34589430689811707; 1.1384989023208618; 0.4548627734184265; 
258; -0.22835701704025269; 0.536551833152771; 0.2362252175807953; -0.4023802578449249; 1.3268241882324219; 0.27564576268196106; 
239; -0.9935869574546814; 0.2809620797634125; 0.49920153617858887; -0.12340259552001953; 1.2242294549942017; 0.1280411183834076; 
245; -0.3737655282020569; 0.7519498467445374; 0.462291955947876; -0.2504974901676178; 1.2016576528549194; 0.2509384751319885; 
256; -0.5737451314926147; 0.3043757379055023; 0.5265407562255859; -0.22396770119667053; 1.1445457935333252; 0.20911337435245514; 
208; -0.10794585943222046; 0.4799385666847229; 0.5480387210845947; -0.3826027512550354; 1.3276898860931396; 0.049263402819633484; 
219; -0.49528688192367554; 0.6912326812744141; 0.36557385325431824; -0.34520572423934937; 1.2820833921432495; -0.10026346147060394; 
203; -0.3269687294960022; 0.5189062356948853; 0.3376694619655609; -0.18961182236671448; 1.3577072620391846; 0.05257778614759445; 
211; -0.5209866762161255; 0.4820340871810913; 0.6054304242134094; -0.22853361070156097; 1.3177868127822876; 0.12171533703804016; 
275; -0.2784154415130615; 0.505703866481781; 0.18054145574569702; -0.11558224260807037; 1.1628129482269287; 0.1395580917596817; 
264; -0.30144768953323364; 0.4539816975593567; 0.0030333995819091797; -0.1406281590461731; 1.3490571975708008; 0.2389501929283142; 
246; -0.32243406772613525; 0.7876653671264648; 0.6747256517410278; -0.2420860230922699; 1.3213400840759277; 0.13755939900875092; 
232; -0.20045006275177002; 0.38178038597106934; 0.6008833646774292; -0.27607572078704834; 1.269623041152954; 0.15847694873809814; 
249; -0.39117056131362915; 0.4157165288925171; 0.4647270441055298; -0.42054998874664307; 1.3698291778564453; 0.32172098755836487; 
201; -0.37178361415863037; 0.6927927136421204; 0.2524590790271759; -0.1748473048210144; 1.392367959022522; 0.07742343842983246; 
269; -0.47403445839881897; 0.6687269806861877; 0.17976893484592438; -0.22810648381710052; 1.1254205703735352; 0.15165600180625916; 
266; -0.7339898347854614; 0.5003167986869812; 0.4278007745742798; -0.24172809720039368; 1.2795898914337158; 0.026715174317359924; 
252; -0.37347954511642456; 0.6913819313049316; 0.49829748272895813; -0.2612158954143524; 1.321781039237976; 0.04195636510848999; 
260; -0.41894179582595825; 0.7646108269691467; 0.333988219499588; -0.0010603368282318115; 1.04158616065979; -0.08054856956005096; 
267; -0.3660876452922821; 0.33394622802734375; -0.020795047283172607; -0.17388089001178741; 1.2671961784362793; 0.06539590656757355; 
265; -0.5245754718780518; 0.31797900795936584; 0.3055964708328247; -0.08277544379234314; 1.1959645748138428; 0.1466335952281952; 
217; -0.4005051851272583; 0.20373539626598358; 0.2443893998861313; -0.2951642870903015; 1.1487858295440674; 0.3641102910041809; 
276; -0.3461090922355652; 0.22210398316383362; 0.4436376094818115; -0.2897987365722656; 1.0593831539154053; 0.10772932320833206; 
294; 0.24769040942192078; 0.5603315234184265; 0.5438702702522278; -0.2021472007036209; 1.2268552780151367; -0.00016970932483673096; 
262; -0.5218410491943359; 0.29498201608657837; 0.3070273995399475; -0.16145966947078705; 1.2369537353515625; 0.23536764085292816; 
274; -0.3396695852279663; 0.8519226312637329; 0.5460337996482849; -0.3336934745311737; 1.4889781475067139; 0.21455048024654388; 
293; -0.23717725276947021; 1.013221025466919; 0.28800785541534424; -0.214041605591774; 1.1150330305099487; 0.23021423816680908; 
263; -0.5440053939819336; 0.3133193254470825; 0.20230555534362793; -0.2476203739643097; 1.3482762575149536; -0.05421355366706848; 
279; -0.6088495254516602; 0.497701495885849; 0.13165880739688873; -0.20341379940509796; 1.2778676748275757; 0.08384700119495392; 
254; -0.30179738998413086; 0.7476581335067749; 0.4119303226470947; -0.14224125444889069; 1.1781017780303955; 0.1141473576426506; 
285; -0.23492974042892456; 0.31241288781166077; 0.33825916051864624; -0.44745004177093506; 1.2434537410736084; 0.36509162187576294; 
270; -0.4274575114250183; 0.6327409148216248; 0.210834801197052; -0.18424749374389648; 1.233627200126648; 0.04408929497003555; 
300; -0.27354079484939575; 0.5636084079742432; 0.24565082788467407; -0.1509944647550583; 1.2185084819793701; 0.17713256180286407; 
287; -0.4018734097480774; 0.8243837356567383; 0.40681830048561096; -0.31776684522628784; 1.2770137786865234; 0.13271990418434143; 
286; -0.13505280017852783; 0.584022045135498; 0.5429611206054688; -0.21392180025577545; 1.4115941524505615; 0.1616385579109192; 
291; -0.41590213775634766; 0.4373307526111603; 0.523806631565094; -0.12723012268543243; 1.5773189067840576; 0.242412731051445; 
250; -0.22053533792495728; 0.20624232292175293; 0.28079280257225037; -0.338859498500824; 1.4703174829483032; 0.10343487560749054; 
302; -0.5945740938186646; 0.5244702100753784; 0.32422351837158203; -0.28781867027282715; 1.2184325456619263; 0.008367545902729034; 
281; -0.9787187576293945; 0.8028321266174316; -0.08999982476234436; -0.39625364542007446; 1.3222888708114624; 0.041686661541461945; 
290; -0.3283080458641052; 0.5899564027786255; 0.5469159483909607; -0.28515079617500305; 1.3417418003082275; 0.16825532913208008; 
242; -0.4019463062286377; 0.34669333696365356; 0.6301409602165222; -0.15061302483081818; 1.4447855949401855; 0.22132524847984314; 
298; -0.5864092707633972; 0.45426473021507263; 0.49319615960121155; -0.3168608546257019; 1.1587508916854858; 0.06810542941093445; 
230; -0.09152847528457642; 0.6141659021377563; 0.35746440291404724; -0.2223987579345703; 1.3337138891220093; 0.0664151981472969; 
292; -0.2446572184562683; 0.7750840187072754; 0.2568530738353729; -0.22146177291870117; 1.344954252243042; 0.14265066385269165; 
283; -0.25047266483306885; 0.5386155843734741; 0.5098189115524292; -0.21941861510276794; 1.257657766342163; 0.32395511865615845; 
289; -0.4921661615371704; 0.5638998746871948; 0.2762051820755005; 0.032442450523376465; 1.3381513357162476; 0.15484149754047394; 
282; 0.07479631900787354; 0.699743390083313; 0.34318602085113525; -0.17409302294254303; 1.1819632053375244; 0.24495932459831238; 
306; -0.4175577759742737; 0.5515955686569214; 0.4958290755748749; -0.3685527443885803; 1.414366602897644; 0.13507568836212158; 
277; -0.4538474678993225; 0.24155017733573914; 0.3185361623764038; -0.24210292100906372; 1.3900554180145264; 0.10728476941585541; 
296; 0.006562769412994385; 0.5038596391677856; 0.7028192281723022; -0.21359573304653168; 1.2721400260925293; -0.041268885135650635; 
247; -0.16328200697898865; 0.37027284502983093; 0.39452821016311646; -0.2731676399707794; 1.3610659837722778; 0.2616339921951294; 
233; -0.13415703177452087; 0.5172865986824036; 0.4593070149421692; -0.02999119460582733; 1.5153069496154785; 0.19858142733573914; 
284; -0.05442005395889282; 0.5978899598121643; 0.8830747604370117; -0.10011492669582367; 1.3345541954040527; 0.017983227968215942; 
308; -0.13398557901382446; 0.7535199522972107; 0.6432672739028931; -0.1987660527229309; 1.3790249824523926; 0.13594366610050201; 
278; -0.38645732402801514; 0.5241087079048157; 0.43797567486763; -0.1468726247549057; 1.3140472173690796; 0.1508520096540451; 
315; 0.025745660066604614; 0.7754110097885132; 0.29828140139579773; -0.256675660610199; 1.5239686965942383; -0.050344035029411316; 
268; -0.4790366291999817; 0.854567289352417; 0.5944624543190002; -0.16419975459575653; 1.1830048561096191; 0.12235252559185028; 
257; 0.17345654964447021; 0.8064653873443604; 0.7847857475280762; -0.051093220710754395; 1.225510835647583; 0.0261298269033432; 
307; -0.31506621837615967; 0.6902529001235962; 0.27630484104156494; -0.19090190529823303; 1.3165042400360107; 0.2209661900997162; 
280; -0.059734880924224854; 0.6658485531806946; 0.4926259517669678; -0.1711769849061966; 1.5120103359222412; 0.10061322152614594; 
309; -0.36578822135925293; 0.7646682262420654; 0.5216611623764038; -0.04473899304866791; 1.3242141008377075; 0.21251457929611206; 
297; -0.24883988499641418; 0.20846737921237946; 0.4304424524307251; -0.1808156818151474; 1.3066682815551758; 0.155775785446167; 
272; -0.4832773208618164; 0.7430932521820068; 0.16239279508590698; -0.1020808219909668; 1.1880098581314087; 0.20763111114501953; 
301; -0.37600618600845337; 0.7689332962036133; 0.18518781661987305; -0.4063577651977539; 1.3937840461730957; 0.14584185183048248; 
304; -0.6901107430458069; 0.2391403168439865; 0.25279495120048523; -0.14694982767105103; 1.3310894966125488; 0.12694129347801208; 
312; -0.5124167203903198; 0.6112963557243347; 0.39825594425201416; -0.28190377354621887; 1.355474829673767; 0.04432612657546997; 
310; -0.4139838218688965; 0.4775618016719818; 0.627363920211792; -0.1393197476863861; 1.4330437183380127; 0.44345223903656006; 
288; -0.32480648159980774; 0.6634249687194824; 0.5879291296005249; -0.12813282012939453; 1.155358910560608; 0.11614442616701126; 
273; -1.1596405506134033; 0.3214729428291321; 0.6245665550231934; -0.2309962958097458; 1.1622580289840698; 0.1555461436510086; 
305; -0.7253527045249939; 0.6542901396751404; 0.3353990912437439; -0.1971874237060547; 1.1769896745681763; 0.12333282828330994; 
314; -0.5172077417373657; 0.8117760419845581; 0.5515816807746887; -0.3582964539527893; 1.2727978229522705; 0.1293790638446808; 
316; -0.3401581048965454; 0.6646143198013306; 0.3369878828525543; -0.23626667261123657; 1.4253473281860352; 0.17099906504154205; 
323; -0.10094389319419861; 0.6481853723526001; 0.2875783145427704; -0.13245803117752075; 1.3583102226257324; 0.13439445197582245; 
259; -0.3707837462425232; 0.8615128993988037; 0.2817670702934265; -0.18788430094718933; 1.1768497228622437; 0.06387455016374588; 
331; -0.2417675256729126; 0.7109339833259583; 0.39320826530456543; -0.2534669041633606; 1.3494435548782349; 0.15738755464553833; 
311; -0.6013045310974121; 0.6929992437362671; 0.6055200099945068; -0.3821284770965576; 1.306136131286621; 0.14370989799499512; 
313; -0.17890217900276184; 0.5213085412979126; 0.16591216623783112; -0.2882758378982544; 1.1837331056594849; -0.021697700023651123; 
326; -0.3666689991950989; -0.015906214714050293; 0.10328544676303864; -0.2202295958995819; 1.1875998973846436; 0.155185729265213; 
299; -0.2792784571647644; 0.504240095615387; 0.49784722924232483; -0.15256433188915253; 1.4914799928665161; 0.29211926460266113; 
327; 0.18618550896644592; 0.6687288284301758; 0.4177604019641876; -0.39067089557647705; 1.1759288311004639; 0.13440841436386108; 
341; -0.6963393688201904; 0.3954268991947174; 0.690159261226654; -0.39425235986709595; 1.2386246919631958; 0.12173564732074738; 
334; -0.26922598481178284; 0.4923449754714966; 0.19592773914337158; -0.31019049882888794; 1.2123496532440186; 0.10286547988653183; 
317; -0.38333213329315186; 0.7023500204086304; 0.281759649515152; -0.23671478033065796; 1.112185001373291; 0.017005138099193573; 
295; -0.27982664108276367; 0.48980098962783813; 0.35156285762786865; -0.18911543488502502; 1.463815689086914; 0.1712222397327423; 
319; -0.22807693481445312; 0.42469069361686707; 0.5747731924057007; -0.25556015968322754; 1.2818279266357422; 0.12783685326576233; 
328; -0.8704448938369751; 0.20143601298332214; 0.3848605453968048; -0.18709048628807068; 1.1059091091156006; 0.2613794207572937; 
330; -0.3092959523200989; 0.800536036491394; 0.6290628910064697; -0.32397764921188354; 1.296463966369629; 0.02750466763973236; 
336; -0.2917255163192749; 0.6340640783309937; 0.5517271757125854; -0.19712446630001068; 1.2035822868347168; 0.12908639013767242; 
255; -0.43469566106796265; 0.5974036455154419; 0.574485182762146; -0.37122440338134766; 1.1630613803863525; 0.0039093345403671265; 
271; -0.08781176805496216; 0.44422003626823425; 0.44987550377845764; -0.08965106308460236; 1.4625979661941528; 0.1707368642091751; 
332; -0.26575160026550293; 0.5186341404914856; 0.5313214063644409; -0.057003915309906006; 1.0126819610595703; 0.25641217827796936; 
325; -0.37394681572914124; 0.5768767595291138; 0.2057141661643982; -0.331612765789032; 1.264404296875; 0.2259150743484497; 
320; -0.48770466446876526; 0.41987931728363037; 0.30842655897140503; -0.3864327669143677; 1.205992341041565; 0.13082540035247803; 
303; -0.0074808597564697266; 0.7774665951728821; 0.3636961579322815; -0.15791937708854675; 1.1909739971160889; 0.1356828212738037; 
329; -0.12999659776687622; 0.6229687929153442; 0.3502374589443207; -0.3136143684387207; 1.3596076965332031; 0.06326384842395782; 
324; -0.4778090715408325; 0.6297213435173035; 0.21821251511573792; -0.36607587337493896; 1.3045940399169922; 0.21177038550376892; 
357; -0.07553976774215698; 0.6964095830917358; 0.5822967290878296; -0.23618802428245544; 1.1830042600631714; 0.2595949172973633; 
318; -0.18473464250564575; 0.33402758836746216; 0.44301170110702515; -0.12990063428878784; 1.3584039211273193; 0.06622837483882904; 
322; -0.8309122920036316; 0.6816264390945435; 0.26558130979537964; -0.18506400287151337; 1.2824246883392334; 0.1620943248271942; 
335; -0.5015186071395874; 0.49906373023986816; 0.2949966788291931; -0.2173948585987091; 1.2207483053207397; 0.05667245388031006; 
351; -0.3509503901004791; 0.565924882888794; 0.5030100345611572; -0.3754703998565674; 1.4428757429122925; 0.14284363389015198; 
366; -0.46870124340057373; 0.928717851638794; 0.08614331483840942; -0.2666657269001007; 1.4035652875900269; 0.0844251960515976; 
337; -1.0032989978790283; 0.47930219769477844; 0.23003429174423218; -0.3276965618133545; 1.2063053846359253; 0.2511090040206909; 
343; -0.25702565908432007; 0.7442269325256348; 0.25420260429382324; -0.387695848941803; 1.2687451839447021; 0.23064175248146057; 
339; -0.09990283846855164; 0.46774354577064514; 0.4662419557571411; -0.38029566407203674; 1.1073267459869385; 0.05527850240468979; 
356; -0.5846608877182007; 0.5412988662719727; 0.30083614587783813; -0.2988121211528778; 1.35453462600708; 0.12002088129520416; 
352; -0.28840234875679016; 0.5268869996070862; 0.48748961091041565; -0.30905142426490784; 1.210834264755249; -0.08163377642631531; 
347; -0.17354854941368103; 0.3627462685108185; 0.4925726652145386; -0.1489458680152893; 1.3491839170455933; 0.21050451695919037; 
349; 0.23045092821121216; 0.9147847890853882; 0.5833197832107544; -0.193020299077034; 1.355970859527588; 0.33751723170280457; 
344; -0.7259097099304199; 0.5030584931373596; 0.39485660195350647; -0.2824949026107788; 1.2438337802886963; 0.12063876539468765; 
350; -0.35825300216674805; 0.869093120098114; 0.4745790958404541; -0.1581016480922699; 1.1466023921966553; 0.12839721143245697; 
348; -0.5868213176727295; 0.5664678812026978; 0.18590354919433594; -0.2508367896080017; 1.2655932903289795; 0.16753357648849487; 
346; -0.1786174476146698; 0.6507096886634827; 0.18145406246185303; -0.17373181879520416; 1.2946399450302124; 0.16486415266990662; 
338; -0.3258473575115204; 0.41145598888397217; 0.3128965497016907; -0.26668959856033325; 1.1802256107330322; 0.11701031774282455; 
369; -0.130906879901886; 0.5877856612205505; 0.4129262864589691; -0.1783265918493271; 1.287597894668579; 0.24862821400165558; 
342; -0.3210200071334839; 0.3267945945262909; 0.7670679092407227; -0.1255374699831009; 1.1268664598464966; 0.262248694896698; 
360; -0.8730698227882385; 0.7138487100601196; 0.19934171438217163; -0.25326234102249146; 1.2069854736328125; -0.003991454839706421; 
345; -0.3603881895542145; 0.3674424886703491; 0.3805798590183258; -0.3484755754470825; 1.346400499343872; 0.2746834456920624; 
355; -0.14161118865013123; 0.5321698784828186; 0.5102241635322571; -0.2610258460044861; 1.2447582483291626; 0.25501787662506104; 
367; -0.038229942321777344; 1.1065436601638794; 0.6849433779716492; -0.1921684294939041; 1.3624111413955688; 0.08616805821657181; 
364; -0.2438044548034668; 0.9189778566360474; 0.32189786434173584; -0.32532110810279846; 1.327068567276001; 0.11634939908981323; 
379; -0.3215128183364868; 0.6388232707977295; 0.2298775017261505; -0.23930755257606506; 1.3315118551254272; 0.21096786856651306; 
372; -0.5999249815940857; 0.5778337717056274; 0.5447392463684082; -0.22040198743343353; 1.2226533889770508; 0.1331881880760193; 
368; -0.3509659171104431; 0.7088366746902466; 0.2759389281272888; -0.38107559084892273; 1.3364968299865723; 0.060600876808166504; 
354; -0.6276811361312866; 0.5512672662734985; 0.32011374831199646; -0.13056530058383942; 1.3179090023040771; 0.14175784587860107; 
370; -0.5097882747650146; 0.47839176654815674; 0.2020326852798462; -0.3066363036632538; 1.3085873126983643; -0.007171988487243652; 
353; -0.6294561624526978; 0.7657174468040466; 0.7143182158470154; -0.27190032601356506; 1.293553352355957; 0.0176285058259964; 
377; -0.5203454494476318; 0.6839597225189209; 0.34886178374290466; -0.15575848519802094; 1.351646900177002; 0.2799872159957886; 
333; -0.6712680459022522; 0.8035306334495544; 0.7375377416610718; -0.32989025115966797; 1.1713751554489136; 0.025502055883407593; 
391; -0.4051755666732788; 0.3887111246585846; 0.3279413878917694; -0.22960829734802246; 1.3351694345474243; 0.12685874104499817; 
362; -0.6704607009887695; 0.6416770219802856; 0.31343477964401245; -0.22915516793727875; 1.2470767498016357; 0.25178202986717224; 
375; -0.7368823885917664; 0.3998003602027893; 0.45915257930755615; -0.21035675704479218; 1.1945329904556274; 0.11306945234537125; 
373; -0.3774239420890808; 0.47784197330474854; 0.42072945833206177; -0.03834596276283264; 1.4947885274887085; 0.2224046289920807; 
380; -0.04761546850204468; 0.6919364333152771; 0.3253172039985657; -0.17467333376407623; 1.1754461526870728; 0.20130427181720734; 
376; -0.45078158378601074; 0.9998569488525391; 0.8224097490310669; -0.3131367564201355; 1.434522032737732; 0.1482205092906952; 
374; -0.4069164991378784; 0.38445764780044556; -0.04420715570449829; -0.31581979990005493; 1.241787314414978; 0.24216145277023315; 
397; -0.30369797348976135; 0.3237746059894562; 0.46393752098083496; -0.31769418716430664; 1.3094124794006348; 0.23603162169456482; 
363; -0.6690906882286072; 0.7872645854949951; 0.13775286078453064; -0.2796584367752075; 1.1623889207839966; 0.06873667985200882; 
385; -0.45910269021987915; 0.4871556758880615; 0.47300517559051514; -0.3086501359939575; 1.4232062101364136; 0.24531254172325134; 
321; 0.5251659154891968; 0.6579612493515015; 0.3104298412799835; -0.18105962872505188; 1.359776496887207; 0.13593079149723053; 
340; -0.45319250226020813; 0.7980297803878784; 0.46881306171417236; -0.15962351858615875; 1.4382768869400024; 0.1787591278553009; 
403; -0.3650263845920563; 0.5429782271385193; 0.3622738718986511; -0.25558024644851685; 1.3436473608016968; 0.22291798889636993; 
378; -0.4359856843948364; 0.8932149410247803; 0.6481068134307861; -0.16588903963565826; 1.3270859718322754; 0.016560494899749756; 
390; -0.3759382367134094; 0.8837285041809082; 0.3876296877861023; -0.10945887863636017; 1.3719488382339478; 0.03348886966705322; 
388; -0.27953624725341797; 0.891040563583374; 0.5827446579933167; -0.3860408663749695; 1.292909026145935; 0.2820177376270294; 
389; -0.610355019569397; 0.7333087921142578; -0.16698065400123596; -0.08147254586219788; 1.2643617391586304; 0.19619259238243103; 
393; -0.4139883518218994; 0.5761734843254089; 0.25281983613967896; -0.20099134743213654; 1.1167582273483276; 0.23016765713691711; 
395; -0.42685461044311523; 0.37668710947036743; 0.40503576397895813; -0.2611914277076721; 1.20003342628479; 0.13258351385593414; 
371; -0.15058940649032593; 0.738905131816864; 0.6478100419044495; -0.359244167804718; 1.3221930265426636; 0.2072257399559021; 
402; -0.5542731285095215; 0.4710060954093933; 0.30237096548080444; -0.19605015218257904; 1.349233865737915; 0.0365876778960228; 
404; -0.1977543830871582; 0.4221622943878174; 0.4989727735519409; -0.3149867057800293; 1.3143914937973022; 0.22943377494812012; 
382; 0.027168571949005127; 0.43457213044166565; 0.22707653045654297; -0.32140010595321655; 1.2315183877944946; 0.07578939199447632; 
384; -0.16407448053359985; 0.5559287667274475; 0.23746784031391144; -0.17714914679527283; 1.4354395866394043; 0.043671950697898865; 
420; -0.07617703080177307; 0.5765437483787537; 0.107744961977005; -0.20223091542720795; 1.195807933807373; 0.03318409621715546; 
418; -0.5915306806564331; 0.5996164083480835; 0.28249984979629517; -0.17125949263572693; 1.3078598976135254; 0.2615182101726532; 
361; -0.2992625832557678; 0.4805850088596344; 0.31036490201950073; -0.21871349215507507; 0.9756500124931335; 0.16420978307724; 
409; -0.6295759081840515; 0.5772838592529297; 0.44961538910865784; -0.3403746485710144; 1.2868448495864868; 0.34293708205223083; 
383; -0.25700560212135315; 0.6771002411842346; 0.41608771681785583; -0.22616398334503174; 1.265344500541687; 0.07883256673812866; 
406; -0.6501160860061646; 0.4339611828327179; 0.07767236232757568; -0.2126174122095108; 1.2823623418807983; 0.1591021865606308; 
358; -0.52141273021698; 0.6516165733337402; -0.04248812794685364; -0.18076109886169434; 1.3079919815063477; -0.018804222345352173; 
411; -0.35592857003211975; 0.4614444077014923; 0.4628477394580841; -0.1665555238723755; 1.227933406829834; 0.14786191284656525; 
398; -0.16222703456878662; 0.5968050956726074; 0.47884616255760193; -0.41919153928756714; 1.17816162109375; 0.2526445984840393; 
359; -0.21432632207870483; 0.6041730642318726; 0.36288315057754517; -0.22182509303092957; 1.2024457454681396; 0.12316551804542542; 
413; -1.065335988998413; 0.81578528881073; 0.5179451107978821; -0.18199016153812408; 1.285117506980896; 0.06277704238891602; 
392; -0.34229981899261475; 0.7361262440681458; 0.496662437915802; -0.2996639609336853; 1.1467666625976562; 0.21138454973697662; 
412; -0.3311764597892761; 0.6051303148269653; 0.22512857615947723; -0.09831361472606659; 1.1783877611160278; 0.3067227005958557; 
396; -0.8270629644393921; 0.21085083484649658; 0.6536795496940613; -0.1991172730922699; 1.1411494016647339; 0.2150173783302307; 
425; -0.5638583898544312; 0.604062557220459; -0.07595646381378174; -0.38621073961257935; 1.1415073871612549; 0.057240188121795654; 
410; -0.14285370707511902; 0.6471402049064636; 0.4933598041534424; -0.38277649879455566; 1.2018898725509644; 0.2076008915901184; 
421; -0.37632209062576294; 0.5491966009140015; 0.431168794631958; -0.39299437403678894; 1.210601568222046; 0.18220925331115723; 
422; 0.09685319662094116; 0.4050259292125702; 0.2659991383552551; -0.11635318398475647; 1.3078124523162842; 0.2991679012775421; 
428; -0.28172460198402405; 0.4003484845161438; 0.0953531265258789; -0.24274124205112457; 1.1179386377334595; 0.19621941447257996; 
417; -0.49296969175338745; 0.4219812750816345; 0.1897859275341034; -0.24684123694896698; 1.3115288019180298; 0.050841934978961945; 
407; -0.45267459750175476; 0.5706712603569031; 0.40013769268989563; -0.2784420847892761; 1.3055834770202637; 0.10192444920539856; 
427; -0.410996675491333; 0.5635284185409546; 0.4584712088108063; -0.18694667518138885; 1.3572105169296265; 0.07673481106758118; 
400; -0.006426393985748291; 0.28169965744018555; 0.39797642827033997; -0.16172458231449127; 1.414534330368042; 0.04344072937965393; 
394; -0.3140884339809418; 0.5324565172195435; 0.2338108867406845; -0.33717066049575806; 1.1455522775650024; 0.19072231650352478; 
405; -0.43509441614151; 0.7500102519989014; 0.7421579360961914; -0.19432571530342102; 1.376926302909851; 0.08205494284629822; 
426; -0.1702786684036255; 0.4057066738605499; 0.4351041913032532; -0.1591278612613678; 1.2605221271514893; 0.12220942974090576; 
438; -0.12919491529464722; 0.7370715141296387; 0.6914410591125488; -0.104395791888237; 1.3124557733535767; 0.22376659512519836; 
419; -0.6234259009361267; 0.4526219069957733; 0.1041741669178009; -0.12410610914230347; 1.2490005493164062; 0.08466836810112; 
434; -0.4997938275337219; 0.36302173137664795; -0.28185227513313293; -0.2385694980621338; 1.234611988067627; 0.2807132601737976; 
381; -0.5215772390365601; 0.6042263507843018; 0.2355118691921234; -0.1342187225818634; 1.338211178779602; 0.022201091051101685; 
365; -0.8392727375030518; 0.5518772006034851; -0.16123977303504944; -0.1408122330904007; 1.2977243661880493; 0.02120092511177063; 
431; -0.17074087262153625; 0.5007340312004089; -0.1356009840965271; -0.13500478863716125; 1.1801737546920776; 0.19749882817268372; 
423; -0.5686421990394592; 0.635377049446106; 0.2702132761478424; -0.32100850343704224; 1.179744839668274; 0.17181283235549927; 
443; -0.5224243402481079; 0.7205603122711182; 0.14187973737716675; -0.1958206743001938; 1.5262211561203003; 0.30655303597450256; 
442; -0.1687048375606537; 0.31755584478378296; 0.20264706015586853; -0.3538200259208679; 1.463735818862915; 0.19215896725654602; 
444; -0.33697420358657837; 0.5083808898925781; 0.4055634140968323; -0.3358416259288788; 1.2240920066833496; 0.18581363558769226; 
432; -0.31320425868034363; 0.17612680792808533; 0.02599969506263733; -0.3258095681667328; 1.2658073902130127; -0.05649551749229431; 
436; -0.35752999782562256; 0.8612284660339355; 0.432678759098053; -0.21793505549430847; 1.292759895324707; 0.10671447217464447; 
437; -0.18124926090240479; 0.41491857171058655; 0.2493455708026886; -0.20322108268737793; 1.145722508430481; 0.08662243187427521; 
439; -0.2899594306945801; 0.6166324615478516; 0.34356072545051575; -0.42804062366485596; 1.2630003690719604; 0.130450040102005; 
445; -0.30110448598861694; 0.6654590368270874; 0.29300686717033386; -0.35330820083618164; 1.2593510150909424; 0.17001698911190033; 
387; -0.2560902535915375; 0.5759144425392151; 0.4005623757839203; -0.3166772723197937; 1.2901965379714966; 0.08006832748651505; 
459; -0.1587226390838623; 0.6146761178970337; 0.6640622019767761; -0.11681587994098663; 1.2782953977584839; 0.23233182728290558; 
440; -0.4492342472076416; 0.6077756881713867; 0.20807577669620514; -0.2910030484199524; 1.0513882637023926; 0.046684786677360535; 
401; -0.5007687211036682; 0.694446325302124; 0.46682143211364746; -0.22730736434459686; 1.4760632514953613; 0.16216427087783813; 
399; -0.578774094581604; 0.36936894059181213; 0.3939396142959595; -0.1979288011789322; 1.2808486223220825; 0.17401862144470215; 
408; -0.6807628870010376; 0.8121377229690552; 0.6660528779029846; -0.16679911315441132; 1.2601194381713867; 0.07566443085670471; 
454; -0.28203025460243225; 0.6548216938972473; 0.44189324975013733; -0.17444324493408203; 1.3785960674285889; 0.3706223964691162; 
452; -0.07504615187644958; 0.48109591007232666; 0.16382050514221191; -0.3535770773887634; 1.0779049396514893; 0.2004466950893402; 
468; -0.6098069548606873; 0.678184449672699; 0.18763373792171478; -0.36122703552246094; 1.4769378900527954; 0.18616044521331787; 
474; -0.2743118405342102; 0.4408576488494873; 0.604190468788147; -0.28194934129714966; 1.2175372838974; 0.14181137084960938; 
453; -0.4364945590496063; 0.38693633675575256; 0.3738933205604553; -0.22493404150009155; 1.2163008451461792; 0.2448720633983612; 
448; -0.366151362657547; 0.7706170082092285; 0.4924805164337158; -0.3062617778778076; 1.1299948692321777; 0.3127301335334778; 
467; 0.09934660792350769; 0.7253177165985107; 0.32276788353919983; -0.046893492341041565; 1.2514005899429321; 0.30753660202026367; 
441; -0.284080445766449; 0.6012684106826782; 0.38330042362213135; -0.31220027804374695; 1.2330689430236816; 0.13231857120990753; 
450; -0.2866500914096832; 0.5148259997367859; 0.5756388306617737; -0.09932060539722443; 1.4091306924819946; 0.14624252915382385; 
476; -0.5742453932762146; 0.4427841305732727; 0.04357272386550903; -0.3026007413864136; 1.2330876588821411; 0.1743936985731125; 
480; -1.0767267942428589; 0.380717933177948; 0.36110857129096985; -0.41557592153549194; 1.2606725692749023; 0.12668679654598236; 
416; -0.24285763502120972; 0.8326607942581177; 0.4959757328033447; -0.2118644118309021; 1.409459114074707; 0.23722876608371735; 
457; -0.19704270362854004; 0.6957980990409851; 0.18247303366661072; -0.13507182896137238; 1.30649733543396; 0.27398595213890076; 
458; -0.16569331288337708; 0.5781165361404419; 0.49488845467567444; -0.10432778298854828; 1.1857707500457764; 0.18031655251979828; 
463; -0.2471798062324524; 0.33305126428604126; 0.6833719611167908; -0.2938152253627777; 1.2944416999816895; 0.099972665309906; 
414; -0.10237622261047363; 1.2377228736877441; 0.6999871730804443; -0.2741779088973999; 1.3806627988815308; 0.20573106408119202; 
470; -0.5037534236907959; 0.46522876620292664; 0.33875352144241333; -0.28841933608055115; 1.0101120471954346; 0.10971932113170624; 
455; -0.1896904706954956; 0.658348798751831; 0.004409700632095337; -0.2803071141242981; 1.2948344945907593; 0.15192744135856628; 
430; -0.4416486322879791; 0.4717797040939331; 0.6076250672340393; -0.21155467629432678; 1.1835789680480957; 0.22535091638565063; 
386; -0.7131935358047485; 0.14504213631153107; 0.4839693307876587; -0.29976874589920044; 1.2736982107162476; 0.051626771688461304; 
456; -0.26951026916503906; 0.7539240121841431; 0.6483103036880493; -0.27480101585388184; 1.1921201944351196; 0.12720990180969238; 
449; -0.1320156455039978; 0.3722245395183563; 0.44377458095550537; -0.1810896396636963; 1.1404200792312622; 0.22013121843338013; 
466; -0.5725127458572388; 0.26657477021217346; 0.17512887716293335; -0.35019606351852417; 1.4196974039077759; 0.19401732087135315; 
433; -0.5769610404968262; 0.3953179121017456; 0.4768381416797638; -0.2845383286476135; 1.2476704120635986; 0.15871432423591614; 
461; -0.3084731698036194; 0.36577486991882324; 0.29921919107437134; -0.1275480091571808; 1.5921385288238525; 0.3303596079349518; 
451; -0.5465340614318848; 0.4847525358200073; 0.48050442337989807; -0.3283845782279968; 1.2037395238876343; 0.08337388187646866; 
460; -0.6792916059494019; 0.5646989345550537; 0.2638311982154846; -0.3082623779773712; 1.1541424989700317; 0.11096704006195068; 
464; -0.4572148621082306; 0.5114859342575073; 0.44535303115844727; -0.4468216300010681; 1.1866841316223145; 0.014309890568256378; 
462; -0.6366996765136719; 0.5207847952842712; 0.06977398693561554; -0.2968302369117737; 1.2019497156143188; 0.1530800759792328; 
469; -0.30905625224113464; 0.7550069093704224; 0.28138068318367004; -0.26453378796577454; 1.2028493881225586; 0.2651444971561432; 
487; -0.18800592422485352; 0.48868224024772644; 0.6026157736778259; -0.17073644697666168; 1.24704110622406; 0.3913916051387787; 
483; -0.1870027780532837; 0.9286859631538391; 0.5884416103363037; -0.08828121423721313; 1.4284186363220215; 0.13807553052902222; 
447; -0.7216770052909851; 0.5988664031028748; 0.5754480361938477; -0.15473057329654694; 1.4074674844741821; 0.13421687483787537; 
477; -0.6176814436912537; 0.6893237829208374; 0.6502509117126465; -0.301494300365448; 1.2583510875701904; 0.05630169063806534; 
415; -0.32626229524612427; 0.609546959400177; -0.15577620267868042; -0.11770385503768921; 0.9821463823318481; 0.18130388855934143; 
472; -0.22936421632766724; 0.8501287698745728; 0.4972768723964691; -0.32492300868034363; 1.3340840339660645; 0.1902337670326233; 
475; -0.6211183071136475; 0.4535702168941498; 0.24266447126865387; -0.10627755522727966; 1.2853660583496094; 0.022192969918251038; 
471; -0.4067227244377136; 0.5619819760322571; 0.2284197062253952; -0.3273915648460388; 1.1899003982543945; 0.15462109446525574; 
424; -0.6635700464248657; 0.4598945081233978; 0.42758291959762573; -0.2371637374162674; 1.2405661344528198; 0.0652952790260315; 
435; -0.3317814767360687; 0.433225154876709; 0.1700061410665512; -0.2159084677696228; 1.169379472732544; 0.11563155055046082; 
479; -0.5702342987060547; 0.7423920631408691; 0.6099506616592407; -0.22582174837589264; 1.3114486932754517; 0.2528727352619171; 
496; -0.25882554054260254; 0.7724373936653137; 0.3978898823261261; -0.032985761761665344; 1.3514164686203003; 0.03871321678161621; 
484; -0.462520956993103; 0.7644095420837402; 0.45201441645622253; -0.008698925375938416; 1.1223615407943726; 0.11523157358169556; 
465; -0.7137044072151184; 0.5426473021507263; 0.35673630237579346; -0.2592286169528961; 1.217332124710083; 0.17298589646816254; 
485; -0.3905308246612549; 0.40218082070350647; 0.5685634613037109; -0.2286795824766159; 1.2752232551574707; 0.11261850595474243; 
486; -0.42604637145996094; 0.5549978017807007; 0.10669216513633728; -0.20171840488910675; 1.1804910898208618; 0.2253512293100357; 
473; -0.22671175003051758; 0.6686409711837769; 0.1552264392375946; -0.28810933232307434; 1.259711503982544; 0.20859955251216888; 
491; 0.052620112895965576; 0.5063872337341309; 0.5261754989624023; -0.3887776732444763; 1.3583402633666992; 0.23430135846138; 
488; -0.18507742881774902; 0.5444079637527466; 0.35026219487190247; -0.13070590794086456; 1.3415566682815552; 0.25970497727394104; 
481; -0.26645028591156006; 0.7757776975631714; 0.28429579734802246; -0.15241998434066772; 1.2491340637207031; 0.26435112953186035; 
429; -0.478129118680954; 0.6181191802024841; 0.2468702346086502; -0.30807164311408997; 1.2952715158462524; 0.07182635366916656; 
446; 0.035394489765167236; 0.919888973236084; 0.3047853708267212; -0.19787025451660156; 1.3382666110992432; 0.07427729666233063; 
493; -0.58546382188797; 0.499222993850708; 0.3293561041355133; -0.17418092489242554; 1.3221021890640259; 0.16549021005630493; 
478; -0.2675057649612427; 0.5103513598442078; 0.3935026228427887; -0.29052072763442993; 1.3595173358917236; 0.2013348489999771; 
499; -0.2695041298866272; 0.6561641693115234; 0.2574126422405243; -0.20878317952156067; 1.3043071031570435; 0.26564595103263855; 
490; -0.6904688477516174; 0.7401710152626038; 0.2574707567691803; -0.26409754157066345; 1.2034435272216797; 0.10525398701429367; 
495; 0.029128313064575195; 0.8458809852600098; 0.5699202418327332; -0.25616249442100525; 1.4568257331848145; 0.06029301881790161; 
497; -0.511384129524231; 0.27960044145584106; 0.36765775084495544; -0.17988784611225128; 1.2436378002166748; 0.05563610792160034; 
489; -0.24971896409988403; 0.6032801866531372; 0.31409168243408203; -0.20453929901123047; 1.4226438999176025; 0.1714533418416977; 
498; -0.4781508445739746; 0.6102614998817444; 0.3389362394809723; -0.44844168424606323; 1.3008297681808472; 0.1738661825656891; 
482; -0.5589349269866943; 0.2954867482185364; 0.26214179396629333; -0.2638450562953949; 1.4612568616867065; 0.1954609453678131; 
492; -0.3253166079521179; 0.6502529382705688; 0.4621688425540924; -0.2017642855644226; 1.2610423564910889; 0.20019352436065674; 
494; -0.6299825310707092; 0.6942896246910095; 0.3720998167991638; -0.3331868648529053; 1.2225133180618286; 0.11597449332475662; 
