26; -1.3459529876708984; -0.06408041715621948; -0.3897537589073181; -0.6413761973381042; 0.7978355288505554; -0.18307004868984222; 
35; -1.361504316329956; 0.11072775721549988; -0.5500718355178833; -0.4377143979072571; 0.858778178691864; -0.1974749118089676; 
9; -1.2645955085754395; -0.11098206043243408; -0.37879836559295654; -0.4622049927711487; 0.8647177219390869; -0.07474974542856216; 
40; -1.4759886264801025; -0.1300424039363861; -0.6123122572898865; -0.5018829107284546; 0.720187783241272; -0.13510453701019287; 
25; -1.3090357780456543; 0.06584817171096802; -0.6784540414810181; -0.5861495733261108; 0.8187662363052368; -0.2933140993118286; 
20; -1.116205096244812; -0.15005230903625488; -0.5090041160583496; -0.4501953125; 1.0220750570297241; -0.14459198713302612; 
3; -1.3413277864456177; -0.021096736192703247; -0.46886926889419556; -0.5258641242980957; 0.892242431640625; -0.16212043166160583; 
0; -1.0452622175216675; -0.09991461038589478; -0.08689646422863007; -0.5388529300689697; 0.9577528238296509; -0.09546487033367157; 
13; -1.193834662437439; -0.45671239495277405; 0.12140896916389465; -0.5244161486625671; 0.9682542085647583; 0.036020442843437195; 
29; -1.0514458417892456; -0.06534051895141602; -0.22734376788139343; -0.40750664472579956; 0.9941906332969666; -0.11163210868835449; 
39; -1.5363795757293701; -0.4609052836894989; -0.3867263197898865; -0.5316739678382874; 0.9498748183250427; -0.16467741131782532; 
21; -1.1538900136947632; -0.4036256968975067; -0.38456758856773376; -0.5517832040786743; 0.6906935572624207; -0.1260186731815338; 
38; -1.3320950269699097; 0.20343494415283203; -0.5544243454933167; -0.5095863938331604; 0.9156602621078491; -0.21706518530845642; 
24; -1.3815209865570068; -0.05108305811882019; -0.3035663962364197; -0.5804782509803772; 0.8132922649383545; -0.09712758660316467; 
33; -1.2409322261810303; -0.13497479259967804; -0.26381683349609375; -0.5715128183364868; 0.8856609463691711; -0.16038775444030762; 
6; -1.21856689453125; 0.03032168745994568; -0.5775893330574036; -0.5196352601051331; 0.8717777729034424; -0.19569917023181915; 
49; -1.2220497131347656; 0.0957566499710083; -0.38736051321029663; -0.6015384793281555; 0.9789301156997681; -0.05942339450120926; 
36; -1.329764723777771; -0.17107921838760376; -0.360952764749527; -0.48696744441986084; 0.7892619371414185; -0.16740776598453522; 
19; -1.6630783081054688; -0.30936819314956665; -0.4683077931404114; -0.48047804832458496; 1.0603996515274048; -0.19551393389701843; 
37; -2.1212213039398193; -0.285714328289032; -0.4811398386955261; -0.6203051209449768; 0.8551439046859741; -0.06656996160745621; 
47; -1.1236847639083862; -0.14511004090309143; -0.3284647464752197; -0.4880262017250061; 0.8597069978713989; -0.11776046454906464; 
28; -1.2874994277954102; -0.011671572923660278; -0.21583856642246246; -0.48667192459106445; 0.8668894171714783; -0.2489774078130722; 
15; -1.9522931575775146; -0.21038666367530823; -0.34254521131515503; -0.5646624565124512; 0.8364951610565186; -0.20519892871379852; 
41; -1.339836835861206; -0.2688175439834595; -0.3152003288269043; -0.5526649355888367; 0.7023712992668152; -0.07424045354127884; 
43; -1.1097216606140137; -0.11568936705589294; -0.19487150013446808; -0.5920779705047607; 0.8218664526939392; -0.27078723907470703; 
7; -1.8708126544952393; -0.1827688217163086; -0.017722219228744507; -0.4176456332206726; 0.9442777037620544; -0.17360404133796692; 
10; -1.5949547290802002; -0.3018086552619934; -1.0722991228103638; -0.493301659822464; 0.8455755114555359; -0.10706236958503723; 
8; -1.1750154495239258; -0.5982140898704529; -0.7413330078125; -0.6579657793045044; 1.067025899887085; -0.28613030910491943; 
18; -1.6096181869506836; -0.3206215500831604; -1.2224825620651245; -0.5237143039703369; 0.8307427167892456; -0.08966252207756042; 
46; -2.0269615650177; -0.09405551850795746; -0.05106757581233978; -0.5190867781639099; 0.9117518663406372; -0.21232758462429047; 
23; -0.8769958019256592; -0.1669888198375702; -0.5115647315979004; -0.5162457227706909; 1.0555812120437622; -0.09286383539438248; 
34; -1.1584936380386353; 0.005098283290863037; -0.531046986579895; -0.5328190922737122; 0.9331843852996826; -0.20650193095207214; 
2; -1.7097498178482056; -0.18859854340553284; -0.5176714658737183; -0.5149649381637573; 0.7748292088508606; -0.14785006642341614; 
4; -1.337257981300354; -0.2863617539405823; -0.2781226933002472; -0.5370830297470093; 0.9948745369911194; -0.16645397245883942; 
30; -1.2351093292236328; -0.3040791153907776; -0.5601769685745239; -0.34946852922439575; 1.1413909196853638; -0.088528111577034; 
22; -1.3565387725830078; -0.28941500186920166; -0.5979297161102295; -0.5021630525588989; 0.7340134382247925; -0.12434998154640198; 
48; -1.4436087608337402; -0.26678183674812317; -0.0710005909204483; -0.5067483186721802; 0.9815211296081543; -0.24386493861675262; 
5; -1.6471627950668335; -0.1115332841873169; -0.4777057468891144; -0.5534498691558838; 0.9574878811836243; -0.26582181453704834; 
42; -1.608136773109436; -0.25948020815849304; -0.5823716521263123; -0.5682883262634277; 0.9560319185256958; -0.2080824077129364; 
14; -1.2016016244888306; -0.2089817225933075; -0.1856045126914978; -0.5828431844711304; 0.8546139001846313; -0.287349134683609; 
45; -1.290703535079956; -0.1955181360244751; -0.37211769819259644; -0.6344614028930664; 0.8164461851119995; -0.17726369202136993; 
11; -1.564009666442871; -0.5904114246368408; -0.3017611503601074; -0.44296351075172424; 0.7206450700759888; -0.12342257797718048; 
27; -1.7242125272750854; -0.06664407253265381; -0.49709147214889526; -0.4585522413253784; 0.9895179271697998; -0.07039707899093628; 
1; -1.2525147199630737; -0.19001759588718414; -0.4188416302204132; -0.5702151656150818; 0.9509796500205994; -0.1362900286912918; 
16; -1.4455887079238892; 0.21758607029914856; -0.49364352226257324; -0.5845739245414734; 1.0061177015304565; -0.12408139556646347; 
12; -1.4417681694030762; 0.052370429039001465; -0.4226004481315613; -0.5742566585540771; 0.8074561357498169; -0.03778637945652008; 
17; -1.2812693119049072; -0.0840926468372345; -0.6720425486564636; -0.5946464538574219; 0.8952068090438843; -0.11449544131755829; 
31; -1.158904790878296; -0.12896916270256042; -0.4329646825790405; -0.6178107261657715; 0.8371748328208923; -0.19923552870750427; 
44; -1.070961594581604; 0.037168025970458984; -0.3061957061290741; -0.5810999870300293; 1.0193842649459839; -0.0796433612704277; 
50; -0.9801007509231567; -0.11501690745353699; -0.49199655652046204; -0.7315323352813721; 0.8472057580947876; -0.05002272129058838; 
88; -1.8768802881240845; -0.15934321284294128; -0.5765184760093689; -0.5072562098503113; 1.0306079387664795; -0.035328254103660583; 
51; -1.3679115772247314; -0.13457056879997253; -0.583723783493042; -0.45006901025772095; 0.8939295411109924; -0.19606836140155792; 
54; -1.4464154243469238; -0.3734363317489624; -0.3923824429512024; -0.5029133558273315; 1.0056394338607788; -0.2779217064380646; 
52; -1.2793254852294922; -0.2672026753425598; -0.5637561082839966; -0.3411007225513458; 0.878121018409729; -0.12173372507095337; 
59; -1.5121991634368896; -0.2329675257205963; -0.45654934644699097; -0.610339343547821; 0.998625636100769; -0.24355320632457733; 
95; -0.9944449067115784; -0.3859595060348511; -0.18803918361663818; -0.5337316989898682; 1.0529364347457886; -0.0690079778432846; 
96; -1.3302671909332275; -0.3485793471336365; -0.5332978367805481; -0.5850187540054321; 0.9026780128479004; -0.2199612259864807; 
94; -0.9492539167404175; -0.28515344858169556; -0.3846645951271057; -0.44974175095558167; 1.0212173461914062; -0.3018340766429901; 
100; -1.2831156253814697; -0.1956728845834732; -0.033187538385391235; -0.5576190948486328; 0.7653391361236572; -0.1341012418270111; 
98; -1.4343528747558594; -0.37065890431404114; -0.37590503692626953; -0.6164741516113281; 0.940518856048584; -0.11641724407672882; 
97; -1.7524641752243042; -0.10192915797233582; -0.46758413314819336; -0.541113018989563; 0.8134032487869263; -0.13084593415260315; 
65; -1.2436869144439697; 0.002256244421005249; -0.3760882019996643; -0.5737928152084351; 1.030038833618164; -0.19470667839050293; 
63; -1.5496530532836914; 0.12195652723312378; -0.13431107997894287; -0.5648439526557922; 1.0153026580810547; -0.05003712326288223; 
56; -1.6629427671432495; -0.37739625573158264; -0.552649736404419; -0.5929306149482727; 0.8173951506614685; -0.07740049064159393; 
60; -1.5915027856826782; -0.2101636677980423; -0.17038904130458832; -0.6571614146232605; 1.0095887184143066; -0.1266220360994339; 
58; -1.1234848499298096; -0.24966660141944885; -0.3571285605430603; -0.7041951417922974; 0.9466760158538818; -0.18904361128807068; 
57; -1.2558939456939697; -0.16010209918022156; -0.4093553423881531; -0.4814956486225128; 0.9942460060119629; -0.15450453758239746; 
61; -1.3242926597595215; -0.5912857055664062; -0.2383500039577484; -0.687936007976532; 0.9514567255973816; -0.12591645121574402; 
62; -1.1656370162963867; -0.1755434274673462; -0.2832382023334503; -0.46416205167770386; 0.924430251121521; -0.01428646594285965; 
64; -1.2063353061676025; -0.0707266628742218; -0.5808157920837402; -0.6330933570861816; 1.0193945169448853; -0.10412786155939102; 
91; -1.6144518852233887; 0.12324872612953186; -0.42345499992370605; -0.6207082867622375; 0.9244428277015686; -0.23634088039398193; 
71; -1.7675824165344238; 0.028555601835250854; -0.4465487003326416; -0.5903382301330566; 0.8234171867370605; -0.16426020860671997; 
77; -1.2441610097885132; -0.3371692895889282; -0.2268194556236267; -0.4193018674850464; 1.016579508781433; -0.11631250381469727; 
93; -1.1595407724380493; -0.17307624220848083; -0.26522672176361084; -0.5689952373504639; 0.9640079140663147; -0.12385957688093185; 
89; -1.484117865562439; -0.004412323236465454; -0.42332538962364197; -0.498595654964447; 1.0255546569824219; -0.20176133513450623; 
92; -1.1689550876617432; -0.11651527881622314; -0.2778942584991455; -0.546731173992157; 0.7691253423690796; -0.18560177087783813; 
76; -1.0899397134780884; -0.2745492458343506; -0.06179884076118469; -0.4708220362663269; 0.8676216006278992; -0.091853067278862; 
86; -1.7742056846618652; 0.1909448802471161; -0.6596251130104065; -0.4628358483314514; 0.9284882545471191; -0.1997302621603012; 
90; -1.1730432510375977; -0.5164391994476318; -0.1502138376235962; -0.3813195824623108; 0.8122961521148682; -0.03082960844039917; 
82; -1.8900279998779297; -0.2483847290277481; -0.2367255836725235; -0.638842761516571; 0.9848710894584656; -0.10118380188941956; 
69; -1.2332011461257935; 0.15415722131729126; -0.8003277778625488; -0.595557689666748; 0.8829836845397949; 0.007147446274757385; 
84; -1.6330552101135254; -0.11478658020496368; -0.6777554750442505; -0.5675835609436035; 0.8195633888244629; -0.20912286639213562; 
53; -1.2843017578125; -0.44965556263923645; -0.4941999912261963; -0.41201943159103394; 1.0070346593856812; -0.1862328201532364; 
70; -1.4705314636230469; -0.1122884452342987; -0.8674423694610596; -0.4527994394302368; 0.8000750541687012; -0.2695128321647644; 
74; -1.287102222442627; 0.045289546251297; -0.52414870262146; -0.6520451307296753; 0.972021222114563; -0.2047896385192871; 
81; -1.0716298818588257; -0.04345378279685974; -0.48183196783065796; -0.5523772835731506; 0.9720411896705627; -0.14917662739753723; 
78; -1.227161169052124; -0.598591148853302; -0.09266528487205505; -0.3687508702278137; 0.8368057012557983; -0.16254591941833496; 
73; -1.375588297843933; -0.4109722673892975; -0.0939919501543045; -0.6081706285476685; 1.0311979055404663; -0.2509751319885254; 
87; -1.3861366510391235; -0.22792647778987885; -0.2257162481546402; -0.4700409471988678; 1.1819030046463013; -0.15658704936504364; 
99; -1.2572604417800903; -0.20401225984096527; -0.4014562666416168; -0.5971184968948364; 0.8682706356048584; -0.07484686374664307; 
80; -0.9662927389144897; -0.04956407845020294; -0.21401488780975342; -0.5849275588989258; 0.9775466322898865; -0.1135370209813118; 
79; -1.1878950595855713; -0.2170187383890152; -0.44975537061691284; -0.6450846195220947; 0.8947665095329285; 0.03729553520679474; 
72; -1.5340886116027832; -0.4637099504470825; -0.470024973154068; -0.5239031314849854; 0.8231611251831055; -0.2730392515659332; 
55; -1.8610210418701172; 0.09464696049690247; -0.4626270532608032; -0.7235087156295776; 0.9614882469177246; -0.11297363042831421; 
75; -1.2073661088943481; -0.42905184626579285; -0.4187968969345093; -0.4096633791923523; 1.2336393594741821; -0.07952886819839478; 
66; -1.6099178791046143; -0.2347906231880188; -0.4664866328239441; -0.6039797067642212; 0.9932553768157959; -0.06668373942375183; 
67; -1.7157126665115356; -0.33544036746025085; -0.08994846045970917; -0.5605490207672119; 0.9164438843727112; -0.16073405742645264; 
68; -1.147972583770752; -0.2224854975938797; -0.35389143228530884; -0.5154236555099487; 1.011379361152649; -0.15744063258171082; 
85; -1.2238048315048218; -0.2531793415546417; -0.7229446172714233; -0.5415311455726624; 0.8666642308235168; -0.33286774158477783; 
83; -1.1690162420272827; -0.23361404240131378; -0.43395838141441345; -0.4276101291179657; 0.9543936848640442; 0.035247720777988434; 
102; -1.5823760032653809; -0.35442057251930237; -0.44164830446243286; -0.4356693625450134; 0.9452770948410034; -0.24187389016151428; 
101; -0.8507984280586243; -0.06437784433364868; 0.09489282965660095; -0.49486324191093445; 0.7871119976043701; -0.15809573233127594; 
112; -1.1179308891296387; -0.21522630751132965; -0.9092087745666504; -0.5658000111579895; 0.9790689945220947; -0.1987908035516739; 
109; -1.446232557296753; -0.2704102694988251; -0.2662728428840637; -0.5080288052558899; 0.9561845064163208; -0.20557351410388947; 
105; -0.6609412431716919; -0.18983209133148193; -0.12577447295188904; -0.6233927607536316; 1.0093019008636475; -0.2206335961818695; 
107; -0.9554102420806885; -0.2081272304058075; -0.1640743762254715; -0.43889349699020386; 0.9222123026847839; -0.045509643852710724; 
117; -1.488996148109436; -0.11960089206695557; -0.6949911117553711; -0.4983362853527069; 0.860238790512085; -0.0864536240696907; 
114; -1.5016834735870361; -0.09169265627861023; -0.6545729637145996; -0.5584653615951538; 0.9172204732894897; -0.014292702078819275; 
119; -1.682647466659546; -0.19105753302574158; -0.42328280210494995; -0.6682133078575134; 0.8017443418502808; -0.21394315361976624; 
108; -1.3769980669021606; -0.04152920842170715; -0.33756697177886963; -0.6269245147705078; 0.9809902906417847; -0.1711929887533188; 
116; -1.3234161138534546; -0.003461688756942749; -0.13043174147605896; -0.5249019265174866; 0.8483362197875977; -0.19598397612571716; 
103; -1.192056655883789; 0.0017260611057281494; -0.41555365920066833; -0.49626415967941284; 0.8281320929527283; -0.14661553502082825; 
111; -1.7791814804077148; -0.32250016927719116; -0.5589476227760315; -0.5157255530357361; 0.903443455696106; -0.10236553847789764; 
113; -1.3162554502487183; -0.31843283772468567; -0.0025751590728759766; -0.5837028622627258; 0.9215444326400757; -0.06721256673336029; 
115; -1.3072381019592285; -0.3074973523616791; -0.35468778014183044; -0.5507313013076782; 1.0110602378845215; 0.015968918800354004; 
130; -1.583688497543335; -0.14845044910907745; -0.4960961639881134; -0.4954380691051483; 0.9595128297805786; -0.1514316350221634; 
110; -1.2454086542129517; -0.30656492710113525; -0.5790334939956665; -0.5330596566200256; 0.9204998016357422; 0.001448303461074829; 
106; -1.86421799659729; -0.21527555584907532; -0.16482529044151306; -0.5024000406265259; 1.0687175989151; -0.06424091756343842; 
118; -1.3853802680969238; -0.0010284781455993652; -0.3832850456237793; -0.4541586637496948; 0.8437080383300781; -0.23328664898872375; 
123; -1.387336254119873; -0.1416521966457367; -0.3688462972640991; -0.6128149628639221; 0.9191524982452393; -0.24256376922130585; 
131; -0.9187111258506775; -0.06418654322624207; -0.18342024087905884; -0.4469837546348572; 0.897787868976593; -0.18756306171417236; 
129; -1.9873239994049072; -0.2912251353263855; -0.6898084878921509; -0.6039654612541199; 1.0510640144348145; -0.14646194875240326; 
124; -1.7714741230010986; 0.09596943855285645; -0.46653157472610474; -0.39032524824142456; 0.8851621747016907; -0.27951580286026; 
120; -1.1773958206176758; -0.039744019508361816; -0.4612806439399719; -0.4860950708389282; 1.0424269437789917; -0.10210779309272766; 
122; -1.1893142461776733; -0.2693314552307129; -0.7561519145965576; -0.6300317049026489; 1.0025837421417236; -0.026926741003990173; 
128; -1.4642809629440308; -0.06144976615905762; -0.6842371225357056; -0.6322987079620361; 0.8314612507820129; -0.19516755640506744; 
121; -1.1947834491729736; -0.2734588384628296; -0.683002233505249; -0.5538070797920227; 1.0165191888809204; -0.1202179342508316; 
125; -1.7397485971450806; 0.24769899249076843; -0.4362298846244812; -0.45796895027160645; 0.8439141511917114; -0.14298197627067566; 
126; -2.025186538696289; -0.029303371906280518; -0.5991274118423462; -0.5303431749343872; 0.7888776063919067; -0.091976597905159; 
127; -2.143024444580078; -0.4882986843585968; -0.5278077721595764; -0.3963935971260071; 0.9241741299629211; -0.14171601831912994; 
104; -1.0979537963867188; -0.08882272243499756; -0.35760319232940674; -0.5812387466430664; 0.9906335473060608; -0.27804073691368103; 
147; -1.6129921674728394; -0.20583392679691315; -0.1320464015007019; -0.49363943934440613; 0.915090024471283; -0.21163126826286316; 
132; -0.9518147706985474; -0.5413798093795776; -0.7561429142951965; -0.6936781406402588; 1.0674445629119873; -0.038010261952877045; 
146; -1.480121374130249; -0.01631864905357361; -0.5288411378860474; -0.46950364112854004; 1.0612280368804932; -0.24710509181022644; 
148; -1.3028533458709717; -0.1329965889453888; -0.38658568263053894; -0.36818927526474; 0.9066160321235657; -0.25781458616256714; 
136; -1.4803307056427002; -0.30763301253318787; -0.0937606692314148; -0.5106774568557739; 0.9255311489105225; -0.2662694752216339; 
135; -1.6745719909667969; -0.3639930188655853; -0.4276832342147827; -0.5545560121536255; 0.8813638091087341; -0.29269087314605713; 
133; -1.398699402809143; -0.24831388890743256; -0.4102843701839447; -0.49737340211868286; 0.8716732263565063; -0.0667642280459404; 
144; -1.4493844509124756; 0.020142734050750732; -0.6247410774230957; -0.502414345741272; 0.997904896736145; -0.208699032664299; 
134; -1.3814477920532227; -0.5493648648262024; -0.12633539736270905; -0.4245575964450836; 0.946462869644165; -0.08274869620800018; 
137; -1.3218052387237549; -0.12450030446052551; -0.4641404151916504; -0.509067177772522; 0.9388328194618225; -0.1866065263748169; 
138; -1.0984959602355957; -0.44485825300216675; -0.33476516604423523; -0.6173367500305176; 0.9753463268280029; -0.06413327902555466; 
141; -1.2925652265548706; -0.12304845452308655; -0.49048250913619995; -0.5264418721199036; 0.9402942657470703; 0.009369000792503357; 
142; -1.0332599878311157; 0.2038974165916443; -0.14606155455112457; -0.6253355145454407; 0.9266200661659241; -0.11117023974657059; 
140; -1.3274548053741455; 0.04150041937828064; -0.6994755268096924; -0.7813008427619934; 0.9851304292678833; -0.0957246720790863; 
152; -1.2089320421218872; -0.13693732023239136; -0.9071050882339478; -0.6186243891716003; 0.8871318101882935; -0.2327306866645813; 
145; -1.2300714254379272; -0.0532970130443573; -0.29682931303977966; -0.4334791600704193; 0.7099066376686096; -0.1454019546508789; 
154; -1.0323625802993774; -0.10979217290878296; -0.2198832631111145; -0.5769103169441223; 0.8811702132225037; 0.011948913335800171; 
153; -1.9049029350280762; -0.33548253774642944; -0.5640122890472412; -0.497399240732193; 0.8360727429389954; -0.06720050424337387; 
150; -0.854444146156311; -0.3190039098262787; -0.5304971933364868; -0.598861813545227; 0.9691610336303711; -0.17882919311523438; 
159; -1.3545894622802734; -0.5854039788246155; -0.3335937559604645; -0.6576244235038757; 0.931328296661377; -0.25682228803634644; 
167; -1.3591523170471191; -0.20941928029060364; -0.20380012691020966; -0.6063205003738403; 1.0514709949493408; -0.10867810249328613; 
158; -0.9845190644264221; -0.32572412490844727; -0.5083650350570679; -0.5238538384437561; 1.0969823598861694; -0.11258183419704437; 
166; -1.3701831102371216; -0.4813983142375946; -0.43682074546813965; -0.6616693139076233; 1.0494779348373413; -0.16554564237594604; 
165; -1.5438066720962524; -0.3462188243865967; -0.7187224626541138; -0.5560281872749329; 0.9135348200798035; -0.15152744948863983; 
143; -1.2746461629867554; -0.29642361402511597; -0.45665642619132996; -0.4234603941440582; 0.8240404725074768; -0.10099349915981293; 
139; -1.0622613430023193; -0.3168928623199463; -0.30620449781417847; -0.5732110738754272; 0.9736908078193665; -0.15817229449748993; 
169; -1.982690453529358; -0.17887425422668457; -0.5031868815422058; -0.544516921043396; 0.9063063263893127; -0.11256366968154907; 
151; -0.8131051063537598; 0.2207845151424408; -0.0013547539710998535; -0.4813556671142578; 0.9702856540679932; 0.032621413469314575; 
168; -1.326407551765442; -0.04527014493942261; -0.08944970369338989; -0.44236868619918823; 0.8240512609481812; -0.2161601483821869; 
162; -1.1985408067703247; -0.15192607045173645; -0.35557088255882263; -0.4142962396144867; 0.8881452083587646; -0.14372757077217102; 
164; -1.3113956451416016; 0.04471847414970398; -0.5899102091789246; -0.5078942775726318; 1.0990703105926514; -0.22183893620967865; 
163; -1.1656689643859863; -0.1698858141899109; -0.42243140935897827; -0.630468487739563; 0.9951985478401184; -0.21654653549194336; 
175; -1.759843349456787; -0.34520065784454346; -0.7693802118301392; -0.45944130420684814; 0.84842449426651; -0.26204603910446167; 
170; -1.8450847864151; -0.08631733059883118; -0.4271949529647827; -0.5865645408630371; 1.036892056465149; -0.27752137184143066; 
156; -1.286336898803711; -0.04748573899269104; -0.6654655933380127; -0.453987717628479; 0.9233304262161255; -0.119471475481987; 
160; -1.4041112661361694; -0.4266465902328491; -0.487712562084198; -0.4207689166069031; 0.9245832562446594; -0.021062687039375305; 
157; -1.6879141330718994; -0.2844320833683014; -1.0145398378372192; -0.5998026728630066; 0.8535395860671997; -0.18890388309955597; 
171; -1.2147592306137085; -0.42470917105674744; -0.2852044105529785; -0.4971325397491455; 0.943733811378479; -0.05280207842588425; 
180; -0.9113082885742188; -0.4103143811225891; -0.28667593002319336; -0.5255758762359619; 0.9118725657463074; -0.23852822184562683; 
177; -1.3291988372802734; -0.17325249314308167; -0.2634958028793335; -0.6342363357543945; 0.9652260541915894; -0.19954968988895416; 
188; -1.1694586277008057; -0.06686103343963623; -0.28878360986709595; -0.6459528207778931; 0.9726728200912476; -0.12009403109550476; 
181; -1.1620206832885742; -0.2628568410873413; -0.598546028137207; -0.588712215423584; 0.9216632843017578; -0.09044644981622696; 
192; -1.3342766761779785; -0.1631155014038086; -0.6054584980010986; -0.34466832876205444; 0.9387862682342529; -0.14587023854255676; 
161; -1.4171050786972046; 0.2297174632549286; -0.6141358017921448; -0.326500803232193; 0.8364279866218567; -0.046446770429611206; 
184; -1.4369492530822754; -0.2898831069469452; -0.4891565144062042; -0.49266642332077026; 0.8448806405067444; -0.1509598046541214; 
174; -1.4098379611968994; -0.10707247257232666; -0.5782254934310913; -0.604075014591217; 1.0234997272491455; -0.2249903678894043; 
191; -1.4240731000900269; -0.6268983483314514; -0.6459498405456543; -0.42654556035995483; 0.9339780211448669; -0.21764448285102844; 
193; -1.457726240158081; -0.3154003322124481; -0.023958832025527954; -0.49172109365463257; 0.8720595836639404; -0.09823093563318253; 
183; -1.2240040302276611; 0.07301878929138184; -0.4560643136501312; -0.6210435628890991; 0.8613163232803345; -0.15148688852787018; 
186; -1.6980772018432617; -0.14787665009498596; -0.5241337418556213; -0.6083358526229858; 0.9258952140808105; -0.17599982023239136; 
189; -1.2937099933624268; -0.4256436228752136; -0.38252580165863037; -0.5974855422973633; 0.904051661491394; -0.21200227737426758; 
173; -1.1706007719039917; 0.07653450965881348; -0.5492913722991943; -0.6278337240219116; 0.9767879843711853; -0.364102303981781; 
194; -1.221867322921753; 0.0642232596874237; -0.2540569305419922; -0.5359195470809937; 0.9605593681335449; -0.0776294395327568; 
172; -1.3153499364852905; -0.11533519625663757; -0.5122150182723999; -0.5963674783706665; 0.9137240052223206; -0.058533936738967896; 
187; -1.1292704343795776; 0.17677542567253113; -0.612910270690918; -0.291556179523468; 0.9947025775909424; -0.06202635169029236; 
179; -1.2627168893814087; -0.11718477308750153; -0.08834956586360931; -0.4892941117286682; 1.1631282567977905; 0.031009897589683533; 
176; -1.1730319261550903; -0.11714726686477661; -0.44939881563186646; -0.6346112489700317; 0.8238171935081482; -0.16968218982219696; 
185; -0.9461384415626526; -0.25078970193862915; -0.14372630417346954; -0.522544264793396; 0.9203338623046875; -0.05274740606546402; 
195; -1.4798576831817627; 0.052576810121536255; -0.11939999461174011; -0.5809529423713684; 0.8607560396194458; -0.042658984661102295; 
155; -1.179379940032959; -0.280813068151474; -0.18828605115413666; -0.6065712571144104; 0.9279682636260986; -0.13414615392684937; 
190; -1.5241010189056396; 0.060399919748306274; -0.31338244676589966; -0.5656229257583618; 0.9088270664215088; -0.02455338090658188; 
197; -1.4180861711502075; 0.19316765666007996; -0.43449386954307556; -0.5271888971328735; 0.8803744912147522; -0.185984805226326; 
178; -0.7390671968460083; -0.12485094368457794; -0.656386137008667; -0.5049774050712585; 0.8912496566772461; -0.16888025403022766; 
199; -1.6993526220321655; -0.3613227605819702; -0.6702775955200195; -0.4579819440841675; 0.8529506325721741; -0.22427259385585785; 
196; -1.1539720296859741; -0.23052407801151276; -0.656205415725708; -0.5346479415893555; 0.9990842342376709; -0.2061094492673874; 
198; -1.4474681615829468; -0.010959357023239136; -0.3900378942489624; -0.4669473171234131; 0.9141117334365845; -0.1872006505727768; 
182; -1.4683587551116943; -0.058605849742889404; -0.08346331119537354; -0.624861478805542; 0.8447443246841431; -0.2976696491241455; 
149; -1.5435841083526611; -0.09873385727405548; -0.02210983633995056; -0.6135143041610718; 1.0346879959106445; -0.03329041600227356; 
200; -1.4997177124023438; -0.30073490738868713; -0.06162494421005249; -0.6845603585243225; 0.8828327059745789; -0.178473562002182; 
213; -1.315324068069458; -0.3152781128883362; -0.5693982243537903; -0.6887096762657166; 0.8327502012252808; -0.14139258861541748; 
202; -1.1385667324066162; -0.20265769958496094; -0.9389867782592773; -0.45068126916885376; 0.8616123199462891; -0.12515802681446075; 
241; -1.1769754886627197; -0.23765705525875092; -0.29748910665512085; -0.3777116537094116; 0.821718156337738; -0.2636706829071045; 
223; -1.1101293563842773; 0.18496203422546387; -0.43538162112236023; -0.5228917598724365; 0.9535391330718994; -0.3072581887245178; 
212; -1.2656314373016357; 0.04268637299537659; -0.5334280729293823; -0.6330355405807495; 0.9416189789772034; -0.15458634495735168; 
204; -1.4107236862182617; -0.4815228581428528; -0.41306719183921814; -0.43621504306793213; 0.869599461555481; -0.07782721519470215; 
240; -1.660482406616211; -0.09959371387958527; -0.4806690514087677; -0.608964741230011; 0.9908475875854492; -0.35408103466033936; 
221; -1.649301528930664; -0.23606239259243011; -0.39680376648902893; -0.647549033164978; 1.0557605028152466; -0.1124267578125; 
200; -1.4997177124023438; -0.30073487758636475; -0.061624884605407715; -0.6845603585243225; 0.8828326463699341; -0.17847353219985962; 
205; -1.1878762245178223; -0.35444480180740356; -0.4123603403568268; -0.5055397748947144; 0.9149856567382812; -0.1534024477005005; 
244; -1.3518682718276978; -0.3772570490837097; -0.561149001121521; -0.6161767244338989; 0.735686719417572; -0.19263184070587158; 
216; -1.713515043258667; -0.3161810338497162; -0.40983325242996216; -0.4508510231971741; 0.9317051768302917; -0.12310382723808289; 
224; -0.6382519006729126; 0.08207911252975464; -0.4100522994995117; -0.4530417025089264; 0.9271873831748962; -0.2820547819137573; 
237; -1.7968491315841675; 0.15746530890464783; -0.3187147378921509; -0.4928576350212097; 0.9869012832641602; -0.1637471318244934; 
243; -1.573601484298706; -0.10779857635498047; -0.5706636905670166; -0.6265690922737122; 0.8810555338859558; -0.13361245393753052; 
226; -1.1366266012191772; -0.2512657046318054; -0.3103010654449463; -0.6850970983505249; 0.8846818804740906; 0.07115064561367035; 
227; -1.5316736698150635; -0.09134690463542938; -0.4086812436580658; -0.5972599983215332; 1.0926862955093384; -0.15295876562595367; 
206; -1.2224531173706055; -0.013026118278503418; 0.06554973125457764; -0.7232003808021545; 0.9846518039703369; -0.24293720722198486; 
236; -0.9442034959793091; -0.07374617457389832; -0.37797752022743225; -0.5336815714836121; 0.8963085412979126; -0.10248544812202454; 
248; -1.2104464769363403; -0.207832932472229; -0.08309778571128845; -0.48976463079452515; 1.0116076469421387; -0.1264246702194214; 
238; -1.940032720565796; -0.2109694480895996; -0.40198153257369995; -0.5886753797531128; 0.8954790830612183; -0.28934305906295776; 
229; -1.5537035465240479; 0.02453961968421936; -0.95047926902771; -0.6866530776023865; 0.8374834060668945; -0.12935024499893188; 
228; -1.354689598083496; -0.15401995182037354; -0.21098902821540833; -0.5893300175666809; 0.984099268913269; -0.17279770970344543; 
214; -1.444108486175537; -0.42743176221847534; -0.5718889832496643; -0.5927002429962158; 1.002745509147644; -0.23750291764736176; 
231; -1.7627278566360474; -0.0029786527156829834; -0.8361648917198181; -0.5673056840896606; 1.01885986328125; -0.10147155076265335; 
234; -1.230942726135254; -0.4573369026184082; -0.6668330430984497; -0.47572678327560425; 1.06464684009552; -0.15396176278591156; 
209; -1.5850403308868408; -0.0023508667945861816; -0.3878999948501587; -0.6470184326171875; 0.9836038947105408; -0.09241186082363129; 
235; -1.2306095361709595; -0.095196932554245; -0.22160932421684265; -0.4319862127304077; 1.024756669998169; -0.09825225174427032; 
225; -1.5646414756774902; 0.005474060773849487; -0.6109622716903687; -0.6556037068367004; 0.8839306831359863; -0.29770421981811523; 
220; -1.2112232446670532; -0.21550144255161285; -0.4006381630897522; -0.5342642068862915; 1.048671841621399; 0.08571828901767731; 
251; -1.1137726306915283; -0.27304425835609436; -0.3467317819595337; -0.42458006739616394; 0.9193981289863586; -0.2778913080692291; 
222; -1.0147823095321655; -0.24143022298812866; -0.7778105735778809; -0.5113143920898438; 0.9925632476806641; -0.14962147176265717; 
218; -1.4250600337982178; -0.3377494812011719; -0.32178962230682373; -0.45330625772476196; 0.8725341558456421; -0.014025241136550903; 
253; -1.302833080291748; -0.14296165108680725; -0.4963108003139496; -0.48534905910491943; 1.015784740447998; -0.15618833899497986; 
210; -1.5044631958007812; -0.04155689477920532; -0.26262858510017395; -0.7543776035308838; 0.8619799613952637; -0.2134481966495514; 
207; -1.4906926155090332; -0.1517406553030014; -0.42835015058517456; -0.5775341987609863; 0.8030112981796265; -0.14868326485157013; 
215; -1.2631721496582031; -0.07679611444473267; -0.4217764735221863; -0.7358717918395996; 0.8232821822166443; 0.06561371684074402; 
208; -1.0791025161743164; -0.272133469581604; -0.25848114490509033; -0.6058378219604492; 0.9135932922363281; -0.23236995935440063; 
258; -1.2528011798858643; -0.25611668825149536; -0.5490089058876038; -0.6097017526626587; 0.8666801452636719; -0.13409636914730072; 
203; -1.0716853141784668; 0.10542382299900055; -0.27657103538513184; -0.38799595832824707; 1.0856800079345703; -0.06580758094787598; 
239; -1.7937508821487427; -0.18213823437690735; -0.08061012625694275; -0.3747580647468567; 0.939845621585846; -0.0948844701051712; 
261; -1.1512466669082642; -0.3504742980003357; -0.37595292925834656; -0.5927113890647888; 0.8453878164291382; -0.1092785969376564; 
256; -1.586561679840088; -0.39038166403770447; -0.16098721325397491; -0.5146647691726685; 0.8298872709274292; -0.15586400032043457; 
245; -1.322409987449646; -0.11716338992118835; -0.2906913459300995; -0.546528697013855; 0.8513602018356323; -0.11678436398506165; 
219; -1.4688037633895874; 0.024972230195999146; -0.3332807719707489; -0.5530323386192322; 0.9755146503448486; -0.364515483379364; 
211; -1.6109689474105835; -0.2966240346431732; -0.234284907579422; -0.482270210981369; 0.9870705604553223; -0.137503519654274; 
232; -1.139880895614624; -0.529202938079834; -0.14438967406749725; -0.7165965437889099; 0.8261284232139587; -0.20883026719093323; 
246; -1.7851924896240234; -0.004240244626998901; -0.2501257658004761; -0.5375924110412598; 0.9233173131942749; -0.19224430620670319; 
264; -1.5378221273422241; -0.4464021325111389; -0.7858343124389648; -0.49711352586746216; 1.002070426940918; -0.14229971170425415; 
275; -1.4099369049072266; -0.017502784729003906; -0.6496176719665527; -0.4397706985473633; 0.7955520153045654; -0.2654106914997101; 
201; -1.7023636102676392; -0.2457001656293869; -0.6429743766784668; -0.5280828475952148; 0.8420825600624084; -0.33603551983833313; 
249; -1.4440791606903076; -0.4946395456790924; -0.43237972259521484; -0.729804277420044; 1.013298749923706; -0.04501519352197647; 
217; -1.4716496467590332; -0.515325129032135; -0.40923774242401123; -0.5384818315505981; 0.9263112545013428; -0.002330109477043152; 
269; -1.360609769821167; -0.08891507983207703; -0.5395896434783936; -0.545139491558075; 0.8677672147750854; -0.2518034279346466; 
252; -1.5076868534088135; -0.13329234719276428; -0.3519916236400604; -0.5494394302368164; 1.0946632623672485; -0.20223484933376312; 
266; -1.5950121879577637; -0.1678890436887741; -0.35640355944633484; -0.4643594026565552; 0.9859532117843628; -0.15789856016635895; 
260; -1.4737979173660278; 0.05823233723640442; -0.42226922512054443; -0.4163961410522461; 0.871575653553009; -0.34502342343330383; 
267; -1.3188406229019165; -0.26933640241622925; -0.8861826062202454; -0.5357598662376404; 0.9346119165420532; -0.1777888536453247; 
265; -1.5260199308395386; -0.5965936183929443; -0.5576678514480591; -0.48907679319381714; 0.852031409740448; -0.10354739427566528; 
276; -1.4487626552581787; -0.5587687492370605; -0.27527305483818054; -0.6029069423675537; 0.8037835955619812; -0.172248974442482; 
294; -0.7004193067550659; -0.04778340458869934; -0.3715067207813263; -0.5205950140953064; 0.8998385667800903; -0.3248728811740875; 
262; -1.2680268287658691; -0.1647990643978119; -0.29113349318504333; -0.41059964895248413; 0.9496734142303467; -0.1297183334827423; 
242; -1.5249156951904297; -0.4501643180847168; -0.20309330523014069; -0.4939699172973633; 1.0674309730529785; -0.0946711003780365; 
254; -1.1170991659164429; 0.07992339134216309; -0.24885931611061096; -0.44522643089294434; 0.8977643251419067; -0.13126425445079803; 
293; -1.3347848653793335; 0.19307437539100647; -0.5550862550735474; -0.4727010130882263; 0.8643032312393188; -0.07542286813259125; 
263; -1.3119701147079468; -0.25758612155914307; -0.6408588886260986; -0.5885999202728271; 1.0271098613739014; -0.20864316821098328; 
274; -1.4091805219650269; -0.2168768048286438; -0.6017786264419556; -0.7249054312705994; 1.031475305557251; -0.15753401815891266; 
230; -1.125317931175232; -0.3162742853164673; -0.4622134566307068; -0.5177001953125; 0.972413182258606; -0.1765451282262802; 
279; -1.3904938697814941; -0.04434652626514435; -0.35383903980255127; -0.5008366107940674; 1.012758493423462; -0.14083325862884521; 
270; -1.2302653789520264; -0.0027320384979248047; -0.4390576481819153; -0.5330208539962769; 0.8959671854972839; -0.1986834704875946; 
285; -1.198904037475586; -0.4813437759876251; -0.34759238362312317; -0.7573389410972595; 0.7682774066925049; 0.033629775047302246; 
287; -1.4970920085906982; 0.10780414938926697; -0.33199575543403625; -0.6532505750656128; 0.9917526245117188; -0.24814780056476593; 
300; -1.266783356666565; -0.17660684883594513; -0.46416163444519043; -0.4573906660079956; 0.8805813789367676; -0.1799195557832718; 
250; -0.9755132794380188; -0.4597201347351074; -0.539786696434021; -0.5606838464736938; 0.964292049407959; -0.18190908432006836; 
291; -1.3436546325683594; -0.440011203289032; -0.3719817101955414; -0.4998704195022583; 1.0149855613708496; -0.13462033867835999; 
282; -0.7127918004989624; 0.0007253885269165039; -0.34153202176094055; -0.4227151870727539; 0.922786295413971; -0.09606286883354187; 
290; -1.3015629053115845; -0.10415783524513245; -0.269968181848526; -0.5243098735809326; 0.9505265355110168; -0.06676794588565826; 
286; -1.1609410047531128; -0.032558321952819824; -0.42352965474128723; -0.5264902114868164; 1.0890220403671265; -0.289347767829895; 
233; -1.1086491346359253; -0.35353466868400574; -0.10898743569850922; -0.4505048096179962; 0.9877221584320068; -0.1842879056930542; 
281; -1.9994454383850098; 0.049584537744522095; -0.6021840572357178; -0.6452875733375549; 1.1287692785263062; -0.18803632259368896; 
247; -0.9743773937225342; -0.35435351729393005; -0.37226149439811707; -0.6014071106910706; 0.9868993759155273; -0.13568180799484253; 
302; -1.1800838708877563; -0.09832482039928436; -0.1615215241909027; -0.5662088394165039; 0.9361026287078857; -0.15538813173770905; 
298; -1.5071346759796143; -0.411787748336792; -0.021042674779891968; -0.6345642805099487; 0.9412716627120972; -0.17394433915615082; 
283; -1.2285022735595703; -0.32665494084358215; -0.29062190651893616; -0.521935224533081; 0.9378347396850586; 0.042069047689437866; 
292; -1.4045312404632568; -0.22559751570224762; -0.5502462983131409; -0.5993371605873108; 1.0034230947494507; -0.16130611300468445; 
289; -1.766386866569519; -0.18947672843933105; -0.5264936685562134; -0.425009548664093; 1.0575696229934692; -0.19358384609222412; 
277; -1.3950889110565186; -0.6212297677993774; -0.40343090891838074; -0.5110514163970947; 0.9656794667243958; -0.13837096095085144; 
306; -2.009573459625244; -0.5235224366188049; -0.475508451461792; -0.7546170949935913; 0.7854105234146118; -0.29662203788757324; 
296; -1.150866985321045; -0.43287789821624756; -0.18874725699424744; -0.5793046951293945; 0.903925359249115; -0.30569785833358765; 
268; -1.185945749282837; 0.21645823121070862; -0.12808232009410858; -0.44794732332229614; 0.8869455456733704; -0.10203326493501663; 
284; -1.1903891563415527; -0.1325901597738266; -0.11899065971374512; -0.5409152507781982; 0.8617371320724487; -0.2884395122528076; 
278; -1.5682721138000488; -0.2427670955657959; -0.26347973942756653; -0.4810628294944763; 0.9806751012802124; -0.1321786791086197; 
308; -1.1130366325378418; -0.05451536178588867; -0.12286490201950073; -0.6052166223526001; 1.0514819622039795; -0.1366479992866516; 
257; -0.7139773368835449; 0.090240478515625; -0.01256030797958374; -0.4402488172054291; 0.7691470384597778; -0.25666192173957825; 
280; -1.0310845375061035; 8.812546730041504e-05; -0.20171338319778442; -0.5092224478721619; 1.0563228130340576; -0.16173088550567627; 
315; -0.9680390357971191; 0.012465119361877441; -0.5984896421432495; -0.5833507776260376; 1.0356632471084595; -0.3509882390499115; 
272; -1.2455636262893677; 0.10275840759277344; -0.3756400942802429; -0.4403907358646393; 0.9552720785140991; -0.08486437797546387; 
307; -1.3547781705856323; -0.20396362245082855; -0.6908334493637085; -0.5411520600318909; 0.9506779909133911; -0.14967185258865356; 
309; -1.4613828659057617; 0.02503448724746704; -0.36584582924842834; -0.445722371339798; 0.8998575210571289; -0.13553085923194885; 
273; -2.345513105392456; -0.24127429723739624; -0.09471926093101501; -0.5273172855377197; 0.8010936379432678; -0.22337736189365387; 
297; -1.2485324144363403; -0.5038337707519531; -0.3120037317276001; -0.5002376437187195; 0.9663124680519104; -0.0362289622426033; 
301; -1.5509400367736816; 0.029348641633987427; -0.5061080455780029; -0.737855076789856; 0.9582343101501465; -0.24351616203784943; 
310; -1.5613112449645996; -0.2240910530090332; -0.07911178469657898; -0.4373016953468323; 1.0281901359558105; 0.047739312052726746; 
304; -1.4750936031341553; -0.18810699880123138; -0.41250211000442505; -0.4961387515068054; 0.9738705158233643; -0.12970243394374847; 
288; -1.1851948499679565; -0.12271809577941895; -0.1336788535118103; -0.4323292374610901; 0.8305902481079102; -0.21679645776748657; 
259; -1.4484471082687378; 0.02770373225212097; -0.6709994077682495; -0.5527879595756531; 0.8956940174102783; -0.20173612236976624; 
312; -1.6643909215927124; -0.10106009244918823; -0.5478970408439636; -0.5998485684394836; 0.9327207803726196; -0.3271632194519043; 
305; -1.7107638120651245; 0.042712777853012085; -0.32939550280570984; -0.5449850559234619; 0.9301545023918152; -0.08893641084432602; 
316; -1.2733266353607178; 0.07776546478271484; -0.37818068265914917; -0.5432138442993164; 1.019587755203247; -0.09075100719928741; 
314; -1.487304925918579; 0.13888755440711975; -0.3161984086036682; -0.6227217316627502; 0.9382039308547974; -0.24512287974357605; 
323; -1.0340824127197266; 0.022269070148468018; -0.4636206328868866; -0.5023941397666931; 1.0277371406555176; -0.1832917183637619; 
299; -1.4473788738250732; -0.27410030364990234; -0.4867125153541565; -0.37900930643081665; 1.0585923194885254; -0.04464825242757797; 
331; -1.3476128578186035; -0.25057560205459595; -0.6673266291618347; -0.5272167921066284; 0.9789515733718872; -0.14717614650726318; 
295; -1.3014802932739258; -0.03639572858810425; -0.508069634437561; -0.4930438697338104; 1.136777639389038; -0.19233223795890808; 
311; -1.5743900537490845; -0.24952253699302673; -0.2624199092388153; -0.6168903112411499; 0.9225135445594788; -0.22419768571853638; 
255; -1.2472834587097168; 0.007845699787139893; -0.11261536180973053; -0.6049989461898804; 0.9150252938270569; -0.25742173194885254; 
313; -1.0896165370941162; -0.10213151574134827; -0.6292298436164856; -0.5270527005195618; 0.9333724975585938; -0.2695606052875519; 
326; -1.0663836002349854; -0.5155566334724426; -0.40481412410736084; -0.492685467004776; 1.0100202560424805; -0.07121588289737701; 
271; -0.9455711841583252; -0.26608434319496155; -0.24619854986667633; -0.44695618748664856; 0.9885424375534058; -0.19026371836662292; 
327; -0.8168245553970337; -0.3301371932029724; -0.4311191439628601; -0.7136552333831787; 0.8399935960769653; -0.13605360686779022; 
341; -1.4150289297103882; -0.32279303669929504; 0.11084988713264465; -0.5970478057861328; 0.9476276636123657; -0.0961248129606247; 
334; -1.3698989152908325; -0.15532778203487396; -0.4089958369731903; -0.5741766691207886; 0.9993442893028259; -0.22513708472251892; 
317; -1.2545348405838013; 0.011585921049118042; -0.4509389400482178; -0.49480611085891724; 0.9459266066551208; -0.18860259652137756; 
319; -1.3828022480010986; -0.3929470181465149; -0.27855226397514343; -0.4964364171028137; 0.9125677943229675; -0.1677464097738266; 
330; -1.502255916595459; 0.04200062155723572; -0.20927387475967407; -0.63142991065979; 0.926452100276947; -0.28936338424682617; 
328; -1.7697858810424805; -0.539765477180481; -0.25936365127563477; -0.4784051775932312; 0.8030135035514832; -0.0073133111000061035; 
336; -1.4569754600524902; -0.2969129681587219; -0.48514458537101746; -0.5972484350204468; 0.8624546527862549; -0.1700947880744934; 
332; -0.9997303485870361; -0.038015931844711304; -0.11556383967399597; -0.32274162769317627; 0.7172051668167114; -0.10648950934410095; 
303; -1.3019733428955078; -0.12112271785736084; -0.5613899230957031; -0.5489755868911743; 0.8155233263969421; -0.2399967610836029; 
325; -1.3388558626174927; -0.03948739171028137; -0.6406263709068298; -0.6279364824295044; 0.9331594705581665; -0.1021580621600151; 
320; -1.2855217456817627; -0.19020375609397888; -0.46714749932289124; -0.6091394424438477; 0.9992934465408325; -0.11223318427801132; 
324; -1.5984102487564087; -0.08776935935020447; -0.7390908598899841; -0.6233371496200562; 0.902525007724762; -0.050952762365341187; 
329; -1.088557481765747; -0.06207627058029175; -0.4455967843532562; -0.616145670413971; 0.8470865488052368; -0.3183131515979767; 
318; -1.483742356300354; -0.29303523898124695; -0.3806341290473938; -0.44480395317077637; 0.835002064704895; -0.16874153912067413; 
357; -0.9285258054733276; -0.024641692638397217; -0.4014580249786377; -0.5148909091949463; 0.8719589710235596; -0.09312199801206589; 
322; -1.567351222038269; 0.11161872744560242; -0.3935546278953552; -0.4596349000930786; 0.984472930431366; -0.024077080190181732; 
335; -1.363429307937622; -0.22902780771255493; -0.4794504642486572; -0.5776200294494629; 0.8456615209579468; -0.26441559195518494; 
351; -1.1281359195709229; -0.22532612085342407; -0.1761331558227539; -0.6934651136398315; 1.0085644721984863; -0.19120405614376068; 
337; -1.6411359310150146; -0.30147847533226013; -0.367676317691803; -0.5824654698371887; 0.9232109785079956; -0.029808923602104187; 
366; -1.501894474029541; 0.23495730757713318; -0.6560355424880981; -0.5766041278839111; 1.0278234481811523; -0.244816392660141; 
356; -1.4736794233322144; -0.21442385017871857; -0.5030519962310791; -0.5832304954528809; 0.9784064292907715; -0.18594905734062195; 
343; -1.1636472940444946; 0.11969569325447083; -0.5827973484992981; -0.6497352719306946; 1.0077450275421143; -0.130470409989357; 
339; -0.838776707649231; 0.029494881629943848; -0.27779752016067505; -0.5214818716049194; 0.9265671968460083; -0.14659073948860168; 
352; -1.209936499595642; -0.11875990033149719; -0.4332166314125061; -0.6002808213233948; 0.8239895105361938; -0.29730236530303955; 
349; -1.2623294591903687; -0.18926537036895752; -0.3305322527885437; -0.6545748114585876; 0.8660517334938049; -0.2205558568239212; 
347; -1.2297492027282715; -0.35644766688346863; -0.23478186130523682; -0.46131566166877747; 0.967671275138855; -0.19340729713439941; 
344; -1.574668049812317; -0.17491298913955688; -0.16394975781440735; -0.5213442444801331; 0.8571418523788452; -0.21634113788604736; 
350; -1.3792109489440918; 0.29644501209259033; -0.23432114720344543; -0.5728923678398132; 0.852787971496582; -0.3148362636566162; 
346; -1.0592583417892456; 0.03312361240386963; -0.5047463178634644; -0.45166414976119995; 0.8631996512413025; -0.10688629746437073; 
348; -1.3860212564468384; -0.2519534230232239; -0.6004029512405396; -0.567367434501648; 0.8859281539916992; -0.16549454629421234; 
338; -1.2336416244506836; -0.41845542192459106; -0.4583742916584015; -0.4875308871269226; 0.7464977502822876; -0.17611220479011536; 
369; -0.9465683102607727; -0.16758082807064056; -0.29362285137176514; -0.4270198941230774; 0.9349393248558044; -0.17863613367080688; 
342; -1.189342975616455; -0.4049939811229706; 0.08580398559570312; -0.34697139263153076; 0.8844463229179382; -0.0600203201174736; 
360; -1.8489396572113037; -0.027255326509475708; -0.6393707990646362; -0.5512639880180359; 0.8529578447341919; -0.30917567014694214; 
345; -1.3922719955444336; -0.259501576423645; -0.31453099846839905; -0.6632709503173828; 0.9576400518417358; -0.0031892061233520508; 
355; -1.118640422821045; -0.3302235007286072; -0.2883467674255371; -0.6582673788070679; 0.8385950326919556; -0.19019581377506256; 
367; -1.0081861019134521; 0.21025866270065308; -0.17703594267368317; -0.5070591568946838; 0.8909522294998169; -0.17177855968475342; 
364; -1.002741813659668; 0.428493857383728; -0.3577195405960083; -0.4987297058105469; 1.0533193349838257; -0.07957012951374054; 
372; -1.6220262050628662; -0.1224769651889801; -0.022903263568878174; -0.5163094997406006; 0.9166706204414368; -0.14572980999946594; 
379; -1.3672466278076172; -0.061660170555114746; -0.49647456407546997; -0.6492398977279663; 0.9389060139656067; -0.14987559616565704; 
368; -1.2732970714569092; -0.02772429585456848; -0.5102588534355164; -0.7032356262207031; 1.0200169086456299; -0.2107471525669098; 
370; -1.587009310722351; -0.192445307970047; -0.792366623878479; -0.6409388184547424; 0.9726800918579102; -0.22905567288398743; 
354; -1.4572221040725708; 0.16738180816173553; -0.1487346589565277; -0.4732573628425598; 1.090563178062439; -0.12932555377483368; 
353; -1.7616688013076782; -0.11859637498855591; -0.3820077180862427; -0.6279683113098145; 0.8944935202598572; -0.30790793895721436; 
377; -1.535372257232666; 0.024206608533859253; -0.4318872392177582; -0.549289345741272; 0.972834587097168; -0.09156791120767593; 
333; -1.6696593761444092; 0.004074305295944214; -0.014227867126464844; -0.7885711789131165; 0.8150271773338318; -0.33283448219299316; 
362; -1.5217864513397217; 0.14006778597831726; -0.4263034164905548; -0.5428394079208374; 1.0806739330291748; -0.03418470174074173; 
321; -0.6086441874504089; -0.328872948884964; -0.625044584274292; -0.5482842922210693; 0.9981356263160706; -0.09787659347057343; 
376; -1.767915964126587; -0.045840710401535034; -0.21191981434822083; -0.7671224474906921; 0.9044709801673889; -0.23738817870616913; 
375; -1.8850069046020508; -0.3649033010005951; -0.2821587920188904; -0.5885242223739624; 0.8702141046524048; -0.18086163699626923; 
391; -1.367659330368042; -0.2952817976474762; -0.33433547616004944; -0.4387199282646179; 1.043107271194458; -0.20247900485992432; 
373; -1.3191535472869873; -0.17688371241092682; -0.26648619771003723; -0.36445170640945435; 1.1359961032867432; -0.09571672230958939; 
380; -1.1178908348083496; -0.1948220282793045; -0.5091982483863831; -0.5822622179985046; 0.8753880262374878; -0.237589031457901; 
340; -1.1985827684402466; -0.018212556838989258; -0.31470367312431335; -0.49488621950149536; 1.0907436609268188; -0.05847221612930298; 
363; -1.5436034202575684; -0.12460023164749146; -0.6390794515609741; -0.4701473116874695; 0.8243647813796997; -0.2945678234100342; 
374; -1.233359456062317; -0.20367713272571564; -0.694578230381012; -0.5240823030471802; 0.9309912919998169; -0.09179118275642395; 
397; -1.1529754400253296; -0.2239442765712738; -0.24883019924163818; -0.6004586815834045; 0.9834811687469482; -0.057309605181217194; 
378; -1.369401454925537; 0.29344606399536133; -0.21059630811214447; -0.39722537994384766; 0.9629203081130981; -0.2999879717826843; 
385; -1.469834804534912; -0.3710564374923706; -0.378218412399292; -0.6237014532089233; 0.9141244292259216; -0.21697983145713806; 
388; -1.353437066078186; 0.18897342681884766; -0.24301007390022278; -0.6604790687561035; 0.8423821330070496; -0.07317246496677399; 
389; -1.5405205488204956; -0.08960825204849243; -0.9228956699371338; -0.3777635395526886; 0.9885518550872803; -0.12308865040540695; 
403; -1.3348705768585205; -0.37144768238067627; -0.601112961769104; -0.5273900032043457; 0.9531759023666382; -0.1525639295578003; 
390; -1.5622129440307617; -0.04089292883872986; -0.6205544471740723; -0.4912256598472595; 0.8995670080184937; -0.301253080368042; 
371; -1.2126448154449463; -0.1281377226114273; -0.17141126096248627; -0.6139225959777832; 0.9359987378120422; -0.11162024736404419; 
393; -1.6542465686798096; -0.11791826784610748; -0.6828360557556152; -0.5497415661811829; 0.8309532999992371; -0.1393761932849884; 
395; -1.2469000816345215; -0.07119463384151459; -0.24331611394882202; -0.49542176723480225; 0.9903929829597473; -0.12190573662519455; 
402; -1.2977561950683594; 0.006239771842956543; -0.4534263014793396; -0.462610125541687; 0.9188093543052673; -0.3183613419532776; 
382; -0.8871880173683167; -0.48791834712028503; -0.4927353858947754; -0.7274941802024841; 0.9614900350570679; -0.2240634560585022; 
404; -1.4136759042739868; -0.5522156357765198; -0.42192596197128296; -0.6892575025558472; 0.9818543195724487; -0.1594325751066208; 
384; -1.017203450202942; -0.10939869284629822; -0.5863088369369507; -0.6207996606826782; 0.9622429013252258; -0.1799556016921997; 
359; -1.2327966690063477; 0.04860079288482666; -0.47394171357154846; -0.5608572959899902; 0.85735684633255; -0.24846027791500092; 
361; -1.1034784317016602; -0.05538472533226013; -0.4102804660797119; -0.49583911895751953; 0.7468780279159546; -0.07836379110813141; 
420; -0.9208773970603943; -0.10627880692481995; -0.6956286430358887; -0.443422794342041; 0.8731215000152588; -0.15361805260181427; 
358; -1.5411138534545898; -0.18433304131031036; -1.06591796875; -0.5717993378639221; 0.9230039119720459; -0.32372939586639404; 
383; -1.2564377784729004; -0.09494033455848694; -0.28463220596313477; -0.5087375640869141; 0.974252462387085; -0.24464663863182068; 
418; -1.5246325731277466; 0.09600487351417542; -0.38758501410484314; -0.5570989847183228; 1.0502979755401611; -0.09726549685001373; 
409; -1.9182372093200684; -0.12157145142555237; -0.4785735607147217; -0.6938273906707764; 0.8837214708328247; 0.047204360365867615; 
406; -1.6689001321792603; -0.43516120314598083; -0.6543076634407043; -0.5439679026603699; 0.8597519397735596; -0.25342315435409546; 
398; -1.0359282493591309; -0.05480305850505829; -0.14006654918193817; -0.6290216445922852; 0.8448952436447144; -0.08484236896038055; 
411; -1.0904622077941895; -0.19095781445503235; -0.292511522769928; -0.49678152799606323; 0.95961594581604; -0.2630803883075714; 
392; -1.417136788368225; -0.06599721312522888; -0.03209584951400757; -0.5443505644798279; 0.8914635181427002; -0.08317938446998596; 
413; -2.166364908218384; 0.05264517664909363; -0.2138519287109375; -0.4955838918685913; 0.9988637566566467; -0.24106761813163757; 
425; -1.2730672359466553; 0.0645773708820343; -0.7855322360992432; -0.5335125923156738; 0.8831234574317932; -0.2059376835823059; 
412; -1.5229631662368774; -0.3046739101409912; -0.615389883518219; -0.43755042552948; 0.8260637521743774; -0.0884435847401619; 
396; -1.5441815853118896; -0.29201358556747437; 0.22709651291370392; -0.45390427112579346; 0.9344537258148193; 0.02043275535106659; 
410; -1.1088199615478516; -0.07533672451972961; -0.021534889936447144; -0.5945795774459839; 0.8998851776123047; -0.01733151078224182; 
381; -1.5875952243804932; -0.0755774974822998; -0.5960966348648071; -0.4584004580974579; 1.000949740409851; -0.27627915143966675; 
394; -1.1834638118743896; -0.22371919453144073; -0.6389557719230652; -0.6512407064437866; 0.8162005543708801; -0.10819101333618164; 
421; -0.9639405012130737; -0.0628228634595871; -0.17682743072509766; -0.722213089466095; 0.7918450832366943; -0.15018890798091888; 
400; -0.9343597888946533; -0.5021374225616455; -0.4408037066459656; -0.527961790561676; 0.9338176250457764; -0.2744334638118744; 
422; -1.0862174034118652; -0.41933631896972656; -0.5217390060424805; -0.4860275387763977; 0.8698210716247559; -0.1060836911201477; 
407; -1.3826839923858643; -0.10397431254386902; -0.3067784905433655; -0.5868083238601685; 0.9784894585609436; -0.2609420418739319; 
427; -1.4735629558563232; -0.2785499691963196; -0.33028078079223633; -0.6096963286399841; 0.9219897985458374; -0.22719809412956238; 
428; -1.1983790397644043; -0.24345111846923828; -0.5738321542739868; -0.5480248928070068; 0.8580483198165894; -0.18669886887073517; 
365; -1.5188690423965454; -0.21344628930091858; -1.146325707435608; -0.41555118560791016; 0.9928990602493286; -0.14985617995262146; 
405; -1.606630563735962; -0.10491394996643066; -0.23989787697792053; -0.4769470691680908; 0.9253360033035278; -0.17262542247772217; 
417; -1.4028911590576172; -0.38015612959861755; -0.6314005851745605; -0.5730611681938171; 0.9299643635749817; -0.2970765233039856; 
419; -1.7670276165008545; -0.3918992280960083; -0.6053820848464966; -0.46631574630737305; 0.7870643138885498; -0.3296990990638733; 
426; -1.2131855487823486; -0.34142595529556274; -0.2607218623161316; -0.4441038966178894; 0.9834584593772888; -0.1662941724061966; 
434; -1.278209924697876; -0.30187341570854187; -1.004213571548462; -0.522054135799408; 0.9155882000923157; 0.009709358215332031; 
438; -1.176048755645752; -0.18327826261520386; -0.2578560709953308; -0.4311370849609375; 0.9878991842269897; -0.08744505047798157; 
431; -0.8999496698379517; -0.09110525250434875; -0.6901187896728516; -0.4403180181980133; 0.8316202163696289; -0.025119103491306305; 
442; -1.0112788677215576; -0.3306691646575928; -0.5132472515106201; -0.6036773324012756; 1.0220321416854858; -0.06719230115413666; 
423; -1.5473692417144775; -0.041333407163619995; -0.409428209066391; -0.5885472297668457; 0.8415847420692444; -0.15528631210327148; 
443; -1.5094878673553467; -0.10235202312469482; -0.8317595720291138; -0.5485015511512756; 0.9474654793739319; -0.07437111437320709; 
444; -1.3706700801849365; -0.18280881643295288; -0.377116858959198; -0.5992070436477661; 0.9882025122642517; -0.16229470074176788; 
432; -1.0855900049209595; -0.5091514587402344; -0.7801239490509033; -0.6268329620361328; 0.9035004377365112; -0.27959781885147095; 
401; -1.5900442600250244; -0.07317182421684265; -0.2685936689376831; -0.6315830945968628; 1.0297627449035645; -0.2611425220966339; 
387; -1.2236170768737793; -0.1920725405216217; -0.6119326949119568; -0.6685689687728882; 0.8384609222412109; -0.20237138867378235; 
436; -1.4978562593460083; 0.04177543520927429; -0.5219458341598511; -0.481662392616272; 0.8803633451461792; -0.2923116087913513; 
437; -1.2382259368896484; -0.3683244585990906; -0.48544973134994507; -0.542382001876831; 0.8269437551498413; -0.19361735880374908; 
399; -1.5943517684936523; -0.39935630559921265; -0.44170549511909485; -0.4413626790046692; 1.0144332647323608; -0.1656656265258789; 
439; -1.2624950408935547; -0.10653892159461975; -0.3496030569076538; -0.6723978519439697; 0.9077059030532837; -0.23421968519687653; 
445; -1.5550992488861084; -0.19728563725948334; -0.8600220680236816; -0.7264761924743652; 0.7958360910415649; -0.14692170917987823; 
440; -1.157457947731018; -0.08714400231838226; -0.6161949634552002; -0.5475370287895203; 0.8310975432395935; -0.18554887175559998; 
459; -1.3093289136886597; 0.013051211833953857; -0.18645456433296204; -0.43369024991989136; 0.9795618653297424; -0.10904278606176376; 
408; -1.3585641384124756; 0.3076401650905609; 0.14791154861450195; -0.42978134751319885; 0.9330991506576538; -0.19667118787765503; 
454; -1.1765148639678955; -0.28173863887786865; -0.4482823610305786; -0.5713164806365967; 0.916956901550293; -0.10980250686407089; 
452; -0.7940505146980286; -0.15580958127975464; -0.5948312282562256; -0.6512132883071899; 0.8013155460357666; -0.0953637883067131; 
414; -1.0611460208892822; 0.35212886333465576; -0.033586204051971436; -0.5785849094390869; 1.045591115951538; -0.11813896894454956; 
468; -1.920377492904663; -0.030313462018966675; -0.6396675705909729; -0.5203158855438232; 1.1049398183822632; -0.13970798254013062; 
448; -1.08587646484375; 0.04935961961746216; -0.31877556443214417; -0.5834727883338928; 0.8713231682777405; -0.06749428063631058; 
441; -1.2896409034729004; -0.12274260818958282; -0.42438411712646484; -0.5884032249450684; 0.8470426797866821; -0.1738421618938446; 
386; -1.735308051109314; -0.5467705726623535; -0.22093960642814636; -0.527679979801178; 0.9769147038459778; -0.3616119623184204; 
474; -1.3857789039611816; -0.21711258590221405; -0.15800243616104126; -0.5301860570907593; 0.8311018943786621; -0.1551896184682846; 
450; -1.248313307762146; -0.2865222990512848; -0.2044214904308319; -0.41790735721588135; 1.0509591102600098; -0.14506284892559052; 
453; -1.2543532848358154; -0.41377440094947815; -0.23355409502983093; -0.4877234101295471; 0.9794668555259705; 0.045135632157325745; 
467; -1.1484365463256836; -0.3624788522720337; -0.77131187915802; -0.4625813961029053; 0.8807306289672852; -0.10364361107349396; 
430; -1.4141438007354736; -0.2592129707336426; -0.0964888334274292; -0.4548678994178772; 0.8454364538192749; -0.012757301330566406; 
416; -1.303788423538208; 0.030456453561782837; -0.4784296751022339; -0.570685625076294; 0.9230107069015503; -0.08621463924646378; 
476; -1.411677360534668; -0.16106000542640686; -0.5434085130691528; -0.5601791739463806; 0.9306207895278931; -0.037253230810165405; 
480; -2.076127052307129; -0.10986454784870148; -0.22541335225105286; -0.6562643051147461; 0.9971597790718079; -0.15507060289382935; 
457; -1.4011871814727783; -0.26282310485839844; -0.6360023021697998; -0.4305207133293152; 0.8930402994155884; -0.08338365703821182; 
458; -1.1550631523132324; -0.2173614352941513; -0.2755618095397949; -0.45788323879241943; 0.8086423873901367; -0.14148226380348206; 
463; -1.0844123363494873; -0.2689042389392853; -0.13881248235702515; -0.6141635775566101; 0.9184178709983826; -0.15694627165794373; 
433; -1.465066909790039; -0.2458348423242569; -0.2066878378391266; -0.5221802592277527; 0.8962381482124329; -0.1397334784269333; 
455; -0.9355772733688354; -0.08077079057693481; -0.6682571172714233; -0.543709397315979; 1.0481035709381104; -0.09475657343864441; 
449; -0.9168910980224609; -0.3922874629497528; -0.32444530725479126; -0.5354816913604736; 0.7835999727249146; -0.0933384820818901; 
470; -1.467681646347046; 0.15240193903446198; -0.19137001037597656; -0.46379023790359497; 0.8520289063453674; -0.0508083738386631; 
456; -1.3344228267669678; -0.01926511526107788; -0.27239078283309937; -0.5887365341186523; 0.8300666213035583; -0.2282431423664093; 
451; -1.2687962055206299; -0.2223598212003708; -0.24456307291984558; -0.6313638687133789; 1.0245717763900757; -0.16499826312065125; 
466; -1.4061813354492188; -0.7130256295204163; -0.6426121592521667; -0.6937668323516846; 0.9986397624015808; -0.20376838743686676; 
461; -1.7021715641021729; -0.7831282615661621; -0.8231807947158813; -0.5003790855407715; 1.028687834739685; -0.19324731826782227; 
460; -1.523855209350586; -0.037592798471450806; -0.4221605360507965; -0.5806295871734619; 0.8673142194747925; -0.2251245677471161; 
464; -1.1240589618682861; -0.12112677097320557; -0.08433273434638977; -0.6357855796813965; 0.853869616985321; -0.29019835591316223; 
462; -1.4593204259872437; -0.12426504492759705; -0.6440446972846985; -0.596267819404602; 0.7944908738136292; -0.11310780048370361; 
447; -1.6187279224395752; -0.18758346140384674; -0.12156224250793457; -0.46969038248062134; 1.050368309020996; -0.16579285264015198; 
415; -1.1603230237960815; -0.14069080352783203; -0.844351053237915; -0.4138660728931427; 0.6585426330566406; -0.2182067185640335; 
487; -1.264392375946045; -0.30059051513671875; -0.31329530477523804; -0.5471693873405457; 0.9450074434280396; -0.09085990488529205; 
469; -1.0693559646606445; 0.11074957251548767; -0.4329141080379486; -0.39415404200553894; 0.8868044018745422; -0.08810228109359741; 
483; -1.2057504653930664; 0.20325562357902527; -0.31414467096328735; -0.404620885848999; 1.0551245212554932; -0.1729312688112259; 
477; -2.050309658050537; -0.031088531017303467; -0.10117124021053314; -0.6166969537734985; 0.8952209949493408; -0.2966354191303253; 
424; -1.281989336013794; -0.14127932488918304; -0.216364324092865; -0.4468272626399994; 0.9784402847290039; -0.09406153857707977; 
472; -1.3926734924316406; 0.0622028112411499; -0.1941106766462326; -0.5783102512359619; 0.9392982721328735; -0.08552970737218857; 
435; -1.1127914190292358; -0.4568125903606415; -0.6003239154815674; -0.47607922554016113; 0.7706209421157837; -0.19730669260025024; 
471; -1.4580142498016357; -0.1596897393465042; -0.45466458797454834; -0.5702717304229736; 0.8418342471122742; -0.1610407680273056; 
475; -1.5507005453109741; -0.23769418895244598; -0.48704269528388977; -0.4590464234352112; 0.9699702262878418; -0.3217809200286865; 
479; -1.7356455326080322; -0.1292719841003418; -0.36751410365104675; -0.5437363386154175; 0.886302649974823; -0.050346143543720245; 
484; -1.417914867401123; 0.019952088594436646; -0.3212841749191284; -0.3503981828689575; 0.7735851407051086; -0.2557545304298401; 
465; -1.4817723035812378; -0.0558834969997406; -0.35071074962615967; -0.6434398293495178; 0.9470592737197876; -0.16894516348838806; 
496; -1.3298304080963135; -0.16764642298221588; -0.4603605270385742; -0.3474653959274292; 0.9556744694709778; -0.17482922971248627; 
485; -1.9749653339385986; -0.3494340181350708; -0.3108723759651184; -0.5474255681037903; 0.9055786728858948; -0.28325867652893066; 
429; -1.282712697982788; 0.16955921053886414; -0.48180028796195984; -0.550290584564209; 1.100931167602539; -0.14344076812267303; 
486; -1.2620108127593994; -0.28005650639533997; -0.556516170501709; -0.5204810500144958; 0.8965536952018738; -0.10077111423015594; 
473; -1.2590653896331787; -0.10070544481277466; -0.44536128640174866; -0.6414991617202759; 0.9220346808433533; -0.16637256741523743; 
491; -0.9405707120895386; -0.36511537432670593; -0.2631862759590149; -0.6677980422973633; 0.9187441468238831; -0.11706273257732391; 
481; -1.53852379322052; -0.19934920966625214; -0.761264443397522; -0.4585432708263397; 0.8270159959793091; -0.14037643373012543; 
488; -1.4348716735839844; -0.17692223191261292; -0.4512980580329895; -0.48007917404174805; 0.969275176525116; -0.0657401829957962; 
446; -0.9263030886650085; 0.2665494680404663; -0.5864363312721252; -0.47434842586517334; 0.9871387481689453; -0.18439018726348877; 
478; -1.2893164157867432; -0.3704673647880554; -0.4086095690727234; -0.6046954989433289; 0.8992595672607422; -0.09822388738393784; 
490; -1.9203498363494873; -0.14938008785247803; -0.44763463735580444; -0.5253440141677856; 0.8702446818351746; -0.10133293271064758; 
493; -1.9172682762145996; -0.3235403299331665; -0.5441749095916748; -0.5127923488616943; 0.9395182132720947; -0.12797845900058746; 
499; -1.2895174026489258; -0.15313401818275452; -0.8316136002540588; -0.544145405292511; 1.0062458515167236; -0.10201134532690048; 
495; -1.01200532913208; 0.11336511373519897; -0.25948774814605713; -0.6133428812026978; 1.076427698135376; -0.2669934928417206; 
497; -1.5871376991271973; -0.4105876088142395; -0.4685954451560974; -0.5265036821365356; 0.7883580923080444; -0.19563230872154236; 
489; -1.3205738067626953; -0.16208428144454956; -0.36853083968162537; -0.5327973961830139; 1.033658742904663; -0.16952502727508545; 
498; -1.26212739944458; 0.008501559495925903; -0.37850120663642883; -0.659454345703125; 0.9667242765426636; -0.14075660705566406; 
482; -1.305458664894104; -0.2175266295671463; -0.1587747037410736; -0.49711284041404724; 1.073293685913086; -0.06907904893159866; 
492; -1.1539379358291626; -0.023257076740264893; -0.3942846953868866; -0.5311633944511414; 0.8883972764015198; -0.09146764874458313; 
494; -1.7486364841461182; -0.06557372212409973; -0.3722172677516937; -0.5902591943740845; 0.883431613445282; -0.12416450679302216; 
