26; -0.40841007232666016; 0.7263588309288025; 0.5185036063194275; -0.23035576939582825; 1.1971355676651; 0.13382478058338165; 
35; -0.4716998338699341; 0.6641318798065186; 0.23047025501728058; -0.12862050533294678; 1.2175102233886719; 0.08740226179361343; 
40; -0.5898208618164062; 0.47816669940948486; 0.15867546200752258; -0.16274292767047882; 1.1535967588424683; 0.19103899598121643; 
20; -0.378492146730423; 0.444896936416626; 0.22387909889221191; -0.20983876287937164; 1.2214123010635376; 0.142447829246521; 
9; -0.47388678789138794; 0.4361041188240051; 0.3097517490386963; -0.18030045926570892; 1.0839166641235352; 0.12643812596797943; 
25; -0.2863658368587494; 0.6640206575393677; 0.06503337621688843; -0.32958492636680603; 1.1571815013885498; -0.007322788238525391; 
21; -0.29241088032722473; 0.3296082317829132; 0.42350682616233826; -0.24673788249492645; 1.1991862058639526; 0.22454766929149628; 
3; -0.411899596452713; 0.6143667697906494; 0.24226294457912445; -0.2080053836107254; 1.2406458854675293; 0.1110866442322731; 
0; -0.5487639904022217; 0.5036712884902954; 0.4971161484718323; -0.2591521143913269; 1.2438287734985352; 0.17812326550483704; 
29; -0.32174453139305115; 0.42242270708084106; 0.45174556970596313; -0.18885576725006104; 1.2507050037384033; 0.1630403846502304; 
33; -0.37243393063545227; 0.5603981018066406; 0.46185624599456787; -0.31499528884887695; 1.1495059728622437; 0.12027518451213837; 
36; -0.4724332094192505; 0.6584430932998657; 0.2803644835948944; -0.20433591306209564; 1.1688393354415894; 0.19778192043304443; 
13; -0.4605422616004944; 0.31341516971588135; 0.6116005182266235; -0.30846989154815674; 1.3077504634857178; 0.19768650829792023; 
39; -0.45233649015426636; 0.43611428141593933; 0.360571950674057; -0.25174930691719055; 1.262558102607727; 0.1204490140080452; 
47; -0.4420245885848999; 0.5266825556755066; 0.43262141942977905; -0.18104782700538635; 1.1772915124893188; 0.06788767874240875; 
38; -0.33503258228302; 0.6319804191589355; 0.1705564260482788; -0.21581806242465973; 1.3539423942565918; 0.07538602501153946; 
8; -0.3608868718147278; 0.3205723762512207; 0.3017044961452484; -0.17455409467220306; 1.3320732116699219; 0.12523895502090454; 
6; -0.24781429767608643; 0.6386523246765137; 0.2420327067375183; -0.253750741481781; 1.2424166202545166; 0.1347171515226364; 
19; -0.5555566549301147; 0.3394770920276642; 0.3319358229637146; -0.2338123768568039; 1.2994139194488525; 0.18412728607654572; 
49; -0.5617408156394958; 0.6090621948242188; 0.33649495244026184; -0.3675655722618103; 1.2791297435760498; 0.2072608470916748; 
28; -0.2682749629020691; 0.5584644079208374; 0.46655067801475525; -0.24843452870845795; 1.176997423171997; 0.05709543079137802; 
15; -0.8792368173599243; 0.4065021574497223; 0.49562346935272217; -0.2805815041065216; 1.2126387357711792; 0.058959200978279114; 
37; -0.8242654204368591; 0.4300309121608734; 0.3878931999206543; -0.32434549927711487; 1.1467366218566895; 0.29021427035331726; 
18; -0.46739131212234497; 0.437482088804245; -0.14832758903503418; -0.2935901880264282; 1.2018494606018066; 0.18889819085597992; 
41; -0.4632093906402588; 0.6478688716888428; 0.6379915475845337; -0.2553204894065857; 1.0902239084243774; 0.20452436804771423; 
10; -0.42123541235923767; 0.5222547650337219; -0.08871394395828247; -0.24112968146800995; 1.17865788936615; 0.10869355499744415; 
43; -0.30765077471733093; 0.548089861869812; 0.5322352051734924; -0.2868357300758362; 1.1486544609069824; 0.04450715333223343; 
7; -0.7291289567947388; 0.5071483850479126; 0.4991021752357483; -0.15437521040439606; 1.1833722591400146; 0.18840622901916504; 
46; -0.6856881976127625; 0.4665411114692688; 0.6309645175933838; -0.3373810946941376; 1.2319481372833252; 0.0498722642660141; 
34; -0.23062658309936523; 0.7180668115615845; 0.2613595128059387; -0.3023760914802551; 1.260339617729187; 0.04905031621456146; 
45; -0.38571682572364807; 0.7697604298591614; 0.45056992769241333; -0.24540024995803833; 1.2129154205322266; 0.17769479751586914; 
42; -0.49990859627723694; 0.4573128819465637; 0.07389095425605774; -0.27690330147743225; 1.2034488916397095; 0.08912672102451324; 
2; -0.7341299653053284; 0.6795319318771362; 0.27321165800094604; -0.20651668310165405; 1.137399435043335; 0.1358080506324768; 
23; -0.22377368807792664; 0.4648434817790985; 0.21793705224990845; -0.23853231966495514; 1.397667646408081; 0.2610807716846466; 
14; -0.3034079074859619; 0.4134663939476013; 0.5542104840278625; -0.2373511642217636; 1.1832025051116943; 0.04611555486917496; 
4; -0.4122869074344635; 0.4000306725502014; 0.40678709745407104; -0.28511762619018555; 1.26856529712677; 0.03946203738451004; 
22; -0.44998985528945923; 0.43272459506988525; 0.20044220983982086; -0.18005143105983734; 1.1385198831558228; 0.22972242534160614; 
30; -0.42706915736198425; 0.23266500234603882; 0.08263909816741943; -0.11794714629650116; 1.3627439737319946; 0.1929377317428589; 
5; -0.7540950775146484; 0.6005607843399048; 0.36905786395072937; -0.3782922625541687; 1.3135210275650024; 0.0509084016084671; 
48; -0.6886659860610962; 0.5057286024093628; 0.48660528659820557; -0.2705473303794861; 1.300642490386963; 0.052331700921058655; 
16; -0.544715166091919; 0.652022659778595; 0.27313727140426636; -0.2742530405521393; 1.283510684967041; 0.11546853929758072; 
27; -0.7318053841590881; 0.5176585912704468; 0.3280026912689209; -0.08167906105518341; 1.2839730978012085; 0.15358269214630127; 
11; -0.48059171438217163; 0.3851425051689148; 0.48467308282852173; -0.14982856810092926; 1.133928894996643; 0.11838444322347641; 
1; -0.27117919921875; 0.5832104086875916; 0.21078774333000183; -0.3270155191421509; 1.2938610315322876; 0.10736788809299469; 
32; -0.20408567786216736; 0.31681734323501587; 0.31419357657432556; -0.2182837575674057; 1.2067348957061768; 0.04340609163045883; 
31; -0.25730231404304504; 0.5909018516540527; 0.0777503252029419; -0.3864138126373291; 1.1554625034332275; -0.009594276547431946; 
12; -0.4932697117328644; 0.6353671550750732; 0.2031104564666748; -0.2679956555366516; 1.0675581693649292; 0.31833451986312866; 
17; -0.2856143116950989; 0.7358448505401611; 0.09566310048103333; -0.23328541219234467; 1.163609504699707; 0.19441036880016327; 
44; -0.2821175158023834; 0.7000941038131714; 0.56870436668396; -0.27901315689086914; 1.3697327375411987; 0.20534762740135193; 
50; -0.27663251757621765; 0.6618993282318115; 0.3115265667438507; -0.3548787236213684; 1.1945644617080688; 0.13297529518604279; 
88; -0.7364519238471985; 0.4729783535003662; 0.11877202987670898; -0.20405226945877075; 1.2417497634887695; 0.226339191198349; 
51; -0.35248440504074097; 0.6389749050140381; 0.16891580820083618; -0.21998998522758484; 1.0945098400115967; 0.11503418534994125; 
54; -0.4047092795372009; 0.3083016872406006; 0.2665955424308777; -0.2468690574169159; 1.2067116498947144; 0.06609533727169037; 
52; -0.4128532111644745; 0.5527395606040955; 0.23886632919311523; -0.1548694223165512; 1.2448863983154297; 0.14973413944244385; 
59; -0.6051994562149048; 0.41112619638442993; 0.3374690115451813; -0.32490596175193787; 1.308884859085083; 0.14594009518623352; 
94; -0.0927700400352478; 0.43060529232025146; 0.4447906017303467; -0.17938387393951416; 1.2240405082702637; 0.07027111947536469; 
95; -0.21294310688972473; 0.42242103815078735; 0.6210007071495056; -0.2307271510362625; 1.3091822862625122; 0.20195114612579346; 
96; -0.5048694610595703; 0.4907219409942627; 0.28869619965553284; -0.29369306564331055; 1.2658448219299316; 0.17006447911262512; 
100; -0.2755570411682129; 0.3950798213481903; 0.623553991317749; -0.21194732189178467; 1.1276236772537231; 0.16006118059158325; 
65; -0.36473509669303894; 0.6764988899230957; 0.4182109534740448; -0.1637391746044159; 1.3495839834213257; 0.11473153531551361; 
98; -0.5027729868888855; 0.29470905661582947; 0.246666818857193; -0.32031556963920593; 1.2458138465881348; 0.0983947366476059; 
97; -0.630725622177124; 0.5924860239028931; 0.25594714283943176; -0.3306363821029663; 1.1265336275100708; 0.1437167376279831; 
63; -0.3840200901031494; 0.7216470837593079; 0.5794014930725098; -0.3316335082054138; 1.3655134439468384; 0.19801288843154907; 
60; -0.6317259073257446; 0.49013304710388184; 0.5005851984024048; -0.2813701629638672; 1.2819713354110718; 0.26144397258758545; 
56; -0.5735129117965698; 0.29086700081825256; 0.23287315666675568; -0.2656926214694977; 1.2241753339767456; 0.20060351490974426; 
58; -0.30846086144447327; 0.41985249519348145; 0.43794238567352295; -0.39852312207221985; 1.2169098854064941; 0.0009176731109619141; 
71; -0.7298575639724731; 0.6616988778114319; 0.38821494579315186; -0.30925145745277405; 1.168032169342041; 0.18735522031784058; 
61; -0.31243905425071716; 0.20845581591129303; 0.46542924642562866; -0.3492498993873596; 1.3075928688049316; 0.17406490445137024; 
57; -0.5695505142211914; 0.3922836184501648; 0.30110785365104675; -0.2602040767669678; 1.259159803390503; 0.18924911320209503; 
77; -0.4131985604763031; 0.42105311155319214; 0.28647342324256897; -0.1084037721157074; 1.2081834077835083; 0.16489794850349426; 
62; -0.3037368059158325; 0.42896226048469543; 0.27262288331985474; -0.26273462176322937; 1.2061223983764648; 0.22835391759872437; 
64; -0.29876989126205444; 0.7115556001663208; 0.3018149137496948; -0.2666284441947937; 1.318376064300537; 0.20133733749389648; 
91; -0.44316983222961426; 0.7668843269348145; 0.2829042077064514; -0.231485977768898; 1.1815192699432373; 0.14116255939006805; 
86; -0.5466497540473938; 0.6922459602355957; 0.13818658888339996; -0.1906973272562027; 1.2866318225860596; 0.15812110900878906; 
93; -0.4444751441478729; 0.5650129318237305; 0.4763115346431732; -0.2379550337791443; 1.2722513675689697; 0.1849353313446045; 
76; -0.33310526609420776; 0.45710188150405884; 0.46740949153900146; -0.21616369485855103; 1.2308895587921143; 0.23015235364437103; 
84; -0.5652077198028564; 0.5623568892478943; 0.28692805767059326; -0.3037879467010498; 1.3058812618255615; 0.1321919560432434; 
89; -0.6646041870117188; 0.5117903351783752; 0.18085893988609314; -0.3172139823436737; 1.3468331098556519; 0.09541408717632294; 
92; -0.29352179169654846; 0.714454174041748; 0.408113569021225; -0.20923075079917908; 1.1052274703979492; 0.1755075752735138; 
74; -0.42163723707199097; 0.665722131729126; 0.37303394079208374; -0.2849692106246948; 1.236838936805725; 0.12110894918441772; 
70; -0.4592844247817993; 0.6015770435333252; -0.08261659741401672; -0.2890301048755646; 1.0881404876708984; 0.1105480045080185; 
90; -0.39718306064605713; 0.1299242377281189; 0.48217639327049255; -0.1888464093208313; 1.1099097728729248; 0.22314080595970154; 
99; -0.3931966722011566; 0.35770511627197266; 0.2984326481819153; -0.31292393803596497; 1.1986032724380493; 0.16825440526008606; 
82; -0.6531645655632019; 0.47210919857025146; 0.5434682965278625; -0.2264544814825058; 1.323076605796814; 0.19025272130966187; 
53; -0.32831260561943054; 0.2590654194355011; 0.14631909132003784; -0.16603894531726837; 1.258554220199585; 0.051377370953559875; 
87; -0.5157408118247986; 0.5823291540145874; 0.42436540126800537; -0.22559402883052826; 1.4477111101150513; 0.2252236306667328; 
69; -0.3055364489555359; 0.5781247019767761; 0.10936281085014343; -0.2089538425207138; 1.1597437858581543; 0.30278241634368896; 
73; -0.42432230710983276; 0.2266324758529663; 0.5187236666679382; -0.33660900592803955; 1.2653388977050781; 0.09062647074460983; 
78; -0.2546346187591553; 0.24380455911159515; 0.5543663501739502; -0.0921030342578888; 1.1645634174346924; 0.04078700393438339; 
80; -0.27559784054756165; 0.5630941390991211; 0.4652595520019531; -0.2691618502140045; 1.2514926195144653; 0.08337617665529251; 
79; -0.33465954661369324; 0.5222436189651489; 0.27513936161994934; -0.33079975843429565; 1.2512269020080566; 0.27703210711479187; 
81; -0.20534393191337585; 0.7011088132858276; 0.2119041234254837; -0.29229557514190674; 1.2858953475952148; 0.11929167807102203; 
55; -0.7239288091659546; 0.6446118354797363; 0.2861397862434387; -0.4430718421936035; 1.2502663135528564; 0.09851385653018951; 
72; -0.6596054434776306; 0.2678120732307434; 0.21819281578063965; -0.2657659649848938; 1.1781425476074219; 0.05963681638240814; 
75; -0.34417349100112915; 0.3467702269554138; 0.15706072747707367; -0.20437131822109222; 1.4331077337265015; 0.19258089363574982; 
66; -0.6525741815567017; 0.4823397994041443; 0.11971089243888855; -0.3041948080062866; 1.2611193656921387; 0.12268560379743576; 
68; -0.2353026270866394; 0.4817228317260742; 0.283230185508728; -0.2566574513912201; 1.3873854875564575; 0.1897982656955719; 
67; -0.5452312231063843; 0.30998411774635315; 0.4116942882537842; -0.15650294721126556; 1.1653574705123901; 0.09045156091451645; 
85; -0.2177180051803589; 0.5283375382423401; 0.24054986238479614; -0.24785548448562622; 1.2573189735412598; 0.0450747013092041; 
83; -0.4072093069553375; 0.49468469619750977; 0.14318160712718964; -0.2294660359621048; 1.1264841556549072; 0.18260730803012848; 
102; -0.7742379903793335; 0.5316151976585388; 0.21892298758029938; -0.059543415904045105; 1.2297894954681396; 0.15686175227165222; 
101; -0.17936694622039795; 0.5353851318359375; 0.6362944841384888; -0.162488654255867; 1.2036734819412231; 0.25184908509254456; 
109; -0.5702513456344604; 0.519080638885498; 0.42821553349494934; -0.22886212170124054; 1.2642784118652344; 0.07497093081474304; 
112; -0.3591631352901459; 0.32029619812965393; -0.05246815085411072; -0.2856801748275757; 1.1887778043746948; 0.08859477937221527; 
107; -0.1328926980495453; 0.4542034864425659; 0.33735284209251404; -0.19369539618492126; 1.2695963382720947; 0.25895893573760986; 
105; -0.150753915309906; 0.3719203472137451; 0.33562782406806946; -0.2653566002845764; 1.161294937133789; 0.06302845478057861; 
114; -0.5931177139282227; 0.5485442280769348; 0.2037619948387146; -0.2262415885925293; 1.2806814908981323; 0.26857250928878784; 
117; -0.5596953630447388; 0.4598429501056671; -0.03242793679237366; -0.3391804099082947; 1.1464506387710571; 0.2611696124076843; 
119; -0.6832262277603149; 0.4159056842327118; 0.2185283601284027; -0.2902880609035492; 1.1433216333389282; 0.09195634722709656; 
116; -0.3488466441631317; 0.48591482639312744; 0.5496430397033691; -0.2623053789138794; 1.2585318088531494; -0.009938687086105347; 
103; -0.4455104172229767; 0.7185244560241699; 0.22499652206897736; -0.23628312349319458; 1.0620555877685547; 0.11234976351261139; 
108; -0.5176723003387451; 0.6600232720375061; 0.36372941732406616; -0.3637191653251648; 1.326074481010437; 0.11888455599546432; 
115; -0.4468047320842743; 0.3346179723739624; 0.21809746325016022; -0.2754269242286682; 1.2350562810897827; 0.26027894020080566; 
113; -0.39703547954559326; 0.30644863843917847; 0.5682727694511414; -0.3510892391204834; 1.2002995014190674; 0.22149443626403809; 
111; -0.6639837026596069; 0.3558540642261505; 0.3192088305950165; -0.25037330389022827; 1.1649093627929688; 0.15635398030281067; 
110; -0.13509854674339294; 0.29567521810531616; 0.18704310059547424; -0.23145772516727448; 1.3845586776733398; 0.2717529535293579; 
130; -0.6542114019393921; 0.7182901501655579; 0.36988890171051025; -0.2969452738761902; 1.2563077211380005; 0.07467803359031677; 
123; -0.5193999409675598; 0.682080864906311; 0.4906746447086334; -0.25924426317214966; 1.1932151317596436; 0.0913303792476654; 
106; -1.0016039609909058; 0.5071985721588135; 0.33712273836135864; -0.2520046830177307; 1.4572893381118774; 0.253595232963562; 
131; -0.2705025374889374; 0.4063261151313782; 0.454129695892334; -0.19952422380447388; 1.1485271453857422; 0.17128270864486694; 
124; -0.744357168674469; 0.7360126972198486; 0.2867825925350189; -0.14058633148670197; 1.2233717441558838; 0.06007494032382965; 
118; -0.4897604286670685; 0.7838011980056763; 0.3878611624240875; -0.28683555126190186; 1.1622307300567627; 0.045189447700977325; 
104; -0.23001879453659058; 0.5937944650650024; 0.32957762479782104; -0.18038642406463623; 1.2576549053192139; -0.012459993362426758; 
120; -0.3422204852104187; 0.505449652671814; 0.2904750406742096; -0.2248515486717224; 1.2709656953811646; 0.10868498682975769; 
129; -0.6942084431648254; 0.5531126856803894; 0.18053650856018066; -0.2979399561882019; 1.2696832418441772; 0.1393980234861374; 
128; -0.5586796998977661; 0.516726016998291; -0.04536131024360657; -0.32490187883377075; 1.1685597896575928; 0.1283479630947113; 
122; -0.45842185616493225; 0.4250043034553528; 0.16567698121070862; -0.2587440609931946; 1.2716617584228516; 0.15342482924461365; 
121; -0.4700954854488373; 0.5314748287200928; 0.02012881636619568; -0.3260090947151184; 1.2566845417022705; 0.17727632820606232; 
127; -0.8524847626686096; 0.2342468798160553; 0.2812509834766388; -0.24589833617210388; 1.1423518657684326; 0.14034956693649292; 
125; -0.6254788041114807; 1.023205280303955; 0.45026424527168274; -0.18056432902812958; 1.2389661073684692; 0.25920599699020386; 
126; -0.8770567774772644; 0.6744421720504761; 0.1402461677789688; -0.2536982297897339; 1.1242302656173706; 0.13007709383964539; 
132; -0.20873680710792542; 0.23769471049308777; 0.04670119285583496; -0.3465791940689087; 1.358877182006836; 0.20720237493515015; 
147; -0.6128109693527222; 0.5279043912887573; 0.4842228293418884; -0.24013294279575348; 1.3151090145111084; 0.1372784972190857; 
146; -0.5205870866775513; 0.5253744721412659; 0.03502535820007324; -0.27474260330200195; 1.2261505126953125; 0.10644230246543884; 
133; -0.4929967522621155; 0.3964084982872009; 0.2631142735481262; -0.21326273679733276; 1.1808552742004395; 0.1935163289308548; 
136; -0.5571200847625732; 0.5324472188949585; 0.49921485781669617; -0.16234569251537323; 1.3329799175262451; 0.053211428225040436; 
148; -0.40189579129219055; 0.651314377784729; 0.13791751861572266; -0.1221914291381836; 1.2199921607971191; 0.14834734797477722; 
135; -0.4901016652584076; 0.4601168632507324; 0.2270669788122177; -0.24878385663032532; 1.1687097549438477; 0.11679556965827942; 
134; -0.4988350570201874; 0.2808651924133301; 0.5501627922058105; -0.20681548118591309; 1.2530128955841064; 0.18485130369663239; 
137; -0.3641112446784973; 0.4394392669200897; 0.3482634425163269; -0.26551511883735657; 1.2185254096984863; 0.14938586950302124; 
144; -0.43390271067619324; 0.6353936195373535; 0.16632600128650665; -0.2231106162071228; 1.2865197658538818; 0.11244389414787292; 
138; -0.37974852323532104; 0.2766581177711487; 0.3127053678035736; -0.1706407368183136; 1.189127802848816; 0.19006960093975067; 
141; -0.33659628033638; 0.4172761142253876; 0.2778964340686798; -0.21403768658638; 1.1755061149597168; 0.2291971743106842; 
140; -0.34244027733802795; 0.7804740071296692; 0.23458106815814972; -0.3473660349845886; 1.364532709121704; 0.24106499552726746; 
142; -0.36321085691452026; 0.639388918876648; 0.56053626537323; -0.27081507444381714; 1.155472755432129; 0.16902999579906464; 
152; -0.30812975764274597; 0.6504624485969543; 0.028607428073883057; -0.3197370171546936; 1.1416106224060059; 0.07617217302322388; 
145; -0.38669446110725403; 0.6218595504760742; 0.4086439907550812; -0.18409332633018494; 1.1359875202178955; 0.21081587672233582; 
154; -0.2227712869644165; 0.48086535930633545; 0.581709623336792; -0.2154901623725891; 1.2234289646148682; 0.24565593898296356; 
153; -0.9079135656356812; 0.29950982332229614; 0.3198208808898926; -0.24821555614471436; 1.08246648311615; 0.18850180506706238; 
143; -0.5562372207641602; 0.41108471155166626; 0.3311784565448761; -0.13432373106479645; 1.1092711687088013; 0.23892857134342194; 
150; -0.16467031836509705; 0.3324519097805023; 0.2869052290916443; -0.317210853099823; 1.308842420578003; 0.1424916535615921; 
159; -0.43101224303245544; 0.27611392736434937; 0.34221118688583374; -0.24162054061889648; 1.2290680408477783; 0.08340556919574738; 
139; -0.1469392478466034; 0.49644458293914795; 0.2063504457473755; -0.22065386176109314; 1.2759015560150146; 0.1017734631896019; 
167; -0.4564947485923767; 0.383085161447525; 0.39302754402160645; -0.36935529112815857; 1.3005160093307495; 0.13054318726062775; 
158; -0.07595965266227722; 0.3946753442287445; 0.31715041399002075; -0.20962512493133545; 1.4412686824798584; 0.17851915955543518; 
165; -0.6319229602813721; 0.3506924510002136; 0.1295270174741745; -0.2300174981355667; 1.2909952402114868; 0.13767732679843903; 
166; -0.42204755544662476; 0.2884926497936249; 0.40451619029045105; -0.3480602502822876; 1.2650995254516602; 0.09380819648504257; 
162; -0.35589614510536194; 0.6578206419944763; 0.22295862436294556; -0.2202756255865097; 1.2152166366577148; 0.13322192430496216; 
151; -0.14738237857818604; 0.7424373030662537; 0.5691038966178894; -0.18601924180984497; 1.2967703342437744; 0.3071315288543701; 
156; -0.3261975646018982; 0.5619739294052124; 0.21951083838939667; -0.26323485374450684; 1.3468387126922607; 0.11946117877960205; 
164; -0.37396079301834106; 0.7822576761245728; 0.13765612244606018; -0.27373433113098145; 1.3476731777191162; 0.13226543366909027; 
157; -0.47785982489585876; 0.3292127549648285; -0.0991167426109314; -0.3364149034023285; 1.2027052640914917; 0.10455279797315598; 
169; -0.8952636122703552; 0.37706974148750305; 0.2792311906814575; -0.264401912689209; 1.1373577117919922; 0.189824178814888; 
163; -0.384567528963089; 0.4688612222671509; 0.30920112133026123; -0.2288021594285965; 1.2974095344543457; 0.10124202072620392; 
168; -0.4504748582839966; 0.7775102853775024; 0.46895164251327515; -0.17388181388378143; 1.227625846862793; 0.11701099574565887; 
160; -0.4825896620750427; 0.3966045379638672; 0.23077818751335144; -0.20797023177146912; 1.2761247158050537; 0.1764419674873352; 
170; -0.6596386432647705; 0.5534524917602539; 0.3831198215484619; -0.2868356704711914; 1.3129298686981201; 0.060243576765060425; 
175; -0.6229223012924194; 0.4430869221687317; 0.07881546020507812; -0.22280359268188477; 1.189862608909607; 0.0735979750752449; 
177; -0.4333282709121704; 0.5647816061973572; 0.27463796734809875; -0.31950634717941284; 1.2630451917648315; 0.13496512174606323; 
180; -0.07496213912963867; 0.3881828486919403; 0.5629989504814148; -0.25859254598617554; 1.239841103553772; 0.048190243542194366; 
171; -0.44507795572280884; 0.2567532956600189; 0.4081101715564728; -0.2168905884027481; 1.1177985668182373; 0.14557074010372162; 
161; -0.5287675857543945; 0.7194932103157043; 0.26206085085868835; -0.07059770822525024; 1.1886190176010132; 0.18859702348709106; 
174; -0.4459267854690552; 0.5940676927566528; 0.22293300926685333; -0.2824384570121765; 1.334453821182251; 0.060704708099365234; 
188; -0.26620399951934814; 0.5906240940093994; 0.3356284201145172; -0.2766706347465515; 1.2918305397033691; 0.1275976598262787; 
181; -0.3178497850894928; 0.44169387221336365; 0.07475069165229797; -0.2649882435798645; 1.2509665489196777; 0.18468919396400452; 
184; -0.5360153913497925; 0.4318851828575134; 0.4033728241920471; -0.28265613317489624; 1.2332208156585693; 0.11175768077373505; 
192; -0.39343398809432983; 0.454362690448761; 0.18875138461589813; -0.09727469086647034; 1.2790457010269165; 0.09996791929006577; 
189; -0.3255579173564911; 0.46133413910865784; 0.29125744104385376; -0.32840025424957275; 1.2380152940750122; 0.13770321011543274; 
186; -0.5281995534896851; 0.6297124624252319; 0.29428187012672424; -0.2338055670261383; 1.1255255937576294; 0.18879206478595734; 
193; -0.3595922291278839; 0.429913192987442; 0.5364106893539429; -0.20192453265190125; 1.1789488792419434; 0.16867780685424805; 
183; -0.35411006212234497; 0.7518157958984375; 0.2927156984806061; -0.2986643314361572; 1.1775193214416504; 0.13964243233203888; 
191; -0.4628831148147583; 0.21024090051651; 0.18852382898330688; -0.11215752363204956; 1.2427994012832642; 0.06804441660642624; 
172; -0.4817197322845459; 0.5984525084495544; 0.28960755467414856; -0.21853189170360565; 1.0953450202941895; 0.12587684392929077; 
194; -0.41671016812324524; 0.6170952320098877; 0.28580242395401; -0.30556952953338623; 1.214231252670288; 0.16909033060073853; 
173; -0.30849212408065796; 0.6235784292221069; 0.3012235462665558; -0.34772759675979614; 1.2318817377090454; -0.08668109774589539; 
185; -0.3059597909450531; 0.4106699228286743; 0.3731514811515808; -0.27968910336494446; 1.1022976636886597; 0.23277051746845245; 
187; -0.3875550627708435; 0.7715194821357727; 0.26199281215667725; -0.08012443780899048; 1.2380361557006836; 0.11936980485916138; 
195; -0.39479848742485046; 0.6500236988067627; 0.6818982362747192; -0.2213614135980606; 1.2991139888763428; 0.21622326970100403; 
179; -0.4566243588924408; 0.5422158241271973; 0.4124029576778412; -0.23066478967666626; 1.319642424583435; 0.1818823665380478; 
176; -0.22098225355148315; 0.5856061577796936; 0.2189701944589615; -0.19980129599571228; 1.1232093572616577; 0.14271944761276245; 
155; -0.3622520864009857; 0.3998349905014038; 0.4740403890609741; -0.3092571496963501; 1.1976985931396484; 0.18355731666088104; 
197; -0.46410268545150757; 0.854742169380188; 0.3074570894241333; -0.33564332127571106; 1.266847848892212; 0.02003796398639679; 
178; -0.0335613489151001; 0.46107158064842224; 0.08981570601463318; -0.23860926926136017; 1.1922920942306519; 0.08743853121995926; 
190; -0.4624323844909668; 0.6394284963607788; 0.39823782444000244; -0.308544397354126; 1.1800631284713745; 0.18702895939350128; 
182; -0.4298625588417053; 0.8406404852867126; 0.6625237464904785; -0.28737014532089233; 1.2338805198669434; -0.041378915309906006; 
199; -0.4403347969055176; 0.3813766539096832; 0.26006585359573364; -0.2318631410598755; 1.2564384937286377; 0.13521705567836761; 
196; -0.2971061170101166; 0.5215167999267578; 0.041844576597213745; -0.2250688672065735; 1.2395124435424805; 0.10624945908784866; 
198; -0.4696060121059418; 0.5607074499130249; 0.2943510413169861; -0.14720699191093445; 1.1970038414001465; 0.12263249605894089; 
149; -0.39802712202072144; 0.5226471424102783; 0.552806556224823; -0.2861049473285675; 1.345782995223999; 0.21339499950408936; 
200; -0.6301107406616211; 0.46628835797309875; 0.5802698135375977; -0.32872462272644043; 1.107161283493042; 0.10231485217809677; 
213; -0.3032587468624115; 0.397749662399292; 0.3389015793800354; -0.43364256620407104; 1.1127052307128906; 0.0922873392701149; 
202; -0.1664080023765564; 0.4320855736732483; -0.07706403732299805; -0.23158985376358032; 1.2119091749191284; 0.13808807730674744; 
241; -0.3928619623184204; 0.4975413978099823; 0.4027872681617737; -0.16279536485671997; 1.1243276596069336; 0.10660160332918167; 
223; -0.06515029072761536; 0.8284751176834106; 0.2750990092754364; -0.21059754490852356; 1.3233035802841187; 0.10753330588340759; 
204; -0.4536806046962738; 0.4012334644794464; 0.22881808876991272; -0.2525477409362793; 1.2040919065475464; 0.18842138350009918; 
205; -0.2657875716686249; 0.1908610612154007; 0.24539394676685333; -0.30618298053741455; 1.1748801469802856; 0.11554716527462006; 
212; -0.3396923542022705; 0.8500613570213318; 0.30202654004096985; -0.3819175958633423; 1.3305690288543701; 0.2967280149459839; 
221; -0.6349601149559021; 0.5778483748435974; 0.23859982192516327; -0.3184245228767395; 1.2570220232009888; 0.16730248928070068; 
240; -0.7245358228683472; 0.5633360147476196; 0.3688980042934418; -0.24417686462402344; 1.3463603258132935; 0.0735311210155487; 
200; -0.6301107406616211; 0.46628838777542114; 0.5802698135375977; -0.3287246525287628; 1.107161283493042; 0.10231481492519379; 
244; -0.44469934701919556; 0.3232068121433258; 0.27340036630630493; -0.2996262311935425; 1.0419354438781738; 0.06676306575536728; 
237; -0.8773775100708008; 0.7769176959991455; 0.3412496745586395; -0.3202663064002991; 1.3500585556030273; 0.11694338917732239; 
243; -0.6742851138114929; 0.43053221702575684; 0.012506693601608276; -0.35890206694602966; 1.174480676651001; 0.19094708561897278; 
224; 0.20035085082054138; 0.8347959518432617; 0.41636499762535095; -0.2282150536775589; 1.2133620977401733; 0.051368772983551025; 
216; -0.682327389717102; 0.377262681722641; 0.13040560483932495; -0.16511593759059906; 1.1278611421585083; 0.09688109159469604; 
227; -0.45561403036117554; 0.36273518204689026; 0.3148050010204315; -0.32135891914367676; 1.3907153606414795; 0.17760464549064636; 
226; -0.31928813457489014; 0.426623672246933; 0.4279770255088806; -0.32107025384902954; 1.1548333168029785; 0.35275742411613464; 
206; -0.4819541871547699; 0.6948477029800415; 0.5677170753479004; -0.2788558602333069; 1.2028412818908691; 0.0570538267493248; 
220; -0.20940223336219788; 0.4161689281463623; 0.3028520941734314; -0.2132023125886917; 1.2718369960784912; 0.2305297702550888; 
222; -0.09923678636550903; 0.6260716915130615; 0.024609804153442383; -0.17586135864257812; 1.3400782346725464; 0.07160201668739319; 
238; -0.7109630703926086; 0.5042896270751953; 0.4046661853790283; -0.33806419372558594; 1.157624363899231; 0.06806017458438873; 
228; -0.4474342465400696; 0.3441924750804901; 0.35108909010887146; -0.29213279485702515; 1.2648136615753174; 0.06995127350091934; 
229; -0.6714982986450195; 0.6972059011459351; 0.08783212304115295; -0.28854233026504517; 1.1599041223526; 0.08139250427484512; 
236; -0.04773196578025818; 0.6268171072006226; 0.44458991289138794; -0.28149837255477905; 1.274343490600586; 0.13162332773208618; 
214; -0.4246838092803955; 0.4700053334236145; 0.2935839891433716; -0.17934754490852356; 1.274092674255371; 0.049552880227565765; 
218; -0.46792474389076233; 0.4028780162334442; 0.43548813462257385; -0.1699112504720688; 1.1288608312606812; 0.20150144398212433; 
231; -0.7741625308990479; 0.6575514078140259; -0.0442298948764801; -0.2851569652557373; 1.2837417125701904; 0.12129326909780502; 
248; -0.2773304879665375; 0.38255244493484497; 0.47397565841674805; -0.14919254183769226; 1.2399555444717407; 0.1991657316684723; 
209; -0.6380042433738708; 0.4636465311050415; 0.35313451290130615; -0.2882378101348877; 1.2611342668533325; 0.1663333624601364; 
211; -0.7414064407348633; 0.33700793981552124; 0.501285970211029; -0.24232257902622223; 1.2902195453643799; 0.2254604697227478; 
210; -0.6287963390350342; 0.6357274055480957; 0.32666143774986267; -0.38940274715423584; 1.0985640287399292; 0.07300134003162384; 
203; -0.2281651794910431; 0.4867785573005676; 0.25494828820228577; -0.19807040691375732; 1.1950494050979614; 0.2096344530582428; 
234; -0.4038120210170746; 0.2669796049594879; 0.0230025053024292; -0.12451906502246857; 1.3427881002426147; 0.07315166294574738; 
225; -0.6720396280288696; 0.5134365558624268; 0.28421419858932495; -0.3731454014778137; 1.2301181554794312; 0.04754262417554855; 
235; -0.44601139426231384; 0.44030845165252686; 0.41477224230766296; -0.3078831434249878; 1.228926181793213; 0.23475675284862518; 
215; -0.40264585614204407; 0.5489894151687622; 0.4620574712753296; -0.4386301636695862; 1.1734827756881714; 0.2245529145002365; 
251; -0.47367385029792786; 0.39753544330596924; 0.22647671401500702; -0.18798620998859406; 1.1625791788101196; 0.03525560349225998; 
207; -0.47184208035469055; 0.4823189079761505; 0.32440170645713806; -0.3379780054092407; 1.0819146633148193; 0.17885106801986694; 
253; -0.3773881196975708; 0.5545841455459595; 0.25209012627601624; -0.23096570372581482; 1.3736083507537842; 0.21197077631950378; 
208; -0.45046862959861755; 0.39313703775405884; 0.3007996678352356; -0.4248173236846924; 1.2747344970703125; 0.09999143332242966; 
201; -0.6452118158340454; 0.5620017647743225; 0.2385704219341278; -0.17182742059230804; 1.1375796794891357; -0.02425462007522583; 
258; -0.32153481245040894; 0.4846285879611969; 0.2896376848220825; -0.24888257682323456; 1.2682881355285645; 0.21368388831615448; 
239; -0.7253875732421875; 0.2903919219970703; 0.5233851075172424; -0.05865319073200226; 1.146321415901184; 0.11923500895500183; 
256; -0.7462025880813599; 0.3959007263183594; 0.5288190245628357; -0.294739305973053; 1.181864619255066; 0.11880168318748474; 
232; -0.2575516104698181; 0.3113747239112854; 0.47866010665893555; -0.31646543741226196; 1.2753572463989258; 0.10154041647911072; 
245; -0.42533227801322937; 0.6115351915359497; 0.34274598956108093; -0.17084603011608124; 1.1279407739639282; 0.19742758572101593; 
219; -0.6000493764877319; 0.7074427604675293; 0.3535696268081665; -0.38636839389801025; 1.28482985496521; 0.005038157105445862; 
261; -0.2879970967769623; 0.37665238976478577; 0.27181166410446167; -0.28677982091903687; 1.2392123937606812; 0.14564010500907898; 
246; -0.6887639164924622; 0.7081222534179688; 0.6191697120666504; -0.3003336489200592; 1.215348482131958; 0.11522702872753143; 
217; -0.5443211793899536; 0.20785358548164368; 0.30215272307395935; -0.2131974697113037; 1.259061574935913; 0.29717132449150085; 
264; -0.5489845275878906; 0.22047486901283264; 0.08142352104187012; -0.22982202470302582; 1.337228775024414; 0.25734931230545044; 
242; -0.3342241048812866; 0.3682345151901245; 0.5519992709159851; -0.17176246643066406; 1.2985113859176636; 0.1914127767086029; 
230; -0.23078855872154236; 0.6322757005691528; 0.3482591509819031; -0.23697425425052643; 1.2957843542099; 0.042693592607975006; 
275; -0.37316685914993286; 0.5020191669464111; 0.11284990608692169; -0.26042160391807556; 1.159239649772644; 0.020847663283348083; 
249; -0.5650990605354309; 0.3446953594684601; 0.40247392654418945; -0.408841073513031; 1.303322672843933; 0.19752292335033417; 
269; -0.6207838654518127; 0.5596836805343628; 0.18739624321460724; -0.3476611077785492; 1.1418992280960083; 0.084098681807518; 
252; -0.5902825593948364; 0.6695117950439453; 0.3808436095714569; -0.19459281861782074; 1.3430638313293457; 0.13248583674430847; 
233; -0.2996712028980255; 0.3161153197288513; 0.36968332529067993; -0.20863300561904907; 1.357831358909607; 0.16856691241264343; 
266; -0.6320372819900513; 0.42381036281585693; 0.3849864900112152; -0.1643574833869934; 1.2056870460510254; 0.08129983395338058; 
265; -0.5742759108543396; 0.305341899394989; 0.2588900625705719; -0.24749021232128143; 1.1416618824005127; 0.11013034731149673; 
276; -0.562968373298645; 0.17096619307994843; 0.40957534313201904; -0.259324312210083; 1.1185476779937744; 0.21089492738246918; 
267; -0.5689088106155396; 0.41159552335739136; -0.1450870931148529; -0.3041859269142151; 1.25907301902771; 0.1574646234512329; 
260; -0.36809399724006653; 0.7575857639312744; 0.32445481419563293; -0.1768689602613449; 1.1544917821884155; -0.0023038387298583984; 
247; -0.07820746302604675; 0.386221319437027; 0.2688868045806885; -0.20477214455604553; 1.2374544143676758; 0.18589894473552704; 
282; -0.012284010648727417; 0.6480890512466431; 0.2668344974517822; -0.11575232446193695; 1.2317001819610596; 0.21425041556358337; 
254; -0.31626105308532715; 0.6475593447685242; 0.47034648060798645; -0.1458958387374878; 1.1296120882034302; 0.17661064863204956; 
262; -0.4901014566421509; 0.3906909227371216; 0.3448209762573242; -0.10664816200733185; 1.208365559577942; 0.06853720545768738; 
250; -0.22811296582221985; 0.22606542706489563; 0.17530788481235504; -0.26731032133102417; 1.2930904626846313; 0.0207492858171463; 
293; -0.4741906225681305; 0.6795482635498047; 0.18465322256088257; -0.14351758360862732; 1.1211838722229004; 0.20367968082427979; 
270; -0.3241046369075775; 0.5002086162567139; 0.1748330146074295; -0.27883315086364746; 1.1751383543014526; 0.14979252219200134; 
294; 0.037667542695999146; 0.4741136431694031; 0.40109989047050476; -0.2814703583717346; 1.2963361740112305; 0.007956638932228088; 
263; -0.3125011920928955; 0.5212039947509766; 0.10894224047660828; -0.3041606843471527; 1.3978400230407715; 0.008322253823280334; 
287; -0.5709388256072998; 0.793779730796814; 0.46498414874076843; -0.28110769391059875; 1.2880467176437378; 0.10705102980136871; 
285; -0.2504458427429199; 0.3231941759586334; 0.5080577731132507; -0.3930894732475281; 1.1174002885818481; 0.24452850222587585; 
274; -0.4115915298461914; 0.6211708784103394; 0.30551576614379883; -0.40041619539260864; 1.2824807167053223; 0.11630872637033463; 
290; -0.5389930009841919; 0.5718573331832886; 0.4565490484237671; -0.226250559091568; 1.2567626237869263; 0.1532008945941925; 
279; -0.6494479179382324; 0.5295508503913879; 0.3801233172416687; -0.2669621706008911; 1.2857050895690918; 0.19665051996707916; 
291; -0.38924697041511536; 0.5072611570358276; 0.3947983682155609; -0.11361129581928253; 1.3220402002334595; 0.1487569510936737; 
268; -0.3202674090862274; 0.9350693225860596; 0.5511949062347412; -0.20553597807884216; 1.3666551113128662; 0.10607211291790009; 
300; -0.26114317774772644; 0.39244651794433594; 0.3967319130897522; -0.20228230953216553; 1.1886069774627686; 0.1207890510559082; 
289; -0.540693998336792; 0.459869384765625; 0.3277166485786438; -0.2014250010251999; 1.3215503692626953; 0.10197416692972183; 
283; -0.2987070381641388; 0.39000236988067627; 0.5225183367729187; -0.22007866203784943; 1.2925671339035034; 0.16626930236816406; 
298; -0.46863117814064026; 0.2886216342449188; 0.7280141115188599; -0.2773556411266327; 1.2023825645446777; 0.24251241981983185; 
281; -0.7153903841972351; 0.6600288152694702; 0.059776246547698975; -0.25813907384872437; 1.2627172470092773; 0.0398138165473938; 
277; -0.3789803981781006; 0.2319328337907791; 0.32825589179992676; -0.19665490090847015; 1.3276467323303223; 0.16163897514343262; 
286; -0.20231464505195618; 0.565713107585907; 0.36653321981430054; -0.2695527970790863; 1.3244922161102295; 0.040271274745464325; 
292; -0.49915412068367004; 0.44912177324295044; 0.23649848997592926; -0.3089931011199951; 1.3583966493606567; 0.08346114307641983; 
302; -0.30278730392456055; 0.5659509301185608; 0.4325745701789856; -0.27476441860198975; 1.3037402629852295; 0.05353601276874542; 
272; -0.5474865436553955; 0.7462544441223145; 0.187037393450737; -0.2703414559364319; 1.2244476079940796; 0.183768630027771; 
257; 4.2498111724853516e-05; 0.6963238716125488; 0.5763715505599976; -0.21323323249816895; 1.0782470703125; 0.03933870047330856; 
278; -0.5405440330505371; 0.4325258433818817; 0.4251668155193329; -0.1701655387878418; 1.2973334789276123; 0.08299803733825684; 
273; -1.1721796989440918; 0.376262366771698; 0.4364106059074402; -0.26912033557891846; 1.0337181091308594; -0.0031160712242126465; 
306; -0.7658776640892029; 0.5433626770973206; 0.24262429773807526; -0.412259966135025; 1.1977951526641846; 0.026322156190872192; 
296; -0.3353201448917389; 0.27449026703834534; 0.42248302698135376; -0.2590838670730591; 1.1899038553237915; 0.07923929393291473; 
284; -0.3973569869995117; 0.38613346219062805; 0.5605741739273071; -0.2675161361694336; 1.170320749282837; 0.058040931820869446; 
280; -0.2148284614086151; 0.7320816516876221; 0.3601793646812439; -0.17455388605594635; 1.3279554843902588; 0.07935501635074615; 
308; -0.40133893489837646; 0.7164003849029541; 0.512852668762207; -0.31148436665534973; 1.387634515762329; 0.05840755254030228; 
259; -0.49453970789909363; 0.7484593391418457; 0.12479773163795471; -0.20228242874145508; 1.1740714311599731; 0.071034274995327; 
315; -0.3079451620578766; 0.5766122341156006; 0.3889753818511963; -0.35432344675064087; 1.2369558811187744; 0.029224984347820282; 
255; -0.31952139735221863; 0.6657804250717163; 0.35400810837745667; -0.2847498655319214; 1.1201450824737549; 0.006481438875198364; 
288; -0.5651313066482544; 0.5801176428794861; 0.5107888579368591; -0.15458519756793976; 1.1336287260055542; 0.049065232276916504; 
310; -0.5873386859893799; 0.4036038815975189; 0.7774518728256226; -0.08039337396621704; 1.3699228763580322; 0.3123587369918823; 

271; -0.14230352640151978; 0.3460397720336914; 0.4197211265563965; -0.17567335069179535; 1.2450072765350342; 0.12456680834293365; 
297; -0.4097093939781189; 0.34273356199264526; 0.36400744318962097; -0.27835220098495483; 1.2740814685821533; 0.19409340620040894; 
295; -0.4777405560016632; 0.4923921823501587; 0.2650226950645447; -0.1630844920873642; 1.353898525238037; 0.09800851345062256; 
301; -0.4532965123653412; 0.6255194544792175; 0.18688441812992096; -0.3634277880191803; 1.266476035118103; 0.10415680706501007; 
309; -0.6480802893638611; 0.6939979791641235; 0.3128119111061096; -0.16117851436138153; 1.3210322856903076; 0.11912037432193756; 
304; -0.5679016709327698; 0.45449966192245483; 0.22458861768245697; -0.2331758588552475; 1.166788101196289; 0.10792022198438644; 
305; -0.7354285717010498; 0.5700088739395142; 0.3081217408180237; -0.3398590683937073; 1.1352955102920532; 0.16134104132652283; 
299; -0.5460665225982666; 0.27062100172042847; 0.2550378143787384; -0.1749441772699356; 1.331301212310791; 0.2455785870552063; 
312; -0.7600008845329285; 0.458479106426239; 0.5058110952377319; -0.34873729944229126; 1.2795871496200562; 0.057035453617572784; 
316; -0.39321351051330566; 0.6732985377311707; 0.40071845054626465; -0.2046971470117569; 1.3449416160583496; 0.1618824303150177; 
314; -0.40617287158966064; 0.7928694486618042; 0.4862733483314514; -0.23152126371860504; 1.1642873287200928; 0.13137896358966827; 
326; -0.3725188672542572; 0.2109672874212265; 0.18542921543121338; -0.21613579988479614; 1.2823517322540283; 0.19514590501785278; 
311; -0.6568179130554199; 0.5555322170257568; 0.4124368131160736; -0.3293524384498596; 1.272307276725769; 0.04531139135360718; 
331; -0.39923664927482605; 0.42133113741874695; 0.16448582708835602; -0.14712491631507874; 1.3335707187652588; 0.16373346745967865; 
313; -0.298312783241272; 0.5646475553512573; 0.0771150290966034; -0.22528012096881866; 1.1994966268539429; 0.10089536011219025; 
323; -0.24755743145942688; 0.680493950843811; 0.13185133039951324; -0.3190610408782959; 1.3227999210357666; 0.06447518616914749; 
327; -0.1123608648777008; 0.3407582938671112; 0.3092435598373413; -0.3214946687221527; 1.2118406295776367; 0.2864706516265869; 
341; -0.49621933698654175; 0.3915365934371948; 0.6970833539962769; -0.297996461391449; 1.2551724910736084; 0.20348647236824036; 
334; -0.27036333084106445; 0.45668938755989075; 0.31694474816322327; -0.3188210129737854; 1.2686810493469238; 0.16307123005390167; 
330; -0.6958663463592529; 0.6944917440414429; 0.3184368908405304; -0.2591097950935364; 1.205419898033142; 0.03138388693332672; 
303; -0.39268025755882263; 0.6353073120117188; 0.28125354647636414; -0.23805342614650726; 1.054868459701538; 0.053710415959358215; 
319; -0.44959551095962524; 0.2617143392562866; 0.4784756302833557; -0.2757887840270996; 1.2234501838684082; 0.21672062575817108; 
336; -0.40777018666267395; 0.510351300239563; 0.30226483941078186; -0.19683238863945007; 1.1714274883270264; 0.11812901496887207; 
317; -0.4389382302761078; 0.5588252544403076; 0.3074972927570343; -0.24340923130512238; 1.2082644701004028; 0.025266192853450775; 
328; -0.7903499603271484; 0.13427484035491943; 0.4330475926399231; -0.22201982140541077; 1.1548047065734863; 0.2532508671283722; 
332; -0.40764591097831726; 0.6146119236946106; 0.42829424142837524; -0.2181975543498993; 1.0275521278381348; 0.15371662378311157; 
325; -0.3958543539047241; 0.6609905958175659; 0.3070162236690521; -0.3168226182460785; 1.2418503761291504; 0.1011723205447197; 
320; -0.49618470668792725; 0.3748382031917572; 0.34791141748428345; -0.34479838609695435; 1.3201329708099365; 0.043564096093177795; 
324; -0.46779903769493103; 0.6805218458175659; 0.19506748020648956; -0.4081290364265442; 1.2795017957687378; 0.18142032623291016; 
318; -0.4974667429924011; 0.3204631805419922; 0.22242631018161774; -0.16493144631385803; 1.1864452362060547; 0.13373324275016785; 
322; -0.7427849769592285; 0.4377322196960449; 0.29451271891593933; -0.16742147505283356; 1.2608633041381836; 0.14443646371364594; 
329; -0.3192887008190155; 0.45473796129226685; 0.31204017996788025; -0.2276167869567871; 1.332046389579773; 0.07098057866096497; 
335; -0.45189008116722107; 0.6210687160491943; 0.21979224681854248; -0.2788965404033661; 1.2035738229751587; 0.08549252152442932; 
357; -0.17338642477989197; 0.5453158020973206; 0.4158902168273926; -0.22955122590065002; 1.2245643138885498; 0.11427686363458633; 
337; -0.5650290250778198; 0.41136613488197327; 0.2744347155094147; -0.3172236979007721; 1.1605851650238037; 0.26179301738739014; 
351; -0.2904091477394104; 0.3948746919631958; 0.42066019773483276; -0.36201512813568115; 1.2763158082962036; 0.16630801558494568; 
356; -0.6599282026290894; 0.5621930360794067; 0.35118672251701355; -0.3085175156593323; 1.2460765838623047; 0.10895390808582306; 
343; -0.16086632013320923; 0.8062328696250916; 0.3018017113208771; -0.3614559471607208; 1.3173754215240479; 0.19548195600509644; 
352; -0.2910120487213135; 0.6450845003128052; 0.2847599685192108; -0.3250521719455719; 1.1583751440048218; -0.023587360978126526; 
339; -0.1523526906967163; 0.5295274257659912; 0.32833173871040344; -0.30363011360168457; 1.1702277660369873; 0.05217882990837097; 
349; -0.26570215821266174; 0.5039470195770264; 0.3664805591106415; -0.2565963566303253; 1.1868146657943726; 0.14892272651195526; 
366; -0.46584171056747437; 0.7272629737854004; 0.1625378578901291; -0.289992094039917; 1.315861463546753; -0.010161042213439941; 
344; -0.7191300988197327; 0.3169204890727997; 0.48486655950546265; -0.22362634539604187; 1.1453644037246704; -0.006643533706665039; 
347; -0.2884291112422943; 0.41079244017601013; 0.3822535574436188; -0.1852283924818039; 1.2460505962371826; 0.13778866827487946; 
346; -0.21639710664749146; 0.6745686531066895; 0.17718186974525452; -0.2056352198123932; 1.2154672145843506; 0.09532065689563751; 
338; -0.33451545238494873; 0.2520343065261841; 0.17609886825084686; -0.2412867546081543; 1.204662799835205; 0.08008750528097153; 
342; -0.353397011756897; 0.33165207505226135; 0.6648873686790466; -0.16667772829532623; 1.1791731119155884; 0.1744781732559204; 
350; -0.5249735116958618; 0.831097424030304; 0.41862815618515015; -0.3188376724720001; 1.2557429075241089; 0.020336881279945374; 
369; -0.02890598773956299; 0.452015221118927; 0.3802338242530823; -0.22848334908485413; 1.2222040891647339; 0.16587576270103455; 
348; -0.4766153395175934; 0.3944503366947174; 0.23241223394870758; -0.2664582133293152; 1.1993855237960815; 0.10457907617092133; 
360; -0.6410509347915649; 0.6714808344841003; 0.2909209132194519; -0.29091677069664; 1.2416996955871582; 0.04138629138469696; 
345; -0.519320547580719; 0.44271814823150635; 0.4649348855018616; -0.33537188172340393; 1.2771964073181152; 0.22707673907279968; 
355; -0.3680966794490814; 0.5067586302757263; 0.34750035405158997; -0.28635144233703613; 1.2077884674072266; 0.08812710642814636; 
321; -0.016126930713653564; 0.4924708604812622; 0.16951820254325867; -0.31384992599487305; 1.4105234146118164; 0.20362839102745056; 
354; -0.6285957098007202; 0.6832329034805298; 0.4415014982223511; -0.29363882541656494; 1.2653294801712036; 0.19293971359729767; 
370; -0.5309717655181885; 0.5726608037948608; 0.11487969756126404; -0.30025193095207214; 1.2662042379379272; 0.04551894962787628; 
372; -0.4603792428970337; 0.5966364145278931; 0.6802698373794556; -0.13295741379261017; 1.2901705503463745; 0.2226330041885376; 
368; -0.28384238481521606; 0.65176922082901; 0.3625413179397583; -0.36000460386276245; 1.2833642959594727; 0.11055121570825577; 
333; -0.5267010927200317; 0.724407434463501; 0.7371981143951416; -0.3695523738861084; 1.1431680917739868; -0.09242706000804901; 
364; -0.2817370593547821; 0.9148236513137817; 0.31153959035873413; -0.2788846790790558; 1.3216763734817505; 0.1155993789434433; 
379; -0.521090030670166; 0.45584332942962646; 0.259901762008667; -0.3429577946662903; 1.236043930053711; 0.20348723232746124; 
367; -0.21014288067817688; 0.772077739238739; 0.6212375164031982; -0.2136489897966385; 1.2878406047821045; 0.09600409865379333; 
377; -0.5251812934875488; 0.6709764003753662; 0.31293022632598877; -0.24290981888771057; 1.2111756801605225; 0.11202491074800491; 
353; -0.7488982677459717; 0.5229760408401489; 0.41680631041526794; -0.21760782599449158; 1.28971266746521; 0.03040977567434311; 
362; -0.5816425085067749; 0.7209655046463013; 0.3620220422744751; -0.23073671758174896; 1.3666428327560425; 0.27116748690605164; 
340; -0.373595654964447; 0.6199115514755249; 0.336168497800827; -0.14972442388534546; 1.2869423627853394; 0.22384421527385712; 
378; -0.37043866515159607; 0.8611407279968262; 0.4660644233226776; -0.18354381620883942; 1.1987793445587158; 0.09568588435649872; 
376; -0.5897573232650757; 0.7708753943443298; 0.6224126815795898; -0.3812212347984314; 1.3707858324050903; 0.1287459284067154; 
373; -0.47532954812049866; 0.25811946392059326; 0.32194554805755615; -0.17127954959869385; 1.3221580982208252; 0.15771377086639404; 
375; -0.7185627818107605; 0.22701257467269897; 0.4764978587627411; -0.3611202836036682; 1.114616870880127; 0.10451734066009521; 
363; -0.4305560886859894; 0.5872194766998291; 0.22601443529129028; -0.21840816736221313; 1.228904128074646; 0.092522993683815; 
374; -0.4271478056907654; 0.4460575580596924; 0.19369952380657196; -0.2690221965312958; 1.2514817714691162; 0.19228790700435638; 
380; -0.31050238013267517; 0.43128448724746704; 0.19747769832611084; -0.2528955936431885; 1.2254533767700195; 0.06993822753429413; 
391; -0.3925216495990753; 0.5024874806404114; 0.41117873787879944; -0.116937056183815; 1.1977310180664062; 0.09153147786855698; 
388; -0.5119115114212036; 0.7904973030090332; 0.46024852991104126; -0.335735559463501; 1.1962518692016602; 0.28003400564193726; 
397; -0.24707478284835815; 0.4982437491416931; 0.47025448083877563; -0.2696571350097656; 1.308693766593933; 0.19739985466003418; 
389; -0.5296693444252014; 0.5829216241836548; -0.03671073913574219; -0.18100541830062866; 1.3032842874526978; 0.12128451466560364; 
371; -0.44887417554855347; 0.5607157945632935; 0.4898532032966614; -0.3434138894081116; 1.2340352535247803; 0.12949664890766144; 
385; -0.5162644982337952; 0.4002986550331116; 0.48792165517807007; -0.27944472432136536; 1.2410502433776855; 0.17330455780029297; 
359; -0.42794176936149597; 0.7671642303466797; 0.28068840503692627; -0.2734827399253845; 1.1898291110992432; 0.04195249825716019; 
390; -0.510554850101471; 0.6683786511421204; 0.22968947887420654; -0.2545338571071625; 1.2306442260742188; 0.04479879140853882; 
403; -0.4538819491863251; 0.37519264221191406; 0.25723257660865784; -0.27090930938720703; 1.3611259460449219; 0.09133076667785645; 
395; -0.5423031449317932; 0.5884385108947754; 0.2981114387512207; -0.3316332697868347; 1.155665397644043; 0.08511978387832642; 
382; -0.12927156686782837; 0.36633044481277466; 0.3268973231315613; -0.338699072599411; 1.1805187463760376; 0.008372485637664795; 
358; -0.5876443386077881; 0.6667877435684204; -0.16523009538650513; -0.29974430799484253; 1.1917308568954468; -0.014543503522872925; 
402; -0.4978351891040802; 0.5044076442718506; 0.26423364877700806; -0.2158045470714569; 1.3324320316314697; 0.031637147068977356; 
404; -0.45660722255706787; 0.392780601978302; 0.3367099165916443; -0.27714693546295166; 1.2471932172775269; 0.12986832857131958; 
393; -0.41513964533805847; 0.739172101020813; 0.15210825204849243; -0.29811978340148926; 1.1726162433624268; 0.1968277096748352; 
361; -0.31852245330810547; 0.5815479755401611; 0.3653130829334259; -0.2141907662153244; 1.0749717950820923; 0.14844255149364471; 
384; -0.09493663907051086; 0.6357805132865906; 0.3313422203063965; -0.3303912878036499; 1.276617169380188; 0.12243868410587311; 
383; -0.35966935753822327; 0.6145597696304321; 0.39418482780456543; -0.27868908643722534; 1.3112084865570068; 0.06990008801221848; 
392; -0.3377370238304138; 0.558119535446167; 0.5998137593269348; -0.27304381132125854; 1.1396734714508057; 0.16057756543159485; 
420; -0.3318261504173279; 0.6093765497207642; 0.07780948281288147; -0.17521120607852936; 1.1614867448806763; 0.1396217942237854; 
418; -0.6570717096328735; 0.7228376865386963; 0.23638030886650085; -0.2505752742290497; 1.3139805793762207; 0.1933976262807846; 
381; -0.5219084024429321; 0.6068397760391235; 0.26981204748153687; -0.1890944093465805; 1.2070162296295166; 0.06510095298290253; 
398; -0.228499174118042; 0.5256227850914001; 0.44263753294944763; -0.3684471845626831; 1.1677664518356323; 0.17458197474479675; 
409; -0.7484812140464783; 0.5242900252342224; 0.3449591100215912; -0.3230389356613159; 1.2126044034957886; 0.30282649397850037; 
365; -0.6677549481391907; 0.4222213625907898; -0.11901381611824036; -0.18827572464942932; 1.27359938621521; 0.14710001647472382; 
411; -0.23123452067375183; 0.47127676010131836; 0.4060513377189636; -0.15491613745689392; 1.2526005506515503; 0.05290521681308746; 
406; -0.7265498638153076; 0.29209333658218384; 0.1580076366662979; -0.26311472058296204; 1.1889899969100952; 0.05588267743587494; 
413; -1.0850127935409546; 0.6854968070983887; 0.4632113575935364; -0.15459896624088287; 1.2078070640563965; 0.10189414024353027; 
394; -0.216374009847641; 0.5288838148117065; 0.17289067804813385; -0.34675735235214233; 1.2052555084228516; 0.17941191792488098; 
425; -0.5822203159332275; 0.5378028750419617; -0.04708614945411682; -0.32231858372688293; 1.1460893154144287; 0.1361066699028015; 
400; -0.2591893672943115; 0.2561790943145752; 0.4068657159805298; -0.19871366024017334; 1.2729268074035645; 0.010244801640510559; 
396; -0.8199484944343567; 0.3173537254333496; 0.7274788618087769; -0.24475593864917755; 1.196386694908142; 0.22581714391708374; 
412; -0.3808923661708832; 0.4464091658592224; 0.2758708596229553; -0.10994686186313629; 1.0463359355926514; 0.14474713802337646; 
405; -0.5670655965805054; 0.593225359916687; 0.4787469506263733; -0.19526422023773193; 1.2964198589324951; 0.12425345182418823; 
410; -0.25732195377349854; 0.6062830686569214; 0.5676644444465637; -0.30278050899505615; 1.150399923324585; 0.1396215409040451; 
407; -0.48701873421669006; 0.4964081048965454; 0.4001293182373047; -0.29023826122283936; 1.2854115962982178; 0.07341605424880981; 
427; -0.5224937796592712; 0.367610901594162; 0.3151831030845642; -0.30107808113098145; 1.3029223680496216; 0.07769105583429337; 
419; -0.4476430416107178; 0.3608384430408478; 0.15545320510864258; -0.09816902875900269; 1.2215865850448608; 0.0471564456820488; 
421; -0.32744118571281433; 0.31872817873954773; 0.43309688568115234; -0.3820831775665283; 1.1961009502410889; 0.1353708803653717; 
422; -0.12435445189476013; 0.3250729441642761; 0.3254460394382477; -0.14099934697151184; 1.274649977684021; 0.16996434330940247; 
426; -0.18615344166755676; 0.50368732213974; 0.5256153345108032; -0.11129187047481537; 1.3818687200546265; 0.11713306605815887; 
428; -0.26491695642471313; 0.5665084719657898; 0.19343596696853638; -0.2791350185871124; 1.261184573173523; 0.1832384318113327; 
417; -0.34874919056892395; 0.3372749388217926; 0.30327388644218445; -0.3117898106575012; 1.2502384185791016; 0.0365697517991066; 
401; -0.5200240015983582; 0.5768664479255676; 0.3700788617134094; -0.31235259771347046; 1.3500339984893799; 0.1288083791732788; 
434; -0.4135332405567169; 0.5059632062911987; -0.05282828211784363; -0.1807113140821457; 1.2522773742675781; 0.2757115960121155; 
387; -0.1867736279964447; 0.6363475322723389; 0.2979532480239868; -0.34306663274765015; 1.2350060939788818; 0.11046986281871796; 
431; -0.2484138309955597; 0.5146034955978394; -0.04921993613243103; -0.20700602233409882; 1.1278188228607178; 0.26570695638656616; 
442; -0.15489348769187927; 0.48198166489601135; 0.15081453323364258; -0.30606162548065186; 1.330663800239563; 0.22259283065795898; 
423; -0.6589620113372803; 0.5918863415718079; 0.20276808738708496; -0.308932363986969; 1.134620189666748; 0.1613031029701233; 
438; -0.36649465560913086; 0.5981711149215698; 0.5402610301971436; -0.1835092157125473; 1.2514017820358276; 0.08881163597106934; 
443; -0.42640742659568787; 0.5972641706466675; 0.17175869643688202; -0.30063027143478394; 1.2518490552902222; 0.2327672690153122; 
399; -0.6184675693511963; 0.3397720456123352; 0.3446807861328125; -0.261310875415802; 1.2605832815170288; 0.1312689185142517; 
414; -0.06244197487831116; 0.9475102424621582; 0.7680639028549194; -0.24521246552467346; 1.2738215923309326; 0.23509594798088074; 
386; -0.7345230579376221; 0.21062853932380676; 0.44087716937065125; -0.23220041394233704; 1.290723443031311; -0.016230061650276184; 
432; -0.22503995895385742; 0.29695913195610046; -0.09146648645401001; -0.2371799796819687; 1.1617422103881836; 0.014485061168670654; 
444; -0.42662644386291504; 0.44763368368148804; 0.27773237228393555; -0.4308857023715973; 1.3050421476364136; 0.1722821295261383; 
408; -0.5175971984863281; 0.7485340237617493; 0.5933510661125183; -0.24100548028945923; 1.2251161336898804; 0.06427690386772156; 
437; -0.44716525077819824; 0.44361355900764465; 0.17178529500961304; -0.2721501588821411; 1.1505624055862427; 0.1451823115348816; 
436; -0.48033198714256287; 0.7414897680282593; 0.1887284219264984; -0.22251306474208832; 1.1970651149749756; 0.026413343846797943; 
439; -0.23618865013122559; 0.6886303424835205; 0.43186819553375244; -0.3324732780456543; 1.2865698337554932; 0.1112276017665863; 
430; -0.7096455097198486; 0.37499162554740906; 0.5014299750328064; -0.23334132134914398; 1.3259446620941162; 0.19400162994861603; 
445; -0.3813425898551941; 0.5851190686225891; 0.09978529810905457; -0.30648964643478394; 1.1470942497253418; 0.1693246215581894; 
440; -0.32295307517051697; 0.5894873142242432; 0.14656686782836914; -0.2851930260658264; 1.0939124822616577; 0.10840608179569244; 
452; -0.06841683387756348; 0.37932687997817993; 0.22161221504211426; -0.4334770441055298; 1.1005330085754395; 0.1946028172969818; 
454; -0.31170305609703064; 0.4944581389427185; 0.31214797496795654; -0.23764747381210327; 1.3029298782348633; 0.26559096574783325; 
459; -0.35689547657966614; 0.6059590578079224; 0.501225471496582; -0.1918688863515854; 1.2141661643981934; 0.18038281798362732; 
450; -0.35369664430618286; 0.41340240836143494; 0.2706005275249481; -0.171005517244339; 1.41805899143219; 0.13534052670001984; 
441; -0.4776988923549652; 0.5231142640113831; 0.3650524616241455; -0.2537350654602051; 1.168736219406128; 0.191182479262352; 
416; -0.564995527267456; 0.6868091821670532; 0.2623356580734253; -0.21719563007354736; 1.3656083345413208; 0.2757949233055115; 
448; -0.22626301646232605; 0.6033090353012085; 0.3059598207473755; -0.32756394147872925; 1.213731050491333; 0.18059569597244263; 
433; -0.4710513651371002; 0.49119672179222107; 0.4373263716697693; -0.22328884899616241; 1.2460004091262817; 0.13903088867664337; 
468; -0.8154036402702332; 0.5558332800865173; 0.18992391228675842; -0.31915900111198425; 1.3168030977249146; 0.13787445425987244; 
415; -0.3882274925708771; 0.5437604784965515; -0.0578744113445282; -0.23007452487945557; 1.1478359699249268; 0.12771500647068024; 
467; -0.34295526146888733; 0.5167443156242371; 0.11753952503204346; -0.18743562698364258; 1.3129351139068604; 0.15261125564575195; 
474; -0.4161376953125; 0.41459688544273376; 0.4213305115699768; -0.2309202402830124; 1.1602250337600708; 0.16504813730716705; 
453; -0.3474794626235962; 0.5442138314247131; 0.44067615270614624; -0.24914659559726715; 1.2409992218017578; 0.24391382932662964; 
458; -0.13469761610031128; 0.547886312007904; 0.5630434155464172; -0.10596279799938202; 1.1126841306686401; 0.1945524364709854; 
457; -0.45760929584503174; 0.37973934412002563; 0.10115459561347961; -0.18809984624385834; 1.217348337173462; 0.17793011665344238; 
449; -0.1210775077342987; 0.3997436463832855; 0.3528980016708374; -0.25933563709259033; 1.1571780443191528; 0.12413762509822845; 
455; -0.13348475098609924; 0.4898681044578552; 0.06840434670448303; -0.2839038670063019; 1.2882615327835083; 0.21513605117797852; 
480; -0.786261260509491; 0.4283824563026428; 0.444879949092865; -0.38298919796943665; 1.216855525970459; 0.18051953613758087; 
476; -0.5466907620429993; 0.36184966564178467; 0.1510891169309616; -0.21056242287158966; 1.2157450914382935; 0.1443300098180771; 
456; -0.5151761174201965; 0.5701911449432373; 0.42546847462654114; -0.30780547857284546; 1.1113228797912598; 0.0598062127828598; 
435; -0.39682987332344055; 0.4202391505241394; 0.20698338747024536; -0.2361818104982376; 1.1097625494003296; 0.04652837663888931; 
447; -0.6580253839492798; 0.4281313419342041; 0.5235588550567627; -0.25891563296318054; 1.366999626159668; 0.10159008949995041; 
463; -0.33097776770591736; 0.4713292717933655; 0.6059442758560181; -0.3317274749279022; 1.362874150276184; 0.09616994112730026; 
451; -0.4219164550304413; 0.5231698155403137; 0.3781522214412689; -0.3355404734611511; 1.2428562641143799; 0.0826348066329956; 
460; -0.5432936549186707; 0.5570394992828369; 0.2952401638031006; -0.3044166564941406; 1.1859724521636963; 0.12937162816524506; 
470; -0.5724223852157593; 0.6482086777687073; 0.5266494154930115; -0.24134717881679535; 1.1045619249343872; 0.17760725319385529; 
466; -0.44392555952072144; 0.13989929854869843; 0.22824276983737946; -0.3343758285045624; 1.3092175722122192; 0.11659042537212372; 
424; -0.4225963354110718; 0.4628468155860901; 0.44297200441360474; -0.28227341175079346; 1.191839575767517; 0.13380594551563263; 
464; -0.20053482055664062; 0.5786840915679932; 0.3165079951286316; -0.3117641806602478; 1.1839258670806885; 0.10775992274284363; 
461; -0.448293536901474; 0.09434807300567627; 0.1584445685148239; -0.2542359232902527; 1.2995319366455078; 0.12396567314863205; 
462; -0.528705358505249; 0.549915611743927; 0.043815433979034424; -0.28455615043640137; 1.1405763626098633; 0.11323204636573792; 
487; -0.25998809933662415; 0.4367715120315552; 0.5505183935165405; -0.17400795221328735; 1.243605613708496; 0.20524241030216217; 
469; -0.28188005089759827; 0.6043940782546997; 0.295013427734375; -0.16403603553771973; 1.1361112594604492; 0.22609910368919373; 
483; -0.2552310526371002; 0.7298855781555176; 0.34790894389152527; -0.07484525442123413; 1.3829957246780396; 0.10983303189277649; 
472; -0.5180455446243286; 0.6489928364753723; 0.4882923364639282; -0.30368924140930176; 1.2918378114700317; 0.14625641703605652; 
477; -0.8000894784927368; 0.6380913257598877; 0.5345813035964966; -0.28119438886642456; 1.2556132078170776; 0.09872278571128845; 
471; -0.59306800365448; 0.5185384154319763; 0.18569160997867584; -0.3191201090812683; 1.2259472608566284; 0.16357488930225372; 
475; -0.6358568072319031; 0.45898985862731934; 0.2131195068359375; -0.11805395781993866; 1.3273191452026367; 0.039754390716552734; 
429; -0.49435529112815857; 0.7208464741706848; 0.15333721041679382; -0.3162924647331238; 1.2900084257125854; 0.145826056599617; 
484; -0.4625381529331207; 0.6270742416381836; 0.3906167149543762; -0.07647722959518433; 1.207647681236267; 0.1068289577960968; 
465; -0.6411819458007812; 0.4962882995605469; 0.35091957449913025; -0.3104565143585205; 1.2449698448181152; 0.13205891847610474; 
479; -0.7980155944824219; 0.5652360916137695; 0.3985528349876404; -0.2606601119041443; 1.1203557252883911; 0.1875511109828949; 
485; -0.6859920620918274; 0.4235456585884094; 0.31962716579437256; -0.3159356713294983; 1.2378584146499634; 0.09144331514835358; 
473; -0.31948602199554443; 0.6335078477859497; 0.23299221694469452; -0.32951295375823975; 1.3250443935394287; 0.0972541868686676; 
486; -0.40881454944610596; 0.495152086019516; 0.22468701004981995; -0.25058484077453613; 1.2684053182601929; 0.13188175857067108; 
446; -0.030875176191329956; 0.8211671710014343; 0.19185985624790192; -0.1749030500650406; 1.2284390926361084; 0.053176216781139374; 
481; -0.5926666855812073; 0.5541042685508728; 0.10546207427978516; -0.2341834157705307; 1.1741236448287964; 0.2894800901412964; 
496; -0.44419145584106445; 0.4950489401817322; 0.24999168515205383; -0.07599493861198425; 1.264439582824707; 0.028528131544589996; 
491; -0.12082028388977051; 0.4473816156387329; 0.35513460636138916; -0.3880090117454529; 1.2327250242233276; 0.09225420653820038; 
488; -0.42600905895233154; 0.6699074506759644; 0.14134669303894043; -0.16757135093212128; 1.3228445053100586; 0.16634690761566162; 
478; -0.3873352110385895; 0.368135929107666; 0.28771036863327026; -0.3430292010307312; 1.2625401020050049; 0.18748511373996735; 
490; -0.7010251879692078; 0.6066299080848694; 0.4124823212623596; -0.30659931898117065; 1.143729567527771; 0.14220644533634186; 
493; -0.7756825685501099; 0.4860720634460449; 0.37085387110710144; -0.20824415981769562; 1.2103976011276245; 0.16272640228271484; 
489; -0.4208836853504181; 0.4554189443588257; 0.22110778093338013; -0.27232661843299866; 1.302187204360962; 0.04365213215351105; 
495; -0.343860387802124; 0.8268287181854248; 0.38794228434562683; -0.3031356930732727; 1.3591241836547852; 0.16911859810352325; 
497; -0.6731473207473755; 0.3223496973514557; 0.19897407293319702; -0.14025253057479858; 1.2302106618881226; 0.125972181558609; 
499; -0.5401145219802856; 0.5558539628982544; -0.11839219927787781; -0.18800455331802368; 1.2605054378509521; 0.12170535326004028; 
482; -0.45409101247787476; 0.38024255633354187; 0.4001588821411133; -0.2034069299697876; 1.3031097650527954; 0.2146337926387787; 
498; -0.4062475860118866; 0.5975543856620789; 0.3052154779434204; -0.44071632623672485; 1.3358138799667358; 0.16127526760101318; 
494; -0.5855120420455933; 0.6386494636535645; 0.24945521354675293; -0.328797847032547; 1.2409809827804565; 0.1298278123140335; 
492; -0.316221684217453; 0.6577537059783936; 0.3614739179611206; -0.33268576860427856; 1.2110010385513306; 0.16876694560050964; 
