26; -1.3605048656463623; 0.06776264309883118; -0.18292704224586487; -0.5175895094871521; 0.885055422782898; -0.14926409721374512; 
35; -1.3876569271087646; 0.053910911083221436; -0.5290711522102356; -0.41264089941978455; 0.9273978471755981; -0.20305803418159485; 
40; -1.4438693523406982; -0.11234384775161743; -0.49075210094451904; -0.4211854934692383; 0.882400393486023; -0.06869576871395111; 
20; -1.2207680940628052; -0.1445891559123993; -0.45630207657814026; -0.5030348896980286; 0.9518460035324097; -0.11980070918798447; 
9; -1.286146879196167; -0.18706382811069489; -0.4136815369129181; -0.45753297209739685; 0.8366230130195618; -0.1440771371126175; 
25; -1.0472707748413086; 0.04732006788253784; -0.6177643537521362; -0.6009413003921509; 0.9093039035797119; -0.31058844923973083; 
21; -1.2471214532852173; -0.34805184602737427; -0.2277240753173828; -0.5181294679641724; 0.9097853899002075; -0.03190623223781586; 
3; -1.3179281949996948; 0.001973450183868408; -0.5030158162117004; -0.4822796583175659; 0.9190021753311157; -0.17151540517807007; 
0; -1.3519598245620728; -0.1272123157978058; -0.10689355432987213; -0.5226101875305176; 0.9493096470832825; -0.0922752320766449; 
29; -1.048396110534668; -0.19297374784946442; -0.14987674355506897; -0.43163546919822693; 1.0010215044021606; -0.11469221115112305; 
33; -1.3351101875305176; -0.09332548081874847; -0.19485686719417572; -0.5758728981018066; 0.8355504274368286; -0.1360941082239151; 
36; -1.4258953332901; -0.10734552145004272; -0.464923232793808; -0.5139997005462646; 0.8617159128189087; -0.08570476621389389; 
13; -1.3314952850341797; -0.4177880883216858; -0.037606000900268555; -0.594787061214447; 1.0049387216567993; -0.10019515454769135; 
39; -1.4877586364746094; -0.29067516326904297; -0.3190883696079254; -0.5345835089683533; 1.0010496377944946; -0.12919777631759644; 
47; -1.2213331460952759; -0.11635322868824005; -0.16641034185886383; -0.461982786655426; 0.8896750807762146; -0.22031362354755402; 
38; -1.2306110858917236; -0.01756688952445984; -0.4990580379962921; -0.5150505304336548; 1.056736946105957; -0.20867842435836792; 
8; -1.2404170036315918; -0.4712638854980469; -0.4346662759780884; -0.45865994691848755; 1.045784831047058; -0.13506032526493073; 
6; -1.0717881917953491; 0.0573994517326355; -0.3880878686904907; -0.5326212644577026; 0.963667631149292; -0.13829541206359863; 
19; -1.4873390197753906; -0.3007442355155945; -0.34029072523117065; -0.5292432308197021; 1.023120403289795; -0.0860825628042221; 
49; -1.350877046585083; 0.05023416876792908; -0.2995225787162781; -0.5988137125968933; 1.0039833784103394; -0.031740374863147736; 
28; -1.1441609859466553; -0.019386768341064453; -0.22397667169570923; -0.5227290391921997; 0.8917548656463623; -0.1991765797138214; 
15; -1.9014980792999268; -0.2578948736190796; -0.1522059589624405; -0.5531139373779297; 0.8981732130050659; -0.23213523626327515; 
37; -1.8654534816741943; -0.21212708950042725; -0.31914472579956055; -0.5999986529350281; 0.8570995926856995; 0.016261398792266846; 
18; -1.3997087478637695; -0.24373957514762878; -0.9910447597503662; -0.5472534894943237; 0.8805680274963379; -0.11675462126731873; 
41; -1.3245218992233276; 0.03874710202217102; -0.07945996522903442; -0.5395909547805786; 0.7961477041244507; -0.05842608958482742; 
43; -1.114569067955017; -0.12346655130386353; -0.14023317396640778; -0.5755678415298462; 0.8744774460792542; -0.22942966222763062; 
10; -1.283557415008545; -0.1805734932422638; -0.8801523447036743; -0.5348780751228333; 0.8799775838851929; -0.1615511029958725; 
7; -1.9068348407745361; -0.11785465478897095; -0.16616906225681305; -0.44445598125457764; 0.8972258567810059; -0.08036964386701584; 
46; -1.8111307621002197; -0.2807064652442932; -0.015387803316116333; -0.6220347285270691; 0.955249547958374; -0.27172231674194336; 
34; -1.0757912397384644; 0.07099658250808716; -0.3798436224460602; -0.5754303932189941; 0.9422074556350708; -0.23164741694927216; 
45; -1.171365737915039; 0.1780419945716858; -0.18146273493766785; -0.5146443843841553; 0.9248626232147217; -0.1067187488079071; 
42; -1.4863471984863281; -0.2062533050775528; -0.6341554522514343; -0.5324124097824097; 0.9029189348220825; -0.1972697377204895; 
2; -1.7966887950897217; 0.06487822532653809; -0.5033920407295227; -0.49909481406211853; 0.8420711755752563; -0.15241003036499023; 
23; -0.9923364520072937; -0.25720375776290894; -0.48114100098609924; -0.5073222517967224; 1.088007926940918; -0.07133962959051132; 
14; -1.2104551792144775; -0.2266353964805603; -0.0555029958486557; -0.5091646909713745; 0.9111299514770508; -0.22360312938690186; 
4; -1.2278395891189575; -0.2721148729324341; -0.2716628611087799; -0.5539625287055969; 0.9985297918319702; -0.2415614128112793; 
22; -1.4222713708877563; -0.2522847652435303; -0.43046557903289795; -0.4543875753879547; 0.844094455242157; -0.044420257210731506; 
30; -1.1904714107513428; -0.4061480462551117; -0.6836307048797607; -0.37234652042388916; 1.0828793048858643; -0.05262986570596695; 
5; -1.686059832572937; 0.014702022075653076; -0.27167266607284546; -0.6484038233757019; 1.0106310844421387; -0.2294761687517166; 
48; -1.6358258724212646; -0.12113109230995178; -0.17701296508312225; -0.5469279289245605; 1.024951457977295; -0.2316797524690628; 
16; -1.5089203119277954; 0.07386291027069092; -0.3604199290275574; -0.5136849284172058; 1.020508050918579; -0.16732235252857208; 
27; -1.7008275985717773; -0.11148017644882202; -0.3535345792770386; -0.3504946231842041; 1.002729058265686; -0.10802798718214035; 
11; -1.4733071327209473; -0.320873498916626; -0.18735399842262268; -0.4298105239868164; 0.8098968863487244; -0.18808749318122864; 
1; -1.2130918502807617; -0.10746212303638458; -0.5191352367401123; -0.6158749461174011; 0.9792506098747253; -0.15757496654987335; 
32; -1.0111796855926514; -0.3314397633075714; -0.3336195945739746; -0.49232664704322815; 0.9286491870880127; -0.23927661776542664; 
31; -1.1076966524124146; -0.0284804105758667; -0.6013368368148804; -0.6423659920692444; 0.8992092609405518; -0.26445960998535156; 
12; -1.3022379875183105; -0.06184849143028259; -0.4837370216846466; -0.5260308384895325; 0.8080065250396729; 0.02854691445827484; 
17; -1.1847666501998901; 0.019696325063705444; -0.598664402961731; -0.5207139849662781; 0.8668976426124573; -0.08793258666992188; 
44; -1.0801429748535156; 0.11042356491088867; -0.13276270031929016; -0.5622749328613281; 1.0195832252502441; -0.04191768914461136; 
50; -1.083815336227417; 0.04606780409812927; -0.42100775241851807; -0.6214638352394104; 0.9206849932670593; -0.1369004100561142; 
88; -1.758239984512329; -0.1550224870443344; -0.644109845161438; -0.48253723978996277; 0.9444714188575745; -0.01876697689294815; 
51; -1.2017996311187744; -0.0259244441986084; -0.5214908123016357; -0.49638962745666504; 0.8160514235496521; -0.17436276376247406; 
54; -1.3125040531158447; -0.3353310823440552; -0.30796778202056885; -0.5033445358276367; 0.9294784069061279; -0.2087034285068512; 
52; -1.1202282905578613; -0.027156323194503784; -0.38510575890541077; -0.4373146593570709; 0.9548574686050415; -0.0838075578212738; 
59; -1.5726208686828613; -0.23137329518795013; -0.39510059356689453; -0.5839463472366333; 1.0167121887207031; -0.14154495298862457; 
94; -0.857441782951355; -0.25523433089256287; -0.2763804793357849; -0.48580852150917053; 0.9274831414222717; -0.21045979857444763; 
95; -1.055450439453125; -0.25236085057258606; -0.058946847915649414; -0.5245217084884644; 1.0242605209350586; -0.08206497877836227; 
96; -1.4294430017471313; -0.19555839896202087; -0.4432545304298401; -0.613814115524292; 0.9627943634986877; -0.14046698808670044; 
100; -1.1356757879257202; -0.2501943111419678; 0.02676832675933838; -0.4826616942882538; 0.8627499341964722; -0.11428740620613098; 
65; -1.2571407556533813; 0.10919427871704102; -0.2999347448348999; -0.45311999320983887; 1.0489894151687622; -0.14756368100643158; 
98; -1.3266479969024658; -0.4395514130592346; -0.39854535460472107; -0.5837791562080383; 0.952627420425415; -0.1753711998462677; 
97; -1.6595665216445923; -0.05633184313774109; -0.3533484935760498; -0.6198611855506897; 0.8617517948150635; -0.12768882513046265; 
63; -1.3175960779190063; 0.08479627966880798; -0.13286380469799042; -0.6297671794891357; 1.0471218824386597; -0.0797516256570816; 
60; -1.5923190116882324; -0.1800263226032257; -0.0874253511428833; -0.5682711601257324; 1.0024477243423462; -0.04710644483566284; 
56; -1.595045804977417; -0.4088146686553955; -0.5546635389328003; -0.522464394569397; 0.9468459486961365; -0.0785483792424202; 
58; -1.1255218982696533; -0.2299036681652069; -0.20517562329769135; -0.6689534783363342; 0.9414162635803223; -0.2774968147277832; 
71; -1.6639912128448486; -0.021139293909072876; -0.30136504769325256; -0.5978707671165466; 0.8749895095825195; -0.09188762307167053; 
61; -1.118748664855957; -0.41549021005630493; -0.15950608253479004; -0.6320956945419312; 1.0105886459350586; -0.08347555994987488; 
57; -1.3305673599243164; -0.24222047626972198; -0.41222670674324036; -0.5371494293212891; 0.9797387719154358; -0.08232738077640533; 
77; -1.2655375003814697; -0.15673157572746277; -0.33722397685050964; -0.39635610580444336; 0.9137687087059021; -0.1075938418507576; 
62; -1.1382977962493896; -0.24619001150131226; -0.4156687259674072; -0.5255944132804871; 0.9161174297332764; -0.06873247027397156; 
64; -1.1431488990783691; 0.0969114899635315; -0.38810065388679504; -0.5517262816429138; 1.0333306789398193; -0.0927511528134346; 
91; -1.4000357389450073; 0.17403829097747803; -0.3753633201122284; -0.48621904850006104; 0.9199306964874268; -0.13725487887859344; 
86; -1.563405990600586; 0.03660285472869873; -0.6227329969406128; -0.47628748416900635; 0.9817519187927246; -0.13295479118824005; 
93; -1.280817985534668; -0.07037264108657837; -0.10119843482971191; -0.49817731976509094; 0.9667143821716309; -0.09194168448448181; 
76; -1.1448454856872559; -0.1770700216293335; -0.1641480177640915; -0.49220314621925354; 0.9125588536262512; -0.028798893094062805; 
84; -1.520774483680725; -0.110995352268219; -0.3668242394924164; -0.5775049328804016; 0.993518590927124; -0.11758937686681747; 
89; -1.5915826559066772; -0.14535179734230042; -0.49366462230682373; -0.6006225347518921; 1.0192385911941528; -0.18500398099422455; 
92; -1.1654473543167114; 0.0921100378036499; -0.2099405825138092; -0.49901968240737915; 0.7854640483856201; -0.13127051293849945; 
74; -1.3249355554580688; 0.00802341103553772; -0.29787907004356384; -0.5591557025909424; 0.9470311403274536; -0.16003069281578064; 
70; -1.3901185989379883; 0.0026725828647613525; -0.8070191144943237; -0.5599606037139893; 0.8156473636627197; -0.1745968610048294; 
90; -1.1556552648544312; -0.5178108215332031; -0.14824655652046204; -0.4515742361545563; 0.847973108291626; -0.04677095264196396; 
99; -1.2765097618103027; -0.38782796263694763; -0.38647040724754333; -0.5964843034744263; 0.9119526743888855; -0.12579284608364105; 
82; -1.7530112266540527; -0.18450360000133514; -0.1281677931547165; -0.4864768385887146; 1.0180385112762451; -0.0802702009677887; 
53; -1.2337307929992676; -0.4584382176399231; -0.5115206241607666; -0.42132145166397095; 0.9991905689239502; -0.2051083892583847; 
87; -1.4481513500213623; -0.04880344867706299; -0.2975331246852875; -0.5136852264404297; 1.1335822343826294; -0.060730479657649994; 
69; -1.2651772499084473; -0.032534658908843994; -0.6642334461212158; -0.5197011232376099; 0.8871200084686279; 0.036711737513542175; 
73; -1.329942226409912; -0.4822668135166168; -0.17687717080116272; -0.6151815056800842; 0.9709043502807617; -0.1965295374393463; 
78; -1.1757279634475708; -0.5131073594093323; -0.06870594620704651; -0.37693852186203003; 0.8683627843856812; -0.23639824986457825; 
80; -1.0471076965332031; -0.09021511673927307; -0.14714305102825165; -0.5251558423042297; 0.944159984588623; -0.1939813792705536; 
79; -1.2127900123596191; -0.10873645544052124; -0.3657377362251282; -0.6096789836883545; 0.9690736532211304; 0.007166177034378052; 
81; -1.0035605430603027; 0.15145426988601685; -0.42843466997146606; -0.564085841178894; 1.0049512386322021; -0.12579314410686493; 
55; -1.7375316619873047; 0.0626363456249237; -0.37699106335639954; -0.6981924772262573; 0.997314453125; -0.1695300042629242; 
72; -1.573911428451538; -0.3615218997001648; -0.473356693983078; -0.5179006457328796; 0.9097616672515869; -0.21960006654262543; 
75; -1.2869796752929688; -0.30264994502067566; -0.5754212141036987; -0.4756360650062561; 1.1534243822097778; -0.054522350430488586; 
66; -1.534449815750122; -0.14261743426322937; -0.6316385269165039; -0.5577561855316162; 0.9988067150115967; -0.140489861369133; 
68; -1.0474451780319214; -0.17346642911434174; -0.4698636829853058; -0.5469781160354614; 1.0726529359817505; -0.09353949129581451; 
67; -1.362333059310913; -0.31497934460639954; -0.1547538787126541; -0.42318663001060486; 0.8853014707565308; -0.16884180903434753; 
85; -1.1415128707885742; -0.11664730310440063; -0.5057934522628784; -0.5218075513839722; 0.9945715069770813; -0.2389434427022934; 
83; -1.2440917491912842; -0.11730459332466125; -0.5584195256233215; -0.48303794860839844; 0.865098237991333; -0.0898139625787735; 
102; -1.7187225818634033; -0.14794915914535522; -0.5066192150115967; -0.35296326875686646; 0.9371004700660706; -0.14383411407470703; 
101; -0.9148449897766113; -0.18667349219322205; 0.06982800364494324; -0.42644834518432617; 0.9261886477470398; -0.015429824590682983; 
109; -1.4029545783996582; -0.10926991701126099; -0.27339446544647217; -0.4681297540664673; 0.9758732914924622; -0.17740386724472046; 
112; -1.2033265829086304; -0.3006761968135834; -0.8601093292236328; -0.5375041365623474; 0.9113951921463013; -0.16843049228191376; 
107; -0.8730743527412415; -0.19659772515296936; -0.2595175802707672; -0.4555152654647827; 0.9953229427337646; -0.037152670323848724; 
105; -0.9189929962158203; -0.21211910247802734; -0.2894614040851593; -0.5415935516357422; 0.8996953964233398; -0.21065574884414673; 
114; -1.4954339265823364; -0.11593857407569885; -0.5724502801895142; -0.49903035163879395; 0.9824669361114502; -0.0015556812286376953; 
117; -1.3930546045303345; -0.22291511297225952; -0.6993559002876282; -0.5950100421905518; 0.8612450361251831; -0.0239592045545578; 
119; -1.7778270244598389; -0.28957635164260864; -0.55366450548172; -0.589202880859375; 0.837290346622467; -0.18315289914608002; 
116; -1.297909140586853; -0.15865805745124817; -0.06726926565170288; -0.5226318836212158; 0.961637020111084; -0.26691651344299316; 
103; -1.3244593143463135; 0.05669790506362915; -0.47615379095077515; -0.5071651935577393; 0.772445023059845; -0.14924569427967072; 
108; -1.3533108234405518; 0.03421691060066223; -0.2296176552772522; -0.6481022834777832; 1.0373879671096802; -0.13930457830429077; 
115; -1.2816894054412842; -0.2497130185365677; -0.35065382719039917; -0.5182856917381287; 0.9568242430686951; 0.0025791674852371216; 
113; -1.3378139734268188; -0.4048573970794678; -0.014016002416610718; -0.6067171096801758; 0.8970363736152649; -0.029949866235256195; 
111; -1.6471612453460693; -0.28568416833877563; -0.3656001687049866; -0.5210357904434204; 0.9016826748847961; -0.10329536348581314; 
110; -0.9351270794868469; -0.35122913122177124; -0.49164140224456787; -0.5079935193061829; 1.05865478515625; 0.008674994111061096; 
130; -1.685396671295166; 0.11629244685173035; -0.332572877407074; -0.5753064155578613; 0.9935306310653687; -0.17421801388263702; 
123; -1.4125101566314697; -0.09575900435447693; -0.24306166172027588; -0.5702599287033081; 0.9074945449829102; -0.19821681082248688; 
106; -2.0468733310699463; -0.1267479658126831; -0.32701292634010315; -0.5193654894828796; 1.16377592086792; -0.029565386474132538; 
131; -1.1046395301818848; -0.22329136729240417; -0.14797577261924744; -0.4592955410480499; 0.8871002197265625; -0.09990756958723068; 
124; -1.6031758785247803; 0.07477790117263794; -0.3860774040222168; -0.41254711151123047; 0.9526500701904297; -0.20591633021831512; 
118; -1.4283088445663452; 0.13811510801315308; -0.30458974838256836; -0.5811723470687866; 0.874559223651886; -0.2364198863506317; 
104; -1.0271350145339966; 0.006550252437591553; -0.3598417043685913; -0.4536173939704895; 0.9909582734107971; -0.29222461581230164; 
120; -1.1382696628570557; -0.08366352319717407; -0.4028046727180481; -0.48483923077583313; 0.9927545785903931; -0.15818804502487183; 
129; -1.730544090270996; -0.15855662524700165; -0.5406460762023926; -0.5866462588310242; 1.001706600189209; -0.14827390015125275; 
128; -1.4462120532989502; -0.11363831162452698; -0.7320316433906555; -0.5860304236412048; 0.8982234597206116; -0.1222950741648674; 
122; -1.3443440198898315; -0.20930734276771545; -0.5785685777664185; -0.5287563800811768; 0.9994741678237915; -0.12832486629486084; 
121; -1.2807517051696777; -0.07726046442985535; -0.6476407051086426; -0.6227332353591919; 0.9731020927429199; -0.06636011600494385; 
127; -2.0042314529418945; -0.4147918224334717; -0.3694736957550049; -0.5251581072807312; 0.8773386478424072; -0.13106876611709595; 
125; -1.570568323135376; 0.38355645537376404; -0.24529814720153809; -0.450591504573822; 0.9260743856430054; -0.0364440381526947; 
126; -2.003156900405884; 0.012618929147720337; -0.5865119099617004; -0.5357893705368042; 0.8294489979743958; -0.15646007657051086; 
132; -0.9674192667007446; -0.42919468879699707; -0.7030622959136963; -0.6198886036872864; 1.0901122093200684; -0.07128672301769257; 
147; -1.5995776653289795; -0.1803973764181137; -0.19854497909545898; -0.5245667099952698; 0.9978113174438477; -0.11156009882688522; 
146; -1.3835492134094238; -0.12214739620685577; -0.6767656803131104; -0.5241507291793823; 0.9535104036331177; -0.145257830619812; 
133; -1.396782636642456; -0.29397526383399963; -0.3753626346588135; -0.5068257451057434; 0.8960486054420471; -0.07891932129859924; 
136; -1.5041848421096802; -0.13450707495212555; -0.151445209980011; -0.4369956851005554; 1.0423645973205566; -0.21601924300193787; 
148; -1.2494455575942993; 0.02814561128616333; -0.4548979103565216; -0.394397109746933; 0.9456634521484375; -0.11704733967781067; 
135; -1.3800877332687378; -0.23295190930366516; -0.5064808130264282; -0.5216753482818604; 0.8788836002349854; -0.16627797484397888; 
134; -1.4059457778930664; -0.3889297544956207; -0.07582587003707886; -0.4639851748943329; 0.9507408142089844; -0.11052435636520386; 
137; -1.272910237312317; -0.18306711316108704; -0.3211836516857147; -0.5299060940742493; 0.9087085723876953; -0.10471224784851074; 
144; -1.315430998802185; -0.01713663339614868; -0.5269290208816528; -0.46799322962760925; 0.9925506114959717; -0.1462526023387909; 
138; -1.22340726852417; -0.45225000381469727; -0.358656108379364; -0.4411070942878723; 0.9058191180229187; -0.0797521322965622; 
141; -1.1662541627883911; -0.2368050217628479; -0.4068908393383026; -0.48464375734329224; 0.8770096302032471; -0.042517341673374176; 
140; -1.3003672361373901; 0.13128319382667542; -0.5654137134552002; -0.6535352468490601; 1.0530014038085938; -0.023687206208705902; 
142; -1.2136642932891846; 0.022367805242538452; -0.15181875228881836; -0.5407036542892456; 0.874724268913269; -0.10414712131023407; 
152; -1.144829273223877; 0.014794200658798218; -0.6915525197982788; -0.589938759803772; 0.8665544986724854; -0.1925269514322281; 
145; -1.207259178161621; 0.024103432893753052; -0.2554263472557068; -0.4333474636077881; 0.8395965695381165; -0.06490771472454071; 
154; -0.9881654977798462; -0.1421736180782318; -0.08980998396873474; -0.49028199911117554; 0.9489312171936035; -0.02051021158695221; 
153; -1.888537883758545; -0.3244067132472992; -0.3184780180454254; -0.5399755239486694; 0.8030036687850952; -0.06991162896156311; 
143; -1.4356671571731567; -0.25655660033226013; -0.2930854558944702; -0.40559154748916626; 0.8530279397964478; -0.022540941834449768; 
150; -0.9418027400970459; -0.3005257248878479; -0.49134430289268494; -0.5919033288955688; 1.0330426692962646; -0.10945979505777359; 
159; -1.355832815170288; -0.37179985642433167; -0.31155624985694885; -0.5326874852180481; 0.9697121381759644; -0.18935516476631165; 
139; -0.9338905215263367; -0.08248205482959747; -0.4313015043735504; -0.48515987396240234; 0.9839370250701904; -0.15814492106437683; 
167; -1.3672943115234375; -0.272807240486145; -0.23533272743225098; -0.6184350848197937; 1.018654465675354; -0.14687857031822205; 
158; -0.8291383385658264; -0.22751206159591675; -0.3724967837333679; -0.4785347878932953; 1.1487215757369995; -0.08178005367517471; 
165; -1.5463024377822876; -0.30554625391960144; -0.5751628875732422; -0.4906044006347656; 0.962455153465271; -0.16237227618694305; 
166; -1.341827154159546; -0.39491787552833557; -0.2977934777736664; -0.6072972416877747; 0.9769113063812256; -0.156134694814682; 
162; -1.2559103965759277; -0.06922361254692078; -0.47228530049324036; -0.5152753591537476; 0.9106882214546204; -0.17942224442958832; 
151; -0.8636727333068848; 0.1934904158115387; -0.1560497283935547; -0.46306467056274414; 0.988671064376831; 0.02971509099006653; 
156; -1.14340341091156; -0.0991462767124176; -0.5770755410194397; -0.5662192106246948; 1.0181479454040527; -0.19785600900650024; 
164; -1.249521017074585; 0.18655472993850708; -0.5207511186599731; -0.5218579769134521; 1.0789724588394165; -0.13296274840831757; 
157; -1.471364974975586; -0.3463887572288513; -0.8749935626983643; -0.6293207406997681; 0.9084693789482117; -0.20647069811820984; 
169; -1.9349124431610107; -0.24391579627990723; -0.5158097147941589; -0.5581601858139038; 0.8583129048347473; -0.07952386140823364; 
163; -1.1502318382263184; -0.1268741637468338; -0.35641101002693176; -0.5221207737922668; 1.0383937358856201; -0.1578526794910431; 
168; -1.288166880607605; 0.16977226734161377; -0.17776192724704742; -0.43330568075180054; 0.9294140934944153; -0.15540523827075958; 
160; -1.323745608329773; -0.29074013233184814; -0.45371001958847046; -0.4762961268424988; 0.9956200122833252; -0.08407346159219742; 
170; -1.5803581476211548; -0.08752650022506714; -0.39048007130622864; -0.5840601325035095; 1.0232388973236084; -0.22562268376350403; 
175; -1.5677299499511719; -0.22985246777534485; -0.6340173482894897; -0.515653669834137; 0.9100283980369568; -0.2042921483516693; 
177; -1.3273786306381226; -0.12626801431179047; -0.43139398097991943; -0.5756983160972595; 0.9715327024459839; -0.13936835527420044; 
180; -0.7839726209640503; -0.2640606760978699; -0.09867200255393982; -0.5230288505554199; 0.9633175730705261; -0.22364887595176697; 
171; -1.2392890453338623; -0.4564037322998047; -0.22257792949676514; -0.49831128120422363; 0.8430085182189941; -0.13021433353424072; 
161; -1.5216975212097168; 0.06337162852287292; -0.45466551184654236; -0.3103903532028198; 0.8965698480606079; -0.05886963754892349; 
174; -1.2504016160964966; 0.020182043313980103; -0.4430832862854004; -0.5828051567077637; 1.0330307483673096; -0.22468729317188263; 
188; -1.1085360050201416; -0.04589316248893738; -0.3139325976371765; -0.5383636355400085; 1.0294790267944336; -0.1484602838754654; 
181; -1.1152825355529785; -0.2026645839214325; -0.5719886422157288; -0.5318409204483032; 0.9452288150787354; -0.0759972482919693; 
184; -1.5208783149719238; -0.23194457590579987; -0.24898406863212585; -0.5525475740432739; 0.9206199645996094; -0.17083749175071716; 
192; -1.2126206159591675; -0.12276439368724823; -0.5203025937080383; -0.36104288697242737; 0.9987146258354187; -0.17129051685333252; 
189; -1.1464877128601074; -0.20712512731552124; -0.3116559386253357; -0.5727922916412354; 0.9496146440505981; -0.1295563280582428; 
186; -1.5355124473571777; -0.06610649824142456; -0.39922910928726196; -0.537099301815033; 0.8154747486114502; -0.10629953444004059; 
193; -1.2444723844528198; -0.3178354501724243; -0.125785231590271; -0.47053802013397217; 0.9046793580055237; -0.08468785881996155; 
183; -1.318750262260437; 0.15410733222961426; -0.40562671422958374; -0.5812246203422546; 0.8966143727302551; -0.13629268109798431; 
191; -1.4012668132781982; -0.5375785231590271; -0.5992536544799805; -0.38490602374076843; 0.9407464265823364; -0.2161882519721985; 
172; -1.3608498573303223; -0.06503269076347351; -0.4925009608268738; -0.48261767625808716; 0.8334221243858337; -0.13221269845962524; 
194; -1.2292793989181519; 0.0646810531616211; -0.35789045691490173; -0.5508026480674744; 0.9349431991577148; -0.08912014961242676; 
173; -1.0838701725006104; 0.026263922452926636; -0.3599250912666321; -0.6186721324920654; 0.9658299684524536; -0.36899662017822266; 
185; -1.1658824682235718; -0.2637651562690735; -0.29333797097206116; -0.546226441860199; 0.8065698146820068; -0.03114737570285797; 
187; -1.1423498392105103; 0.20853298902511597; -0.3914724886417389; -0.33556878566741943; 0.9319704174995422; -0.14813287556171417; 
195; -1.2728931903839111; 0.007840633392333984; 0.03745540976524353; -0.4871178865432739; 1.0078564882278442; -0.07727920264005661; 
179; -1.3061614036560059; -0.09256991744041443; -0.20509880781173706; -0.5019916296005249; 1.0441089868545532; -0.08979776501655579; 
176; -1.0914497375488281; -0.0989629477262497; -0.5158228278160095; -0.48805058002471924; 0.8371147513389587; -0.1296856701374054; 
155; -1.2239121198654175; -0.27614912390708923; -0.11896708607673645; -0.5966430902481079; 0.9147768020629883; -0.10207821428775787; 
197; -1.4900596141815186; 0.18925437331199646; -0.37504100799560547; -0.6348589658737183; 0.9159803986549377; -0.2589680254459381; 
178; -0.7692745923995972; -0.11388599872589111; -0.5928488969802856; -0.49796348810195923; 0.9362487196922302; -0.15354454517364502; 
190; -1.3604172468185425; 0.04908055067062378; -0.23136772215366364; -0.5972445011138916; 0.9096031188964844; -0.06599707901477814; 
182; -1.259209156036377; 0.19147780537605286; 0.02672278881072998; -0.561860978603363; 0.9221014976501465; -0.34504440426826477; 
199; -1.532634973526001; -0.3479604721069336; -0.44255316257476807; -0.5289254188537598; 0.9777513146400452; -0.14334933459758759; 
196; -1.0970410108566284; -0.13355624675750732; -0.6914091110229492; -0.5219973921775818; 0.9540258049964905; -0.1716957688331604; 
198; -1.3963273763656616; -0.0652240663766861; -0.36199864745140076; -0.45474785566329956; 0.8963342905044556; -0.1328619122505188; 
149; -1.2648675441741943; -0.12507764995098114; -0.16527777910232544; -0.5669592022895813; 1.046050786972046; -0.09490127861499786; 
200; -1.4456990957260132; -0.18272250890731812; -0.047026365995407104; -0.5758987069129944; 0.8464797735214233; -0.1393529772758484; 
213; -1.1563293933868408; -0.24710479378700256; -0.3859938681125641; -0.7136905789375305; 0.8275312781333923; -0.2020895779132843; 
202; -1.0748531818389893; -0.2435208112001419; -0.8473649024963379; -0.48656216263771057; 0.9559637308120728; -0.10425105690956116; 
241; -1.2159974575042725; -0.17496716976165771; -0.2713477611541748; -0.43308404088020325; 0.8615328073501587; -0.16186103224754333; 
223; -0.9212668538093567; 0.21489712595939636; -0.4324203133583069; -0.5078808665275574; 1.0173016786575317; -0.154809832572937; 
204; -1.3696792125701904; -0.27331382036209106; -0.45698437094688416; -0.5296885967254639; 0.9277781248092651; -0.08992971479892731; 
205; -1.074447512626648; -0.5122926831245422; -0.41321617364883423; -0.5758209228515625; 0.8982405066490173; -0.15066292881965637; 
212; -1.2172646522521973; 0.2214813530445099; -0.4312587082386017; -0.6590272784233093; 1.0608363151550293; 0.01709836721420288; 
221; -1.553687572479248; -0.08391538262367249; -0.47238707542419434; -0.6118077039718628; 0.9497925043106079; -0.12323898077011108; 
240; -1.6041533946990967; -0.1006384789943695; -0.29286015033721924; -0.5491725206375122; 1.0300618410110474; -0.22170349955558777; 
200; -1.4456990957260132; -0.18272258341312408; -0.04702639579772949; -0.5758986473083496; 0.8464797139167786; -0.1393529623746872; 
244; -1.284812331199646; -0.3609802722930908; -0.4213324785232544; -0.5684430599212646; 0.7631301283836365; -0.18184801936149597; 
237; -1.9135762453079224; 0.09947866201400757; -0.3845621943473816; -0.612987756729126; 1.0625922679901123; -0.13142544031143188; 
243; -1.560578465461731; -0.19763335585594177; -0.6627633571624756; -0.621117353439331; 0.8963165283203125; -0.06454209983348846; 
224; -0.5649818778038025; 0.22303622961044312; -0.2896222174167633; -0.5137050151824951; 0.9251912832260132; -0.22489207983016968; 
216; -1.6211862564086914; -0.21502482891082764; -0.540391743183136; -0.43386492133140564; 0.8618063926696777; -0.1923018991947174; 
227; -1.3507778644561768; -0.26296713948249817; -0.3220425248146057; -0.5907613635063171; 1.1072767972946167; -0.07940223813056946; 
226; -1.128859519958496; -0.2307642102241516; -0.17656847834587097; -0.5748767256736755; 0.8809462189674377; 0.07403440773487091; 
206; -1.4373329877853394; 0.015492916107177734; -0.13394257426261902; -0.5951204895973206; 0.9102893471717834; -0.2390899360179901; 
220; -1.0257214307785034; -0.22080466151237488; -0.4303022623062134; -0.5185577869415283; 0.9671638607978821; -0.04847823083400726; 
222; -0.8732178211212158; -0.1481381058692932; -0.6917712092399597; -0.4644966721534729; 1.0191855430603027; -0.19570255279541016; 
238; -1.8103296756744385; -0.12367582321166992; -0.23670680820941925; -0.6042894721031189; 0.8831049203872681; -0.20744585990905762; 
228; -1.3149330615997314; -0.24607813358306885; -0.2743505537509918; -0.5836876630783081; 0.9737723469734192; -0.185721755027771; 
229; -1.623067021369934; 0.09598374366760254; -0.6303049921989441; -0.5753520131111145; 0.8709902167320251; -0.1869666576385498; 
236; -0.7889461517333984; 0.042368680238723755; -0.2632562816143036; -0.590226948261261; 0.9742691516876221; -0.16363705694675446; 
214; -1.2852858304977417; -0.13786055147647858; -0.37073561549186707; -0.45080745220184326; 0.9793696403503418; -0.21937599778175354; 
218; -1.4094555377960205; -0.24711257219314575; -0.19848671555519104; -0.4388892650604248; 0.8308572769165039; -0.04373864084482193; 
231; -1.7914656400680542; 0.0056923627853393555; -0.8119640350341797; -0.5537549257278442; 0.9882839918136597; -0.13434016704559326; 
248; -1.1210030317306519; -0.28310060501098633; -0.19025085866451263; -0.42468899488449097; 0.9578961730003357; -0.058026641607284546; 
209; -1.5048339366912842; -0.18445095419883728; -0.3237910568714142; -0.5683708190917969; 0.9650505781173706; -0.09507964551448822; 
211; -1.6190950870513916; -0.31051120162010193; -0.17419035732746124; -0.5097980499267578; 0.9858342409133911; -0.0512910857796669; 
210; -1.5991376638412476; -0.03794205188751221; -0.3772656321525574; -0.6940329074859619; 0.8264972567558289; -0.21682558953762054; 
203; -1.1048896312713623; -0.09652528166770935; -0.3710795044898987; -0.48259028792381287; 0.9124933481216431; -0.05025608837604523; 
234; -1.2263801097869873; -0.37903183698654175; -0.7231149673461914; -0.3923393487930298; 1.0521444082260132; -0.19667965173721313; 
225; -1.577906847000122; -0.08690132200717926; -0.41708892583847046; -0.6248725652694702; 0.9656566381454468; -0.22456404566764832; 
235; -1.240635871887207; -0.1670677810907364; -0.257679283618927; -0.5782308578491211; 0.9339628219604492; -0.028253182768821716; 
215; -1.179484248161316; -0.12141793966293335; -0.18138137459754944; -0.7122918367385864; 0.8819214105606079; -0.02228594571352005; 
251; -1.2534483671188354; -0.23452447354793549; -0.39991796016693115; -0.4863719940185547; 0.9208122491836548; -0.22611796855926514; 
207; -1.4620885848999023; -0.17866787314414978; -0.34556058049201965; -0.6191953420639038; 0.8199597001075745; -0.074940986931324; 
253; -1.2704447507858276; -0.08943066000938416; -0.5855848789215088; -0.5404177904129028; 1.0703661441802979; -0.09203445911407471; 
208; -1.2300822734832764; -0.2065887302160263; -0.30094316601753235; -0.703475296497345; 1.0118887424468994; -0.15617448091506958; 
201; -1.5974602699279785; -0.11249856650829315; -0.4659106433391571; -0.4382917284965515; 0.8675234317779541; -0.32286301255226135; 
258; -1.196405291557312; -0.26321184635162354; -0.4118323028087616; -0.5755771398544312; 0.9334452748298645; -0.08387134969234467; 
239; -1.751057505607605; -0.3037523627281189; -0.05258643627166748; -0.36175549030303955; 0.8684643507003784; -0.137250155210495; 
256; -1.7936313152313232; -0.23989585041999817; -0.07899898290634155; -0.5694577693939209; 0.897598147392273; -0.17230474948883057; 
232; -1.0392030477523804; -0.4639281630516052; -0.11760066449642181; -0.599695086479187; 0.9866453409194946; -0.17319625616073608; 
245; -1.1781609058380127; 0.02060118317604065; -0.323402464389801; -0.41012805700302124; 0.8455904722213745; -0.06206658482551575; 
219; -1.540358543395996; 0.11143568158149719; -0.3395584523677826; -0.6624162793159485; 1.0097090005874634; -0.2642396092414856; 
261; -1.116300344467163; -0.2858247458934784; -0.4284122586250305; -0.5566108226776123; 0.9680708646774292; -0.12748627364635468; 
246; -1.7102558612823486; 0.09764465689659119; -0.06953620910644531; -0.5509880781173706; 0.9563069343566895; -0.1386125534772873; 
217; -1.417051911354065; -0.45956116914749146; -0.4030792713165283; -0.48411890864372253; 0.9636107683181763; -0.0037911981344223022; 
264; -1.3994911909103394; -0.47316986322402954; -0.6100796461105347; -0.507133960723877; 1.0473742485046387; -0.057178206741809845; 
242; -1.3660142421722412; -0.35529085993766785; -0.14786462485790253; -0.4384172260761261; 0.9850692749023438; -0.09030362218618393; 
230; -1.1092426776885986; -0.11256110668182373; -0.3722098767757416; -0.5019410848617554; 1.0209473371505737; -0.2723598778247833; 
275; -1.1868555545806885; -0.09690675139427185; -0.5408549308776855; -0.5311217308044434; 0.9029621481895447; -0.24838487803936005; 
249; -1.4695276021957397; -0.39407986402511597; -0.2437184900045395; -0.6710292100906372; 1.023413062095642; -0.06242060661315918; 
269; -1.5146992206573486; 0.0010238587856292725; -0.4945718050003052; -0.6502096652984619; 0.8573027849197388; -0.20142489671707153; 
252; -1.57804536819458; 0.054219603538513184; -0.3093664348125458; -0.49405553936958313; 1.0384507179260254; -0.1327914297580719; 
233; -1.1129199266433716; -0.25750184059143066; -0.2613765299320221; -0.4735146462917328; 1.0682154893875122; -0.10183301568031311; 
266; -1.5884716510772705; -0.15448851883411407; -0.25081223249435425; -0.4413236081600189; 0.9390509724617004; -0.19251814484596252; 
265; -1.5044147968292236; -0.33597344160079956; -0.3883052170276642; -0.529030442237854; 0.8806689381599426; -0.14114801585674286; 
276; -1.464409351348877; -0.5598752498626709; -0.2710326611995697; -0.5361382961273193; 0.8616760969161987; -0.053425297141075134; 
267; -1.4001537561416626; -0.2561156153678894; -0.8999789357185364; -0.5764422416687012; 0.9963639378547668; -0.14773280918598175; 
260; -1.2941898107528687; 0.1301289200782776; -0.407204270362854; -0.46162548661231995; 0.8596553206443787; -0.25208917260169983; 
247; -0.8281913995742798; -0.3096134066581726; -0.41523703932762146; -0.4704092741012573; 0.9421924352645874; -0.08158202469348907; 
282; -0.7644578218460083; -0.016533255577087402; -0.4573066830635071; -0.4064251780509949; 0.9163644313812256; -0.0590069517493248; 
254; -1.1556949615478516; 0.05841842293739319; -0.2445821762084961; -0.3876716196537018; 0.845211386680603; -0.09435050934553146; 
262; -1.4175113439559937; -0.25178050994873047; -0.3568563759326935; -0.4068431854248047; 0.9365988969802856; -0.2240889072418213; 
250; -0.9691998958587646; -0.5180877447128296; -0.5135889649391174; -0.5352460741996765; 0.9752346277236938; -0.26102685928344727; 
293; -1.3304240703582764; 0.09214165806770325; -0.47660163044929504; -0.41456133127212524; 0.8308972716331482; -0.057654380798339844; 
270; -1.1989225149154663; -0.11768610775470734; -0.4672343134880066; -0.5524992942810059; 0.8815776705741882; -0.14873594045639038; 
294; -0.719992995262146; -0.14749333262443542; -0.3187360465526581; -0.5458582043647766; 1.0472183227539062; -0.2517300844192505; 
263; -1.1795506477355957; -0.07456906139850616; -0.5459738969802856; -0.5893951654434204; 1.099595308303833; -0.2448163479566574; 
287; -1.5404207706451416; 0.20057079195976257; -0.2081626057624817; -0.5627260208129883; 0.9953641295433044; -0.19026099145412445; 
285; -1.0598151683807373; -0.3199198842048645; -0.08168986439704895; -0.6609026789665222; 0.8405645489692688; -0.009363286197185516; 
274; -1.2976120710372925; -0.023212432861328125; -0.3687759041786194; -0.6599068641662598; 0.9970818758010864; -0.1647123396396637; 
290; -1.3741521835327148; -0.09085044264793396; -0.21586096286773682; -0.5288166403770447; 0.9626955389976501; -0.14667552709579468; 
279; -1.5466214418411255; -0.11520126461982727; -0.24057716131210327; -0.5485564470291138; 1.011702060699463; -0.06872536242008209; 
291; -1.2415261268615723; -0.15941005945205688; -0.30573537945747375; -0.38964229822158813; 1.022896647453308; -0.14237765967845917; 
268; -1.268685221672058; 0.3358699381351471; -0.1036381721496582; -0.47576576471328735; 1.0418652296066284; -0.1801559329032898; 
300; -1.1000986099243164; -0.2504972517490387; -0.32104480266571045; -0.46132293343544006; 0.9171777963638306; -0.14560922980308533; 
289; -1.4186241626739502; -0.231174036860466; -0.33315274119377136; -0.4829264283180237; 1.0187046527862549; -0.16557398438453674; 
283; -1.086830973625183; -0.32467761635780334; -0.13672295212745667; -0.5110833644866943; 0.9910909533500671; -0.12144804000854492; 
298; -1.4119631052017212; -0.3971869945526123; 0.07352456450462341; -0.5560595989227295; 0.8808561563491821; -0.0364861935377121; 
281; -1.7840735912322998; 0.02567228674888611; -0.6410461664199829; -0.5087949633598328; 0.999589741230011; -0.2104800045490265; 
277; -1.295580506324768; -0.4895400404930115; -0.38362839818000793; -0.4903563857078552; 1.0379093885421753; -0.11700984090566635; 
286; -1.0423860549926758; 0.01424551010131836; -0.35807207226753235; -0.5371022820472717; 1.0666120052337646; -0.20431703329086304; 
292; -1.445850133895874; -0.1888653188943863; -0.4689785838127136; -0.5819525718688965; 1.0665919780731201; -0.1944766640663147; 
302; -1.209383487701416; -0.08888433873653412; -0.20212872326374054; -0.5710104703903198; 1.0228571891784668; -0.22290079295635223; 
272; -1.375834584236145; 0.14086496829986572; -0.4633346199989319; -0.522092878818512; 0.9356157183647156; -0.057107262313365936; 
257; -0.7005672454833984; 0.09992501139640808; -0.0715409517288208; -0.4771186411380768; 0.8012230396270752; -0.22935006022453308; 
278; -1.5780613422393799; -0.2344362437725067; -0.23267462849617004; -0.44412633776664734; 1.0245943069458008; -0.20278958976268768; 
273; -2.2744455337524414; -0.2431483119726181; -0.24061372876167297; -0.5191149711608887; 0.7973136901855469; -0.29564476013183594; 
306; -1.8273000717163086; -0.227757066488266; -0.44690966606140137; -0.6937602162361145; 0.9254589080810547; -0.26757943630218506; 
296; -1.2670955657958984; -0.37351173162460327; -0.2160869538784027; -0.5573176145553589; 0.908084511756897; -0.19312258064746857; 
284; -1.3351410627365112; -0.2709939479827881; -0.12270376086235046; -0.5721526741981506; 0.892088770866394; -0.21811752021312714; 
280; -1.022329330444336; 0.12658998370170593; -0.29737457633018494; -0.44177329540252686; 1.004643201828003; -0.1956372857093811; 
308; -1.2612879276275635; 0.08587872982025146; -0.18922743201255798; -0.6235026717185974; 1.0770771503448486; -0.21236702799797058; 
259; -1.4026803970336914; 0.1371433436870575; -0.5041741132736206; -0.4736357629299164; 0.8879510164260864; -0.21403148770332336; 
315; -1.0800942182540894; -0.057321012020111084; -0.3251670002937317; -0.6304229497909546; 0.963892936706543; -0.2728569805622101; 
255; -1.1566067934036255; 0.03643426299095154; -0.2803720235824585; -0.548590898513794; 0.8481547236442566; -0.2576184868812561; 
288; -1.3642747402191162; -0.06739622354507446; -0.14364472031593323; -0.4307112693786621; 0.8896552920341492; -0.18768581748008728; 
307; -1.27317214012146; 0.0005112886428833008; -0.6103894710540771; -0.5327417254447937; 1.0443229675292969; -0.11809466779232025; 
310; -1.3884530067443848; -0.25706690549850464; 0.17817160487174988; -0.4126001000404358; 1.0650471448898315; 0.052760034799575806; 
271; -0.8785285949707031; -0.22667744755744934; -0.1766146570444107; -0.44377055764198303; 0.9817407131195068; -0.14696474373340607; 
297; -1.1632626056671143; -0.40764185786247253; -0.2934867739677429; -0.537976861000061; 0.9969555139541626; -0.07809486240148544; 
295; -1.2539869546890259; -0.11952856183052063; -0.41860345005989075; -0.4543260931968689; 1.0790847539901733; -0.16269196569919586; 
301; -1.3707160949707031; 0.0377257764339447; -0.49765604734420776; -0.6109700202941895; 0.9845963716506958; -0.1596895009279251; 
309; -1.5789794921875; 0.01331782341003418; -0.36135464906692505; -0.44712531566619873; 0.9992261528968811; -0.15335141122341156; 
304; -1.4419668912887573; -0.19730016589164734; -0.42797452211380005; -0.5214011669158936; 0.8600478172302246; -0.1997663676738739; 
305; -1.6787177324295044; -0.09985357522964478; -0.3205009996891022; -0.6167886257171631; 0.8430494070053101; -0.11950554698705673; 
299; -1.4053288698196411; -0.41815492510795593; -0.3962221145629883; -0.46461713314056396; 1.0507445335388184; -0.0456247478723526; 
312; -1.666306734085083; -0.17031978070735931; -0.20955471694469452; -0.626395583152771; 0.9601359367370605; -0.2204723358154297; 
316; -1.22629976272583; 0.05639597773551941; -0.22269073128700256; -0.47792595624923706; 1.0523523092269897; -0.08677409589290619; 
314; -1.3382455110549927; 0.2020649015903473; -0.19277231395244598; -0.5056760907173157; 0.858417809009552; -0.16425469517707825; 
326; -1.221912145614624; -0.4564399719238281; -0.5109423398971558; -0.5154770016670227; 0.9783029556274414; -0.09173715114593506; 
311; -1.5191261768341064; -0.16054672002792358; -0.2849108576774597; -0.5904871225357056; 0.9950662851333618; -0.22614756226539612; 
331; -1.2705378532409668; -0.21564078330993652; -0.5342713594436646; -0.4371587038040161; 1.0173614025115967; -0.13052229583263397; 
313; -1.14974844455719; -0.10739381611347198; -0.6695536375045776; -0.5252511501312256; 0.9198467135429382; -0.19121946394443512; 
323; -0.9729650020599365; 0.023875683546066284; -0.5711708664894104; -0.5612860321998596; 1.006042242050171; -0.2098458707332611; 
327; -0.8598235845565796; -0.3929305970668793; -0.3515932857990265; -0.5909836292266846; 0.9211735725402832; 0.0020641684532165527; 
341; -1.5380586385726929; -0.28473374247550964; 0.01141822338104248; -0.5604021549224854; 0.9459162354469299; -0.06318563222885132; 
334; -1.1366335153579712; -0.2256600260734558; -0.2987315356731415; -0.5680133104324341; 0.9626598954200745; -0.10953523218631744; 
330; -1.665657877922058; 0.0680273175239563; -0.26370668411254883; -0.5160255432128906; 0.9543747305870056; -0.2135879546403885; 
303; -1.2783584594726562; 0.02335098385810852; -0.4094511866569519; -0.5169445872306824; 0.7726815938949585; -0.20771881937980652; 
319; -1.367544412612915; -0.4395654797554016; -0.16676317155361176; -0.5604113936424255; 0.9533008337020874; -0.04681631922721863; 
336; -1.3232207298278809; -0.1460229605436325; -0.3417772650718689; -0.47788727283477783; 0.8848904371261597; -0.15426932275295258; 
317; -1.249783992767334; 0.006626874208450317; -0.31897976994514465; -0.4856586456298828; 0.9461573362350464; -0.21711675822734833; 
328; -1.7651373147964478; -0.5055392980575562; -0.23679062724113464; -0.5006487965583801; 0.8637802600860596; -0.007638789713382721; 
332; -1.3653452396392822; -0.09165391325950623; -0.2621172368526459; -0.49977487325668335; 0.7245103716850281; -0.13451634347438812; 
325; -1.231177806854248; 0.07338550686836243; -0.2854984402656555; -0.5640588402748108; 0.9567446708679199; -0.13130104541778564; 
320; -1.353223204612732; -0.2923988103866577; -0.3595258891582489; -0.6259135007858276; 1.043867588043213; -0.21137987077236176; 
324; -1.4342155456542969; 0.09422129392623901; -0.5032410621643066; -0.6822119355201721; 1.009912371635437; -0.09201046079397202; 
318; -1.3971800804138184; -0.3169240653514862; -0.46199357509613037; -0.46571940183639526; 0.8934956789016724; -0.160690039396286; 
322; -1.6399909257888794; -0.2006857544183731; -0.4042508602142334; -0.4266784191131592; 0.9668780565261841; -0.12116558104753494; 
329; -1.1543844938278198; -0.16956351697444916; -0.4176933765411377; -0.5068528652191162; 1.0415034294128418; -0.1930825412273407; 
335; -1.2964714765548706; -0.06835669279098511; -0.457332581281662; -0.5561262369155884; 0.9038259387016296; -0.17944654822349548; 
357; -0.9452959299087524; -0.07175810635089874; -0.27911806106567383; -0.48144835233688354; 0.9661605954170227; -0.16533160209655762; 
337; -1.5897190570831299; -0.2536073923110962; -0.38894009590148926; -0.6247906684875488; 0.8703820705413818; -0.04345044493675232; 
351; -1.109536051750183; -0.2744124233722687; -0.19349029660224915; -0.6275651454925537; 0.9922782778739929; -0.11238717287778854; 
356; -1.6106629371643066; -0.07474315166473389; -0.3352183997631073; -0.5786454677581787; 0.9667776226997375; -0.17915195226669312; 
343; -0.9580909013748169; 0.20106759667396545; -0.3954801559448242; -0.633471667766571; 1.0363919734954834; -0.06386326998472214; 
352; -1.1198188066482544; 0.07660216093063354; -0.38020390272140503; -0.5729562044143677; 0.8876868486404419; -0.28243476152420044; 
339; -0.9746869802474976; -0.14150962233543396; -0.2626728117465973; -0.5664166212081909; 0.9074681997299194; -0.2218947410583496; 
349; -1.1580207347869873; -0.12602783739566803; -0.30495092272758484; -0.5614307522773743; 0.8975999355316162; -0.15373583137989044; 
366; -1.5132817029953003; 0.12821757793426514; -0.4901633858680725; -0.5463007092475891; 1.009352684020996; -0.2654394805431366; 
344; -1.7252421379089355; -0.3380962312221527; -0.19077567756175995; -0.5373587012290955; 0.8345010876655579; -0.26247063279151917; 
347; -1.092360019683838; -0.20151472091674805; -0.25580495595932007; -0.4660276472568512; 0.9674535393714905; -0.13798370957374573; 
346; -1.0673161745071411; -0.01715114712715149; -0.5296521186828613; -0.4819222688674927; 0.91853266954422; -0.16518785059452057; 
338; -1.1452033519744873; -0.43512070178985596; -0.5931472778320312; -0.5202764272689819; 0.9240744113922119; -0.1682811975479126; 
342; -1.1967780590057373; -0.33121222257614136; 0.07471683621406555; -0.43128013610839844; 0.9024935960769653; -0.0754820927977562; 
350; -1.394782543182373; 0.2238188087940216; -0.24203342199325562; -0.6290255784988403; 0.9507037997245789; -0.27907389402389526; 
369; -0.8578567504882812; -0.22287318110466003; -0.3002430498600006; -0.5164112448692322; 0.8891417384147644; -0.12594586610794067; 
348; -1.3658405542373657; -0.2231341004371643; -0.5737943053245544; -0.550055980682373; 0.8867517709732056; -0.18809688091278076; 
360; -1.5955250263214111; 0.06666365265846252; -0.39657482504844666; -0.5708974003791809; 0.9658620357513428; -0.2678743004798889; 
345; -1.3926866054534912; -0.2028404325246811; -0.18790283799171448; -0.584942638874054; 0.999434769153595; -0.056998275220394135; 
355; -1.2552967071533203; -0.15577766299247742; -0.28718075156211853; -0.5604372620582581; 0.9025261402130127; -0.18924352526664734; 
321; -0.7556785941123962; -0.19359582662582397; -0.5347393155097961; -0.5648782849311829; 1.0922751426696777; -0.07072430104017258; 
354; -1.4568095207214355; 0.11154401302337646; -0.23015424609184265; -0.5516241192817688; 1.0169620513916016; -0.06924448907375336; 
370; -1.4913183450698853; -0.08216479420661926; -0.5533744692802429; -0.5459731817245483; 0.99628746509552; -0.21979036927223206; 
372; -1.4434387683868408; -0.0028027892112731934; -0.01017490029335022; -0.40052008628845215; 0.9719175696372986; -0.05047854036092758; 
368; -1.0525360107421875; 0.054761916399002075; -0.3339971899986267; -0.6181430220603943; 1.002623438835144; -0.1654261350631714; 
333; -1.4126571416854858; 0.023845553398132324; 0.05536699295043945; -0.6402019262313843; 0.8567335605621338; -0.3911883533000946; 
364; -1.1271791458129883; 0.3530617952346802; -0.39058196544647217; -0.5701360106468201; 0.9891087412834167; -0.15884511172771454; 
379; -1.4061298370361328; -0.16012229025363922; -0.40742456912994385; -0.6237766146659851; 0.9482474327087402; -0.051474377512931824; 
367; -1.0124192237854004; 0.12268468737602234; -0.02284926176071167; -0.5042544603347778; 1.0085430145263672; -0.2002234309911728; 
377; -1.384324312210083; 0.06041330099105835; -0.35673263669013977; -0.4921596050262451; 0.9299113750457764; -0.16613924503326416; 
353; -1.7574318647384644; -0.14806793630123138; -0.2666931748390198; -0.4930732846260071; 0.9965277314186096; -0.23870763182640076; 
362; -1.5081188678741455; 0.1283622682094574; -0.3497248589992523; -0.5030115246772766; 1.0480254888534546; 0.016632795333862305; 
340; -1.2124252319335938; -0.06618842482566833; -0.29730224609375; -0.4576226770877838; 0.9961093664169312; -0.06295381486415863; 
378; -1.2043988704681396; 0.2412709891796112; -0.2572921812534332; -0.4487438201904297; 0.8970568776130676; -0.15617799758911133; 
376; -1.5069711208343506; 0.11584421992301941; -0.03577744960784912; -0.634409487247467; 1.1028376817703247; -0.16735048592090607; 
373; -1.3374460935592651; -0.40068212151527405; -0.37501516938209534; -0.4452153146266937; 1.0418223142623901; -0.12860924005508423; 
375; -1.6463229656219482; -0.4221560060977936; -0.20762500166893005; -0.6309873461723328; 0.8289414644241333; -0.1586863100528717; 
363; -1.2912940979003906; -0.045693278312683105; -0.44265738129615784; -0.4859897196292877; 0.9673940539360046; -0.17820784449577332; 
380; -1.1011615991592407; -0.19475384056568146; -0.4973055422306061; -0.5318812727928162; 0.9296759366989136; -0.19406501948833466; 

391; -1.2159850597381592; -0.062269747257232666; -0.29419276118278503; -0.41857439279556274; 0.927699089050293; -0.1561954915523529; 
388; -1.4139244556427002; 0.1888297200202942; -0.22437039017677307; -0.6329550743103027; 0.8917992115020752; -0.01353040337562561; 
397; -1.0110807418823242; -0.1588282436132431; -0.26687610149383545; -0.551996111869812; 1.0289379358291626; -0.0799836739897728; 
389; -1.428807020187378; -0.044479191303253174; -0.7994621396064758; -0.45104852318763733; 1.0018179416656494; -0.1487317979335785; 
371; -1.3238130807876587; -0.07756459712982178; -0.16061384975910187; -0.6211071610450745; 0.9576900601387024; -0.12607887387275696; 
385; -1.3901751041412354; -0.23844996094703674; -0.21470704674720764; -0.5614612698554993; 0.9209685325622559; -0.07401694357395172; 
359; -1.3476898670196533; 0.16769319772720337; -0.48377811908721924; -0.5595148801803589; 0.9318991303443909; -0.21909299492835999; 
390; -1.5289945602416992; 0.018861323595046997; -0.4787079095840454; -0.5390211939811707; 0.9456747174263; -0.23728008568286896; 
403; -1.2525640726089478; -0.2767467200756073; -0.5613340735435486; -0.539222776889801; 1.0653396844863892; -0.1480528861284256; 
395; -1.3483012914657593; -0.05235862731933594; -0.3083062469959259; -0.5964251160621643; 0.8533581495285034; -0.15015098452568054; 
382; -0.9331286549568176; -0.36105409264564514; -0.343468576669693; -0.6198344826698303; 0.8694270849227905; -0.27393999695777893; 
358; -1.531521201133728; -0.014051467180252075; -0.9985759854316711; -0.5467497706413269; 0.90143221616745; -0.2818428575992584; 
402; -1.4401447772979736; -0.12177087366580963; -0.4110272526741028; -0.4651005268096924; 1.0443403720855713; -0.25174427032470703; 
404; -1.3059483766555786; -0.299329936504364; -0.35235103964805603; -0.5734636187553406; 0.9794711470603943; -0.1317581832408905; 
393; -1.298642635345459; 0.058650702238082886; -0.6021769046783447; -0.5714943408966064; 0.9072347283363342; -0.08418802917003632; 
361; -1.1635302305221558; -0.12042681872844696; -0.31667864322662354; -0.4799306392669678; 0.7950950264930725; -0.11941541731357574; 
384; -0.9919226765632629; -0.020017296075820923; -0.4645806849002838; -0.6233780980110168; 0.9991310834884644; -0.13840532302856445; 
383; -1.244213342666626; 0.041201770305633545; -0.23764239251613617; -0.5349639654159546; 1.0256609916687012; -0.20252281427383423; 
392; -1.1811028718948364; -0.03228911757469177; -0.0007686913013458252; -0.5361200571060181; 0.8677642345428467; -0.12802138924598694; 
420; -1.0813734531402588; 0.02122509479522705; -0.6474955081939697; -0.4620697498321533; 0.8635169267654419; -0.14633873105049133; 
418; -1.592362642288208; 0.10208818316459656; -0.4770347774028778; -0.49715644121170044; 0.9996014833450317; -0.0557282492518425; 
381; -1.3853623867034912; -0.012032568454742432; -0.3396467864513397; -0.4750393033027649; 0.9337010979652405; -0.17620548605918884; 
398; -1.0309475660324097; -0.10332365334033966; -0.186073899269104; -0.6408597230911255; 0.8880454301834106; -0.10263320058584213; 
409; -1.7318625450134277; -0.1122547835111618; -0.40493044257164; -0.6095825433731079; 0.9202655553817749; -0.0005110651254653931; 
365; -1.5733833312988281; -0.23804421722888947; -0.9140787124633789; -0.46233582496643066; 0.9794397354125977; -0.10936199128627777; 
411; -1.0490790605545044; -0.20664025843143463; -0.3039178252220154; -0.4514560103416443; 0.962570309638977; -0.19646945595741272; 
406; -1.5815391540527344; -0.3425675332546234; -0.5533396601676941; -0.5084601044654846; 0.9208921194076538; -0.20412977039813995; 
413; -2.3268110752105713; 0.030254364013671875; -0.2026584893465042; -0.4464679956436157; 0.9125868082046509; -0.18372666835784912; 
394; -1.1124207973480225; -0.20813167095184326; -0.5373144745826721; -0.5984180569648743; 0.9156031608581543; -0.10857348889112473; 
425; -1.3813813924789429; -0.03943656384944916; -0.7513740062713623; -0.596873939037323; 0.8797399997711182; -0.13264095783233643; 
400; -1.0138365030288696; -0.508041501045227; -0.27108943462371826; -0.4742603003978729; 0.9752882122993469; -0.24236629903316498; 
396; -1.6606850624084473; -0.27376100420951843; 0.19288688898086548; -0.5022161602973938; 0.93730628490448; -0.019091986119747162; 
412; -1.3226675987243652; -0.2051677405834198; -0.43775808811187744; -0.3730909526348114; 0.7587732076644897; -0.13661229610443115; 
405; -1.5322253704071045; -0.10897694528102875; -0.20713366568088531; -0.47197863459587097; 0.9940659999847412; -0.15511509776115417; 
410; -1.0546932220458984; -0.0570758581161499; -0.014045387506484985; -0.5678993463516235; 0.8737647533416748; -0.09506919980049133; 
407; -1.2639074325561523; -0.11893977224826813; -0.25273677706718445; -0.5622125267982483; 1.0279366970062256; -0.19172975420951843; 
427; -1.3816792964935303; -0.3189021348953247; -0.35754531621932983; -0.5699909925460815; 1.0403748750686646; -0.19422465562820435; 
419; -1.5153628587722778; -0.3116333484649658; -0.5306073427200317; -0.3870308995246887; 0.9236528873443604; -0.23479291796684265; 
421; -1.171260952949524; -0.3146694004535675; -0.2069566547870636; -0.6636318564414978; 0.9112462997436523; -0.13254594802856445; 
422; -0.9653683304786682; -0.3243468403816223; -0.3213231861591339; -0.4283234477043152; 0.9670035243034363; -0.0870867371559143; 
426; -1.056072473526001; -0.22290386259555817; -0.16050685942173004; -0.41893240809440613; 1.054592490196228; -0.14955104887485504; 
428; -1.0899373292922974; -0.12260979413986206; -0.49664774537086487; -0.5523738861083984; 0.9563547372817993; -0.09309351444244385; 
417; -1.1279572248458862; -0.3435410261154175; -0.4192137122154236; -0.5696495771408081; 0.9114139676094055; -0.21506401896476746; 
401; -1.4496023654937744; -0.09117981791496277; -0.2954627275466919; -0.5718790292739868; 1.031125783920288; -0.12005876004695892; 
434; -1.33403742313385; -0.20195859670639038; -0.8863435387611389; -0.44018682837486267; 0.9221737384796143; -0.03103051334619522; 
387; -1.076806902885437; 0.05985233187675476; -0.39794379472732544; -0.6092631816864014; 0.9434616565704346; -0.15655191242694855; 
431; -1.0401313304901123; -0.1361324042081833; -0.8425219655036926; -0.49877235293388367; 0.8329638242721558; -0.010762125253677368; 
442; -1.0419496297836304; -0.21624791622161865; -0.5411982536315918; -0.5744093656539917; 1.0061967372894287; -0.0479593351483345; 
423; -1.5632821321487427; -0.03419974446296692; -0.43724578619003296; -0.5572897791862488; 0.886141300201416; -0.11643549054861069; 
438; -1.1319396495819092; -0.0889967679977417; -0.15358375012874603; -0.451435387134552; 0.9800300598144531; -0.18982204794883728; 
443; -1.3213149309158325; -0.0247361958026886; -0.5605447292327881; -0.5687568187713623; 0.9588538408279419; -0.05282260477542877; 
399; -1.6315218210220337; -0.3432520925998688; -0.33408281207084656; -0.5228112936019897; 0.9758051633834839; -0.127499520778656; 
414; -0.880081295967102; 0.3390159606933594; 0.1287369728088379; -0.5246279239654541; 0.9904702305793762; -0.032933928072452545; 
386; -1.644260048866272; -0.443552702665329; -0.21286630630493164; -0.48217928409576416; 1.0013316869735718; -0.3205025792121887; 
432; -1.0388911962509155; -0.35100287199020386; -0.7648742198944092; -0.5382404327392578; 0.8762974739074707; -0.25579261779785156; 
444; -1.2086496353149414; -0.20750398933887482; -0.32738521695137024; -0.7056730389595032; 1.067340612411499; -0.09873432666063309; 
408; -1.3575387001037598; 0.08823421597480774; 0.012994557619094849; -0.5023621320724487; 0.9403643012046814; -0.21636736392974854; 
437; -1.3642804622650146; -0.19878169894218445; -0.5149886608123779; -0.5255659222602844; 0.8674673438072205; -0.14033079147338867; 
436; -1.3830453157424927; 0.10641232132911682; -0.5365132689476013; -0.5235481858253479; 0.9212374687194824; -0.25879544019699097; 
439; -1.0878475904464722; -0.011764377355575562; -0.3009783625602722; -0.6219936609268188; 0.9781527519226074; -0.16427645087242126; 
430; -1.6459251642227173; -0.27394652366638184; -0.13810111582279205; -0.5034497380256653; 1.0391571521759033; -0.07287140190601349; 
445; -1.1761448383331299; -0.041687577962875366; -0.6233868598937988; -0.5651994943618774; 0.8417548537254333; -0.10375151038169861; 
440; -1.1733016967773438; -0.021319329738616943; -0.6171939373016357; -0.5459450483322144; 0.8319458961486816; -0.1629403978586197; 
452; -0.8476932048797607; -0.34035128355026245; -0.5047906637191772; -0.7036632299423218; 0.7856014966964722; -0.10558934509754181; 
454; -1.146546483039856; -0.19992929697036743; -0.3683580756187439; -0.5599120855331421; 0.9761459827423096; -0.020138822495937347; 
459; -1.2094956636428833; -0.04554265737533569; -0.19122982025146484; -0.4897514283657074; 0.9055557250976562; -0.0953672006726265; 
450; -1.2565042972564697; -0.155166894197464; -0.3674857020378113; -0.46021217107772827; 1.1360427141189575; -0.16006429493427277; 
441; -1.3017746210098267; -0.22578583657741547; -0.2699955999851227; -0.5238882899284363; 0.8919321298599243; -0.09485973417758942; 
416; -1.46451735496521; 0.02766597270965576; -0.41822952032089233; -0.5138912200927734; 1.0699185132980347; 0.010752961039543152; 
448; -1.0640339851379395; 0.019863009452819824; -0.3058481514453888; -0.600536048412323; 0.9189251065254211; -0.07437077164649963; 
433; -1.4084880352020264; -0.20888939499855042; -0.28931891918182373; -0.5199884176254272; 0.9629666209220886; -0.13499917089939117; 
468; -1.872981071472168; -0.10374535620212555; -0.525078296661377; -0.5866179466247559; 1.0130819082260132; -0.12533827126026154; 
415; -1.1878774166107178; -0.13325084745883942; -0.8401972055435181; -0.5369048118591309; 0.8506911993026733; -0.1787509024143219; 
467; -1.1486380100250244; -0.1534631997346878; -0.626980185508728; -0.4760740101337433; 1.0131268501281738; -0.1237744688987732; 
474; -1.310882806777954; -0.23408544063568115; -0.21258768439292908; -0.5179832577705383; 0.8784476518630981; -0.1339699923992157; 
453; -1.2085283994674683; -0.10288642346858978; -0.1906673163175583; -0.5104778409004211; 0.9842029809951782; -0.02242451161146164; 
458; -0.9630991816520691; -0.07305797934532166; -0.10915794968605042; -0.40934714674949646; 0.8111001253128052; -0.07682879269123077; 
457; -1.3297035694122314; -0.27744218707084656; -0.6388698816299438; -0.46252453327178955; 0.9378838539123535; -0.09033150225877762; 
449; -0.9365572333335876; -0.29043757915496826; -0.3003547787666321; -0.5024312734603882; 0.8769938349723816; -0.16792809963226318; 
455; -0.945175290107727; -0.13620519638061523; -0.699791669845581; -0.5723647475242615; 0.9934593439102173; -0.070464588701725; 
480; -2.0777783393859863; -0.28936880826950073; -0.2254822552204132; -0.6591916680335999; 0.9243385791778564; -0.12425698339939117; 
476; -1.484245777130127; -0.3180831968784332; -0.535595715045929; -0.48107343912124634; 0.952018141746521; -0.1037471741437912; 
456; -1.388721227645874; -0.04369246959686279; -0.2721649408340454; -0.6158157587051392; 0.8370653986930847; -0.21684499084949493; 
435; -1.256495475769043; -0.26267924904823303; -0.5050663948059082; -0.5155600309371948; 0.8403806090354919; -0.22050094604492188; 
447; -1.574388027191162; -0.17672954499721527; -0.07497379183769226; -0.5345464944839478; 1.0721089839935303; -0.17266562581062317; 
463; -1.2005066871643066; -0.171164408326149; -0.053955078125; -0.6111377477645874; 1.0532996654510498; -0.1575315147638321; 
451; -1.3521885871887207; -0.09164141118526459; -0.3446413278579712; -0.605708122253418; 0.9649946689605713; -0.1838677078485489; 
460; -1.4183077812194824; -0.07863345742225647; -0.4032231867313385; -0.571201503276825; 0.8934228420257568; -0.14777515828609467; 
470; -1.5330593585968018; 0.057105839252471924; -0.13962416350841522; -0.5119554996490479; 0.8257011771202087; -0.08558565378189087; 
466; -1.3390402793884277; -0.5492366552352905; -0.5175650715827942; -0.6190841197967529; 1.040663480758667; -0.17622874677181244; 
424; -1.226892352104187; -0.13058272004127502; -0.21759991347789764; -0.5501230359077454; 0.8803070783615112; -0.13288283348083496; 
464; -1.1166021823883057; -0.12165313959121704; -0.32294246554374695; -0.5786744952201843; 0.8782576322555542; -0.21993601322174072; 
461; -1.3901581764221191; -0.613801121711731; -0.5917465090751648; -0.5640416741371155; 0.9954358339309692; -0.18075716495513916; 
462; -1.5732463598251343; -0.14619188010692596; -0.6246724724769592; -0.5335037112236023; 0.8686723709106445; -0.14364036917686462; 
487; -1.111301064491272; -0.23643451929092407; -0.12917518615722656; -0.4685817360877991; 0.9000728130340576; -0.08863565325737; 
469; -1.109341025352478; -0.04690232872962952; -0.3579281270503998; -0.4358619749546051; 0.8499926328659058; -0.029653221368789673; 
483; -1.1178098917007446; 0.17106717824935913; -0.24767279624938965; -0.341905415058136; 1.0669888257980347; -0.16536656022071838; 
472; -1.4366607666015625; 0.07892236113548279; -0.11715717613697052; -0.6025492548942566; 0.9820019006729126; -0.11086415499448776; 
477; -1.830869197845459; -0.02053987979888916; -0.10659228265285492; -0.5540233254432678; 0.9343067407608032; -0.16352055966854095; 
471; -1.4631741046905518; -0.119527667760849; -0.5343706607818604; -0.6199642419815063; 0.9470689296722412; -0.11684256792068481; 
475; -1.5627734661102295; -0.15805242955684662; -0.4471777081489563; -0.4000834822654724; 1.0647854804992676; -0.2053278535604477; 
429; -1.3937641382217407; 0.1636427640914917; -0.5592906475067139; -0.5772631764411926; 1.045539140701294; -0.09457537531852722; 
484; -1.3842233419418335; -0.018357932567596436; -0.2721428871154785; -0.36192044615745544; 0.9104191660881042; -0.1577601283788681; 
465; -1.5642009973526; -0.10643081367015839; -0.3425961434841156; -0.5831211805343628; 0.9436488747596741; -0.12125933915376663; 
479; -1.70455801486969; -0.0503750741481781; -0.32959505915641785; -0.5547275543212891; 0.8676038980484009; -0.07936310768127441; 
485; -1.811584711074829; -0.17113277316093445; -0.35693156719207764; -0.570595383644104; 0.9485501050949097; -0.17642606794834137; 
473; -1.212954044342041; -0.005561321973800659; -0.48835039138793945; -0.6103338599205017; 1.0163848400115967; -0.16346198320388794; 
486; -1.2122890949249268; -0.20975449681282043; -0.5652728080749512; -0.5272514820098877; 0.9732474684715271; -0.14730216562747955; 
446; -0.7963391542434692; 0.2536429464817047; -0.46479278802871704; -0.4543485641479492; 0.9679420590400696; -0.2153984010219574; 
481; -1.6256678104400635; -0.09229786694049835; -0.6021762490272522; -0.5212751626968384; 0.8651872873306274; -0.012455880641937256; 
496; -1.3447637557983398; -0.12659712135791779; -0.4742969274520874; -0.3671573996543884; 0.9956984519958496; -0.23550426959991455; 
491; -0.9479992389678955; -0.24021996557712555; -0.28600403666496277; -0.6619154214859009; 0.9098226428031921; -0.17765013873577118; 
488; -1.4775660037994385; -0.08906000852584839; -0.4951888918876648; -0.45469075441360474; 1.0103367567062378; -0.10576498508453369; 
478; -1.210969090461731; -0.3068177402019501; -0.3912062346935272; -0.6030932068824768; 0.9896848201751709; -0.11219173669815063; 
490; -1.662460207939148; -0.10821130871772766; -0.3554657995700836; -0.6000465154647827; 0.8821631669998169; -0.12659980356693268; 
493; -1.7382898330688477; -0.1606365442276001; -0.3629843592643738; -0.48300760984420776; 0.9269688129425049; -0.11625632643699646; 
489; -1.347998023033142; -0.19155378639698029; -0.4490046799182892; -0.5343056917190552; 1.0264689922332764; -0.2254558950662613; 
495; -1.225600242614746; 0.10537368059158325; -0.27981996536254883; -0.5759778022766113; 1.0749939680099487; -0.1307278573513031; 
497; -1.5495827198028564; -0.3596745729446411; -0.477046936750412; -0.4054546058177948; 0.9588050246238708; -0.1290968358516693; 
499; -1.3823856115341187; -0.03552961349487305; -0.8309016823768616; -0.4619905948638916; 0.9437795281410217; -0.17277014255523682; 
482; -1.2353742122650146; -0.2501252591609955; -0.1760191172361374; -0.5160993933677673; 0.9831346869468689; -0.05166187882423401; 
498; -1.270442247390747; -0.07547393441200256; -0.3970494568347931; -0.7480640411376953; 1.0176317691802979; -0.1062273234128952; 
494; -1.5649523735046387; -0.010288149118423462; -0.49854737520217896; -0.5865991115570068; 0.9709307551383972; -0.15876547992229462; 
492; -1.140113115310669; 0.053922683000564575; -0.2999081015586853; -0.6110571622848511; 0.9138857126235962; -0.09318134188652039; 
