26; 0.256031958874878; 0.168761850095548; 0.184113431435792; 0.0729796528980332; 0.0764405737978064; 0.0732492322081061
9; 0.225701008175283; 0.162034789898995; 0.176643107849412; 0.0687738986989187; 0.0699384867363714; 0.0638040954422394
35; 0.247860981210646; 0.159478346558861; 0.191555247391322; 0.0713826571364894; 0.0733847369887316; 0.071426471034231
40; 0.229116078187497; 0.15310129320256; 0.169421348481705; 0.0661011710171771; 0.0683769268590429; 0.0638218143445627
25; 0.210216037607393; 0.157775914448469; 0.181185926690588; 0.0687336605682192; 0.0710476647327458; 0.0699852547494021
20; 0.226030627579171; 0.157127379351268; 0.17129761204583; 0.0699952848329229; 0.0679992788071455; 0.067408439905783
3; 0.232042279407486; 0.167204636555637; 0.194658650972189; 0.0721627675995228; 0.0797381297078943; 0.0693071382566375
39; 0.253219752630739; 0.168105352972072; 0.173307293729248; 0.0664631320299605; 0.0700044762451182; 0.0650336927487571
13; 0.231596026640769; 0.181380392758114; 0.162009714240325; 0.0713387567632658; 0.0751384972476095; 0.0710445530378719
38; 0.218472167572789; 0.157944637323155; 0.17807789526824; 0.0726406041302804; 0.0748702739832381; 0.0695016237039422
29; 0.202038823674965; 0.161236530735288; 0.160615535748845; 0.0624360382885776; 0.0661420693492756; 0.0643971305993146
21; 0.212926168550215; 0.175835898140433; 0.164301606524938; 0.0685529845097096; 0.0717502852607158; 0.0678082087248742
0; 0.216891257467568; 0.158477790015649; 0.156275943478711; 0.0650981931143296; 0.0718456406406616; 0.0679047821421898
49; 0.212247934207043; 0.147837184680782; 0.161978419925217; 0.0671106939628793; 0.0685640219413874; 0.062975672274855
33; 0.230512572621004; 0.163191062486224; 0.169361950808046; 0.0668328283211125; 0.074358867129635; 0.0684406715631819
6; 0.213410408173561; 0.150802331584078; 0.166697997841203; 0.0674389234704983; 0.0713629098509997; 0.067454283567224
24; 0.22545073875454; 0.157278771809392; 0.163490954179666; 0.0681553821533308; 0.068611403744095; 0.0695182080761227
37; 0.287565100732038; 0.162403994806691; 0.170768456631003; 0.0716702352107299; 0.0717097895499569; 0.0681587513555824
19; 0.253609429714523; 0.165415350667406; 0.173507363191778; 0.0693878550514006; 0.0711738276565834; 0.0709334780850292
7; 0.297509446679854; 0.162016892529891; 0.161862866750958; 0.0695704455948247; 0.0737777914999661; 0.065453285144215
43; 0.226290279826506; 0.162336480675876; 0.167747835084853; 0.0653595536024422; 0.0707494795099193; 0.0686482074562041
41; 0.236041769412569; 0.158410995008823; 0.169262287330783; 0.0706217948380111; 0.0754060613983454; 0.0715853517665643
28; 0.22518829457609; 0.157271574832218; 0.170666370824988; 0.0680500804399503; 0.0746207200078123; 0.0692616924301018
15; 0.298233619708542; 0.162015171037682; 0.17464723555352; 0.069033325527796; 0.0760843804959374; 0.0691616844484743
36; 0.243602354902218; 0.174612929389952; 0.187877780767313; 0.0734468449977527; 0.075932434821808; 0.0722343712778057
10; 0.227554236014975; 0.168118195181338; 0.210347925504688; 0.0695711715483716; 0.0739610484556821; 0.0698968575656558
18; 0.24182336510904; 0.169845584364391; 0.21835913526596; 0.0704004267914899; 0.0757430781821332; 0.0732962457572941
47; 0.211065738312128; 0.162011185925755; 0.165150441067304; 0.0681774882748468; 0.0693612156411199; 0.0687210262964638
46; 0.298191795919917; 0.172238023133551; 0.162475816886043; 0.0748437104552428; 0.0738801217333863; 0.0700391920209304
8; 0.219260077031067; 0.181655693862153; 0.184523134356003; 0.0705358422343379; 0.0742373539372025; 0.0690018800154277
23; 0.218838030863146; 0.174078797088977; 0.18212092112655; 0.0720371571913512; 0.0772700121321892; 0.0710960622466131
34; 0.218974903134647; 0.168074694009919; 0.182195165215674; 0.0713581632730658; 0.0778523769318451; 0.0721033191724426
2; 0.278460606165088; 0.15803239963952; 0.18559175349294; 0.0723200379383022; 0.0793627334171302; 0.0711018129001726
4; 0.220962382702813; 0.167919057181773; 0.171218089971082; 0.0693073136463504; 0.0708819631380363; 0.0699798926174913
48; 0.242258715165049; 0.157632694580704; 0.158717802498406; 0.0683337796958203; 0.0698462450784329; 0.0708455503265501
30; 0.20017056935837; 0.171629499766891; 0.181747236219125; 0.0692412614980157; 0.0702094079128338; 0.067850565938839
5; 0.259696811086405; 0.153613928003968; 0.166335838601177; 0.0678540288988554; 0.0723393915430469; 0.0674375300860296
14; 0.217223937979696; 0.169786319583443; 0.168152729043864; 0.0707097926751366; 0.0733811311440458; 0.0690692725790893
22; 0.235856520450703; 0.16508414187081; 0.174979936182259; 0.0686493847306056; 0.0731760859886733; 0.0701514693500546
42; 0.247008490622495; 0.163976591961519; 0.181709727032247; 0.06913941347175; 0.0710213323597475; 0.0702893824989233
45; 0.213112146503545; 0.152172352113123; 0.164869539515289; 0.0661704319011241; 0.0721495913336436; 0.0678401580819433
11; 0.254739982357973; 0.1853417304252; 0.17596288582765; 0.0708691636830393; 0.0790081892490808; 0.0730544050845855
27; 0.245644544396893; 0.153728937433076; 0.168112781164279; 0.0652149044875672; 0.0707843424236276; 0.0654075716984998
17; 0.221870708623896; 0.16346022376638; 0.181739836612628; 0.0697934760517681; 0.0738710577335409; 0.069078862535715
1; 0.231294189745312; 0.170896229806928; 0.170787759226238; 0.0712529861864435; 0.07485412045257; 0.0730418842307745
32; 0.203896087935739; 0.162975106442621; 0.173643634264889; 0.0686549340141879; 0.068519255296663; 0.0696884483208456
12; 0.21825789704567; 0.164469599404737; 0.180616404242863; 0.0701776135218851; 0.073811597141456; 0.0692856774794916
16; 0.227645962953068; 0.153900399929719; 0.174229776444308; 0.0646709634508269; 0.0701066149661425; 0.0680234687946135
44; 0.214671670300571; 0.155473443114892; 0.166289473705615; 0.0725154645886612; 0.0772648302741695; 0.0685054861211831
31; 0.215996363506461; 0.155806116029326; 0.169780761985555; 0.0657804362161907; 0.0678100622077666; 0.0668756535214338
50; 0.197859476445072; 0.152221262698441; 0.172597988928022; 0.0685635462569341; 0.0675263141437332; 0.069277543236349
88; 0.270081936548949; 0.160552855035801; 0.175703596491532; 0.0683407993534916; 0.0702611792985303; 0.067868346367836
51; 0.217671441804211; 0.158933823975519; 0.181429912345491; 0.0717550065314199; 0.0725954797426694; 0.0710027837207189
54; 0.235031791591603; 0.163145350870517; 0.164268430969138; 0.0697476543426282; 0.067410599896426; 0.0650588596980674
52; 0.205422471189346; 0.156180402303108; 0.164815937926213; 0.0668850958205; 0.0726718447746944; 0.0648729533024844
59; 0.247642700401386; 0.170542542257864; 0.170753659700279; 0.0688397819943098; 0.0740245414770489; 0.0691206970611693
95; 0.222567931004088; 0.17252210863436; 0.167396103339784; 0.0743549129310596; 0.078682327148902; 0.074513399816529
96; 0.261815463374445; 0.182637940222846; 0.188516574192249; 0.0715631514842548; 0.0793185487072471; 0.0733203727231448
100; 0.219819829459972; 0.162203449840528; 0.161729546445027; 0.0676327668298264; 0.0704686830640082; 0.0683766064212607
56; 0.253739908565654; 0.175290063924985; 0.190692293126939; 0.0686287388417972; 0.073013369279027; 0.0683186374184862
97; 0.253588761626085; 0.156507044391803; 0.167834500271578; 0.0681631561884423; 0.0682950071426722; 0.0688586478806936
94; 0.206129999713947; 0.183431884874014; 0.178659043258627; 0.0742964819420076; 0.0781170276255529; 0.0732570720474254
63; 0.239581516426639; 0.163348414867831; 0.175146057347585; 0.07563016440358; 0.0796072190319881; 0.0711736771701067
98; 0.230405726607313; 0.175991354512421; 0.170265025518991; 0.0666313186225343; 0.0686745204239206; 0.0685694851524682
58; 0.221274265022533; 0.167848002637282; 0.173975203902458; 0.070314688983287; 0.0709237342294633; 0.0680216632351896
57; 0.226169437674177; 0.170822575449094; 0.1712895591376; 0.0691280714782841; 0.0734004800538518; 0.0712014248433115
65; 0.214100772730397; 0.15977637252465; 0.177480465901612; 0.0726764655703381; 0.074143137097485; 0.0672329590625515
60; 0.247998500962445; 0.171602178534769; 0.16458764932258; 0.0730268037231064; 0.075908319102343; 0.0713665937952694
62; 0.217079037388693; 0.161855901295229; 0.179605384856326; 0.0697776172706823; 0.0730131249812676; 0.0687961162908693
64; 0.218597059728314; 0.159770649351778; 0.176007671936471; 0.0723845799771491; 0.0743484792175884; 0.071239268251982
61; 0.214854036664958; 0.16840978955219; 0.161507971352867; 0.0699868410547774; 0.0724999537619018; 0.0647067970423437
91; 0.241146650118722; 0.151775969942545; 0.166776669863861; 0.06824230812121; 0.0699469472359196; 0.0692037593741696
89; 0.241871953258356; 0.164972768645383; 0.182032833365391; 0.0693333524144625; 0.0766754146154901; 0.0679010968473228
92; 0.230969048083513; 0.161795768793726; 0.166887689480967; 0.0705951914313344; 0.0742862607238396; 0.0692877472221229
76; 0.217147752303868; 0.164289039784614; 0.163602172422204; 0.0705813231941172; 0.0731785106060386; 0.0690488609304899
71; 0.254049315908696; 0.158040672103752; 0.169514824228391; 0.0702902135508889; 0.0741313267663105; 0.0726498791349346
93; 0.229715697124518; 0.158538395650527; 0.161371406145574; 0.0680717599989803; 0.0689535068991692; 0.0657496291443213
90; 0.203106147504126; 0.175150520524277; 0.158600507751871; 0.0670764888771512; 0.0689661255519736; 0.0673624164521788
77; 0.220869170846791; 0.161753320156526; 0.167050392198372; 0.0687609902095277; 0.0739369570217635; 0.0690514615242378
86; 0.269794398285296; 0.171692933861351; 0.196584130657518; 0.0724360726388493; 0.0772312986166974; 0.0725528828014758
82; 0.277415453859076; 0.166418833379571; 0.166999167958922; 0.0668461073904584; 0.0770032946826515; 0.0705725609684906
69; 0.241498119963125; 0.165711850887948; 0.19309311248071; 0.0701047250486882; 0.0725281313295482; 0.0682980053688159
53; 0.222615966741569; 0.179158761392885; 0.176313307489508; 0.065873413035102; 0.0652636719295177; 0.0628987369504307
84; 0.248135534592163; 0.162428977097264; 0.177399827643616; 0.0713115008441771; 0.0787334463465253; 0.0679799002875461
70; 0.241808487113841; 0.155726623133913; 0.190093406914922; 0.0703594545638748; 0.0701503661006399; 0.069221424511603
81; 0.201296401202898; 0.15480297485316; 0.174467740549581; 0.068883926070472; 0.0752763370780691; 0.0676160165836288
74; 0.230927387687655; 0.160114747926266; 0.176914091272265; 0.070349066416602; 0.074908972771455; 0.0707971274535566
79; 0.222069043357669; 0.162648215910529; 0.173404037123773; 0.0717146731611408; 0.0714908188193554; 0.068388360187274
78; 0.231409071961017; 0.189355859490285; 0.163721004712246; 0.0745429213257557; 0.0742467818883625; 0.0764084479623338
73; 0.241278001968002; 0.178946197246238; 0.159714516440595; 0.0682006584638469; 0.0740384312420661; 0.0708180794505556
87; 0.243640010810043; 0.168974785945534; 0.168241571466325; 0.0688172089047257; 0.0782051104009483; 0.0708614348033337
80; 0.204551047751579; 0.168672865911609; 0.169147792387901; 0.0692302407733578; 0.0772483859781777; 0.0673563619099839
99; 0.219292516551115; 0.16963186041165; 0.17058392565448; 0.0695584177355374; 0.0721881250380769; 0.0704055143587619
72; 0.247299157600927; 0.174358237531532; 0.179750137354863; 0.0679055687656497; 0.070974976205291; 0.0716568986060199
75; 0.236002608964651; 0.174110882709727; 0.185526659741548; 0.0678732964418495; 0.0699885261895229; 0.0692837494997369
66; 0.246155726807274; 0.157234132784243; 0.175030615200006; 0.0686102362060021; 0.0686043830600864; 0.0668057214340786
55; 0.267848416221047; 0.150786954945119; 0.172161306150212; 0.0671678174683024; 0.0693551561663098; 0.0665062060936206
67; 0.22477189191777; 0.160472322354764; 0.155863077882051; 0.0649834318651144; 0.0685290825565361; 0.0651516763244624
68; 0.214935158438125; 0.168598216950538; 0.180100370986353; 0.0702513763120879; 0.0764131715962892; 0.0739681049491271
85; 0.209519418151974; 0.160377675280821; 0.188696184826234; 0.0667346349897377; 0.0737579483067959; 0.0689494550240213
102; 0.240792973880831; 0.174581091882626; 0.185875745552842; 0.06938861201341; 0.0735712603570593; 0.0717183081897327
101; 0.203748493947144; 0.165382478801249; 0.154268145777342; 0.06573666843727; 0.073539002779098; 0.0658867638996362
83; 0.218413124197987; 0.165092199554095; 0.184588568958924; 0.0683753281990483; 0.068602752908926; 0.0689679158778122
109; 0.232841835017351; 0.153608991801056; 0.169650278077798; 0.0642997333704667; 0.0725885080717577; 0.0682328854892586
105; 0.189913895546089; 0.158924677400103; 0.159553687155814; 0.0647430838567164; 0.0668611173596069; 0.0640824978345873
112; 0.205748848759407; 0.166435626982343; 0.194495497875545; 0.0668159469783839; 0.0754731002060449; 0.0670680751318416
117; 0.224881738317649; 0.166004817369385; 0.183466298756984; 0.0682548990950616; 0.0705411241638126; 0.0663649085298832
107; 0.189391523201194; 0.165242776870955; 0.1670735177023; 0.0696835601590635; 0.0714096944677638; 0.0672713506026196
119; 0.279920514143182; 0.18699710078592; 0.19577361461368; 0.0746633637593969; 0.0738439511938702; 0.0734725111428103
114; 0.241282720809926; 0.16236150870185; 0.176732257678711; 0.0729934824305769; 0.0736702896900048; 0.0705974917072904
108; 0.225955114544945; 0.157080194629116; 0.165696802174662; 0.067430495745008; 0.0750130841828717; 0.0682966099211397
111; 0.245930370093255; 0.16575768174908; 0.164845920569884; 0.0682696907667728; 0.067014284014899; 0.0638252797300004
116; 0.234824361551786; 0.16367806628845; 0.158280892380581; 0.0683827356560615; 0.0722050488153087; 0.0669047740255767
130; 0.267690907062524; 0.153447655696848; 0.179404879644921; 0.0715900725295965; 0.0740773639591873; 0.069974897478704
113; 0.235591517710141; 0.171658270402016; 0.155325681079824; 0.069061943517997; 0.0713459974654927; 0.0682661386032268
103; 0.230644315246066; 0.161616277122819; 0.173148162943817; 0.0699639752271411; 0.0685299759851888; 0.0699880316258612
115; 0.219200792962192; 0.156061236956999; 0.154840998825617; 0.0618208180895024; 0.0657236648351008; 0.0637982204204232
110; 0.207846943079071; 0.17720335622528; 0.184312210948905; 0.0730039841034425; 0.0764137926712803; 0.0699671930328588
106; 0.298283556054492; 0.163530587037919; 0.173355383577266; 0.0704535483925376; 0.0781180475149475; 0.0718423522380862
118; 0.242053181824882; 0.156308052924895; 0.168592555235529; 0.0695043830992806; 0.0706236017573723; 0.0694789709281693
129; 0.268260791546305; 0.165669899216257; 0.181565254779197; 0.0680918108667741; 0.0723799058055926; 0.0689039523075618
131; 0.202394023019171; 0.161072078352494; 0.16120271365997; 0.0644151214746072; 0.0680046410044423; 0.0658801090995342
123; 0.256362903152791; 0.17483202492844; 0.18649543296013; 0.077178300300936; 0.0794418236104106; 0.0803708591781346
121; 0.21817164777551; 0.159260839511755; 0.182657382430739; 0.0692654816995083; 0.0675247288401515; 0.0669620070947594
124; 0.236627393971937; 0.153749027646896; 0.168514804461696; 0.0697572789925748; 0.0704665294346954; 0.0683217315594925
122; 0.236310073060902; 0.166988518611393; 0.185502886614892; 0.0680343600083355; 0.0728070685282829; 0.0713551815436648
125; 0.247163057994942; 0.152379530872303; 0.174690629129138; 0.0669367850550286; 0.0743088199875861; 0.0696773983957833
128; 0.234496547941715; 0.157503762022304; 0.176534157919038; 0.0653877684399701; 0.0688395707565193; 0.0644253656915032
147; 0.261742235469291; 0.167043763588612; 0.163855667980191; 0.0717935624892442; 0.0787810695288749; 0.0685043331450285
126; 0.311475107428679; 0.160024688982884; 0.187015451614936; 0.0731446181393128; 0.0739323999343733; 0.0707846522460973
120; 0.217621294974131; 0.157129945629414; 0.174730605528286; 0.0663383157917062; 0.0727179544809432; 0.0657171357648541
127; 0.324425050028046; 0.16986515149214; 0.169854765155737; 0.0722613377325006; 0.0678631462452515; 0.0695735244725332
148; 0.221703603281039; 0.153347236343488; 0.164644563886028; 0.0675883894168534; 0.0661384528153183; 0.068060766461262
136; 0.236283516634336; 0.163563648625555; 0.161267746021229; 0.0690438230686624; 0.0728753321886377; 0.0690992059334859
132; 0.206110125019777; 0.172165883566647; 0.177548251547298; 0.0671967924928979; 0.0708639260650431; 0.0686969227101688
146; 0.232112014082906; 0.161099464866686; 0.189233223075281; 0.0695637764391237; 0.0713905884845552; 0.0647917680665637
135; 0.230792641147709; 0.175973725010612; 0.180067865675669; 0.0723701944908095; 0.0748015393742239; 0.0699205464836251
144; 0.225860333267137; 0.155243674436453; 0.182195048832378; 0.0664498109958176; 0.0722436053701361; 0.0667443999090934
104; 0.202248934266783; 0.156325986860533; 0.161634595128093; 0.0672913169628376; 0.0723216265233723; 0.0660651047113997
137; 0.221788457674393; 0.163552703443949; 0.174623773795617; 0.0704722756421214; 0.0748105269553611; 0.067633883370294
134; 0.240695404993773; 0.175357667278747; 0.160505157230024; 0.0669305558920375; 0.0733025209224457; 0.0693937284478627
133; 0.241300748420481; 0.170007593973732; 0.175384043408269; 0.0719850489412837; 0.0745209131692123; 0.0694761775051795
141; 0.217179943361606; 0.165770946990039; 0.177505502192125; 0.0677160135615699; 0.0740966526248078; 0.0685082288655271
138; 0.214046700105874; 0.182095408615716; 0.173442901272324; 0.0686420786639643; 0.0724420662635393; 0.0682398134730676
142; 0.225475301116906; 0.156968343443457; 0.171981926051325; 0.0695556345713349; 0.0703807308295961; 0.0683982597102468
152; 0.209887921350867; 0.162523453970817; 0.183440568932213; 0.0692548422827302; 0.0702497369884665; 0.0677991309007581
140; 0.248201176638195; 0.162949549723506; 0.190218652147829; 0.0747633984151067; 0.0751583476356424; 0.0705951228079324
145; 0.210263099297459; 0.152485351047157; 0.163565406996361; 0.0674598233785209; 0.0738773175472373; 0.0663580851022737
154; 0.204792659221858; 0.159574724755282; 0.164413060170789; 0.0703094045121558; 0.0709791645508265; 0.0671120497985953
153; 0.267539940913243; 0.165077185106897; 0.162506871611749; 0.0668178577291445; 0.0698324427459922; 0.0657086295971453
150; 0.200906825844464; 0.162881362114955; 0.176930692824822; 0.0711994823260018; 0.0731436827781303; 0.0671591905905533
167; 0.2211850622697; 0.168897915880463; 0.162411152291076; 0.067416911890897; 0.0702662879991049; 0.0700274480992241
159; 0.2313347317554; 0.171046856779034; 0.173507357622889; 0.0695975174165504; 0.0721327102385674; 0.0682121896736659
158; 0.192844394616866; 0.158770131101555; 0.174546394305034; 0.0677374922836717; 0.0741053497745246; 0.0654641021434258
169; 0.298500286571553; 0.165338115563925; 0.189085009026801; 0.0657793282623829; 0.0723321349848035; 0.0708502658404456
166; 0.221486933180562; 0.167773148837549; 0.173068240144892; 0.0675388360395278; 0.0690740445238017; 0.0660437304389259
165; 0.247066815299497; 0.170498890299986; 0.186279594982129; 0.0681570448434858; 0.0732127537888679; 0.0682472423184315
151; 0.198222753362071; 0.155027116568264; 0.169413840477946; 0.0684992180067193; 0.0747509112902526; 0.0665663693908546
168; 0.221154782304761; 0.151888581976906; 0.160439037278745; 0.0708601329415022; 0.0749448443767537; 0.0664784168800726
175; 0.247499188597702; 0.168314097753609; 0.188085191285831; 0.0692559012843769; 0.0689740142917699; 0.0670657556869825
143; 0.22980046765769; 0.167395997617909; 0.168806479365613; 0.0667769302494619; 0.0649374705924309; 0.0669688642356109
139; 0.193481176152028; 0.15649585486006; 0.165438912627916; 0.0671309579956147; 0.0718414585290746; 0.0644763371823018
162; 0.238068104544766; 0.166124165259346; 0.189060856420842; 0.0771475948752732; 0.0780791001069871; 0.0752058108914108
163; 0.207799141252612; 0.160369643762721; 0.169233533285784; 0.0707524332082246; 0.0700309157681106; 0.0687243720754487
170; 0.255953742760889; 0.165367154110043; 0.178621469035448; 0.0730039683011963; 0.0759894819329851; 0.070763202510281
171; 0.222597965709129; 0.169226984021661; 0.162306861873381; 0.0684271821329098; 0.0697995375795917; 0.0682122300371548
180; 0.183595737370121; 0.165046720090263; 0.163544199151088; 0.0660721182259541; 0.0713915895289658; 0.068715986737759
160; 0.215511407646795; 0.169080329738973; 0.17958085326713; 0.0699757271898217; 0.0706455912445666; 0.065827602045264
164; 0.220952514929537; 0.150911238784044; 0.169532520900455; 0.0663799665398285; 0.0692654922204045; 0.0651281132187013
157; 0.254405353710975; 0.177868483381527; 0.204887303288306; 0.0726797173609327; 0.0754484067199981; 0.0721986159999986
156; 0.220474003176908; 0.168242794152242; 0.196982585463596; 0.0745630524742362; 0.0808980259787624; 0.0753500579057904
192; 0.229697412464348; 0.15294240462307; 0.179009684046053; 0.0682241826256071; 0.0709933767670029; 0.0662186109863427
188; 0.211612656686844; 0.160940909381446; 0.164283239797619; 0.0690943053606919; 0.0712452695335951; 0.0653072776101891
177; 0.233145868290294; 0.171865744153052; 0.177254927253356; 0.0682549081146171; 0.0716416737712274; 0.0694894267392768
191; 0.254304019565146; 0.181420009380209; 0.191505682961462; 0.071219521993941; 0.0758097982580419; 0.0718936428793051
184; 0.242234103168929; 0.165619602054678; 0.175635309809193; 0.0716026935515995; 0.0733092251492385; 0.0701482817104972
183; 0.241983286304399; 0.15295246154115; 0.177431092388205; 0.0703474935676668; 0.0736481899057799; 0.0713645300151503
193; 0.222884477757476; 0.177939518122845; 0.162189128343684; 0.0688713524801755; 0.0713259448752065; 0.0695211221069741
186; 0.261954586482616; 0.167042400657663; 0.183578842176538; 0.0736175879776401; 0.0781734489844518; 0.0732496549733353
181; 0.217647173936809; 0.168177516332147; 0.18249542908222; 0.0678247964126143; 0.0702260624256186; 0.0676690034066093
161; 0.247494250057738; 0.153186291605438; 0.192918025885033; 0.0666108224112461; 0.0708507432747571; 0.0683856981617007
189; 0.204672687152414; 0.169288350580852; 0.161364649560438; 0.0652190067192707; 0.0666509368606362; 0.0669798211088928
194; 0.211792613033648; 0.144302543441957; 0.156139009073941; 0.0642345374477301; 0.0676308895656473; 0.0646372305286416
174; 0.209589813610157; 0.155772029445294; 0.17006516924063; 0.07077076986202; 0.072568918170489; 0.0700419600927347
173; 0.210303134374294; 0.161386585344426; 0.171935679092239; 0.066091546205198; 0.0713592410898839; 0.066250612549963
172; 0.225247005903721; 0.164250391082958; 0.182991603923402; 0.0668759426918916; 0.0679488519010374; 0.0647832997713266
179; 0.216385050422668; 0.151949656484069; 0.15274046855111; 0.0634014689752365; 0.0659310582965168; 0.0662376564587649
187; 0.205399010292019; 0.143037711224322; 0.168963065517387; 0.0653291227951855; 0.0686365159732601; 0.0669159654287801
176; 0.205432577600931; 0.16359870983828; 0.184990191395815; 0.0696843040047013; 0.0730475258546085; 0.0708739731386274
185; 0.213294072118579; 0.167741088933162; 0.165872900908381; 0.0678311573731091; 0.0704233532834231; 0.0665496699651741
195; 0.231143746259676; 0.155208381389871; 0.159761286671678; 0.0697268967888316; 0.0724220867959103; 0.0664306929697656
155; 0.216600065977326; 0.162737480397738; 0.161470991388812; 0.0712757046536341; 0.0698975438556952; 0.0699991718389376
190; 0.236060807101088; 0.157364489895695; 0.161268449076267; 0.067405784808654; 0.0680318560363155; 0.0659654347498845
197; 0.248814989939175; 0.168229967924386; 0.182677804310165; 0.0738556640898923; 0.0780566834954632; 0.0710412164256853
178; 0.19318801467883; 0.153818227834892; 0.181814941028264; 0.0664769635806022; 0.068882506055489; 0.0646641255871054
199; 0.269176779821495; 0.176500236231582; 0.187424974073925; 0.0720966273148979; 0.0775075286155997; 0.0702925322585351
198; 0.242001858232674; 0.163414068744273; 0.171161255944966; 0.0695311140488885; 0.0737777073907704; 0.0676899147464623
196; 0.218865325424821; 0.168164919932585; 0.191524147532474; 0.0712227921782155; 0.0757255065643522; 0.0709164969345912
200; 0.233874826759429; 0.153203531540936; 0.154175822783811; 0.0650805808956074; 0.0663363913866743; 0.0635226304799084
182; 0.227207535182534; 0.157570919636952; 0.163731215096788; 0.0714884033250844; 0.0756796025217788; 0.0717045457304171
149; 0.231236693265791; 0.16702651296006; 0.166746039889458; 0.070866976158716; 0.0731724435225121; 0.0726356906721972
213; 0.22628731622232; 0.164621618370162; 0.177969330332852; 0.0726237129201269; 0.0761956599228145; 0.068806539403652
241; 0.217838447181284; 0.166649292922614; 0.170416349260252; 0.0715281869569844; 0.0692099447639465; 0.0700188958625194
202; 0.210198065161931; 0.163051679190301; 0.194303387771528; 0.0644204528084503; 0.0697390708577836; 0.0672489040307779
212; 0.231758256667973; 0.154667105043793; 0.174568185255757; 0.0706090325885756; 0.0753548075103745; 0.0694267168722169
223; 0.206315499794991; 0.148308892130389; 0.17086259694892; 0.0695623682024477; 0.0758525064015957; 0.0686046364126738
240; 0.248129235191517; 0.174080648193354; 0.168024393545879; 0.0726996174945848; 0.0768408194656977; 0.0698250968045187
204; 0.235486679933876; 0.168712988684808; 0.172753279731104; 0.068462604625678; 0.0710579184024507; 0.0693373097002082
200; 0.233874826759429; 0.153203531540936; 0.154175822783811; 0.0650805808956074; 0.0663363913866743; 0.0635226304799084
244; 0.221834516145596; 0.172072791572584; 0.17772641865998; 0.0691858068264582; 0.0702298542891532; 0.0667816800074381
221; 0.247668536571486; 0.169414077746477; 0.186067623779237; 0.0687365595885846; 0.0751109645889211; 0.0693976059679428
205; 0.222592721047635; 0.180949554996582; 0.184519552301661; 0.0703745422398545; 0.0741206978069508; 0.0683857577263043
216; 0.260243900855615; 0.162037132396603; 0.183000772997281; 0.0664164219517357; 0.0704768114846757; 0.0674792283081957
224; 0.192217891162514; 0.162040541491441; 0.18041698527042; 0.0721400269907362; 0.0727037578756938; 0.0721286002018174
226; 0.213210856851921; 0.159594312559497; 0.156524614935343; 0.0674901739345461; 0.0739848245997502; 0.0681129378047715
237; 0.298059716478552; 0.156642599582139; 0.189283996464507; 0.0695133905393002; 0.0737350364968354; 0.066178805564524
248; 0.220142226541184; 0.161831605345794; 0.155868957017612; 0.068122309132108; 0.0723824344284577; 0.0658315407632253
236; 0.199133136108942; 0.157389405247422; 0.175349379920021; 0.0724628961177966; 0.0742441758095213; 0.0707084791810943
227; 0.220462937304628; 0.161114745228342; 0.157056261913222; 0.0659704637994627; 0.0715954096969985; 0.0655354198793379
243; 0.230918902427447; 0.160377845043079; 0.186985430347628; 0.0650500862360753; 0.0712025572387206; 0.0637717110622733
238; 0.276508085088496; 0.161899552170498; 0.166220863574057; 0.0682559420231809; 0.0729897206927233; 0.0684112818192859
214; 0.225477892558181; 0.165228427916614; 0.176157807529719; 0.0661481120907804; 0.0715989356520529; 0.0685529513043761
231; 0.27961921162762; 0.162982540118093; 0.195614403570858; 0.0694747642112309; 0.0753014383050518; 0.0662443154736483
229; 0.253519946223716; 0.15760791511374; 0.186038214447071; 0.0684841962302376; 0.0693742593393075; 0.0670344235407226
206; 0.255306073879218; 0.160430349056821; 0.174368836040878; 0.0736376753878304; 0.0762471368516744; 0.0733893200807063
228; 0.236841673676006; 0.160840379950464; 0.163427059054312; 0.0711657457972887; 0.0716254927963119; 0.0674212596921039
234; 0.210394539130414; 0.165588897070494; 0.187857050104784; 0.0677958352496526; 0.0728111970737155; 0.0675059817801584
235; 0.213555794949975; 0.161443294633993; 0.170763916915383; 0.0684588781466802; 0.0731540502333009; 0.0658146969573527
251; 0.216926921409432; 0.160344829859318; 0.164738048229579; 0.068121959759015; 0.0684157155930491; 0.0665986728008392
225; 0.241719566742071; 0.15720098132712; 0.179953344786488; 0.0685522935938162; 0.0686131372301274; 0.0689425128629634
209; 0.244756368954972; 0.164169498716804; 0.176514068083467; 0.0682857942993957; 0.0758760910496922; 0.0657662342161748
253; 0.248467684472624; 0.168706598946021; 0.186168881507762; 0.076624476118034; 0.0764107801143301; 0.0774571388261501
261; 0.213822801605118; 0.171403847288519; 0.175586770162348; 0.0668626590617094; 0.0689600111946669; 0.0702730931173885
220; 0.215569544440465; 0.170952594765165; 0.182141927014262; 0.070371581108591; 0.0757047856948663; 0.0702890002235286
207; 0.246771498769081; 0.159904991145621; 0.171849492540263; 0.0719475228669883; 0.0703117925225493; 0.0684715984447082
239; 0.267788051504611; 0.160271932048258; 0.163113455479602; 0.069349313612462; 0.0657534425778379; 0.0646814667917327
245; 0.208750752485388; 0.15276256354021; 0.163974647833448; 0.0632695555070259; 0.0713455453393108; 0.066340344220546
256; 0.268069925594518; 0.163470209696639; 0.15753040646344; 0.0682404959934712; 0.0699083393749245; 0.0698890996334125
222; 0.194482955853889; 0.172971154667715; 0.186847950115742; 0.0714623897967073; 0.078501448528168; 0.0699252514932236
258; 0.23325786493363; 0.185868246271541; 0.189352902614081; 0.076122930628869; 0.0790606617379371; 0.0767818286630767
215; 0.216969900987029; 0.159162494940284; 0.163843160179915; 0.0668918265830137; 0.070786551319351; 0.0650251899657953
219; 0.247040564020914; 0.153957176588224; 0.168692548650743; 0.0689507944746058; 0.0726616367745519; 0.0661719924401582
218; 0.234832321464954; 0.158415148349851; 0.155211068396283; 0.0658793802062817; 0.0706086495123638; 0.0672589943837854
210; 0.261088444110563; 0.166254806328745; 0.172470115436613; 0.0729205113283545; 0.0725501460264102; 0.0712680168780492
208; 0.2186662698759; 0.164349190484692; 0.168564900437863; 0.0716595223174922; 0.0735254164789021; 0.0664302249326748
275; 0.218912447262682; 0.161198070408778; 0.183835992481097; 0.0688152627295264; 0.0681666323611197; 0.067516032475091
264; 0.237488793619789; 0.179075043009133; 0.18693237310445; 0.0683743312926989; 0.0761783834147451; 0.0727214346913752
203; 0.213174893931919; 0.1590411706282; 0.168959339531611; 0.0674951739844014; 0.0727330199215286; 0.0692258365905467
246; 0.267872826157397; 0.154506571492358; 0.161311333709875; 0.0659110844697289; 0.0725799542359372; 0.0659548340813274
249; 0.241663081105895; 0.170056693597663; 0.161236957447969; 0.0715610757900265; 0.0697332532119398; 0.0704448127629636
232; 0.215098827072381; 0.181808275047687; 0.160599749988255; 0.0725587988832311; 0.0779176047421301; 0.0714156123934829
269; 0.253184229355069; 0.157082287597062; 0.174651442049773; 0.0704500014909297; 0.0681162102133721; 0.0694267267967492
266; 0.254048330559607; 0.16350093050649; 0.164804873038334; 0.0701620638447501; 0.0706816046534878; 0.0718525990484772
211; 0.241512457083209; 0.168780890379626; 0.165022091329979; 0.0669184267400704; 0.0749797621470079; 0.0703005810772373
260; 0.23563795976389; 0.153175385173026; 0.176367834351105; 0.069827199387428; 0.0687347309656486; 0.0652248855273431
267; 0.226464050901724; 0.163479612693448; 0.184871944400752; 0.066991915491685; 0.0681043706837048; 0.067314051464704
265; 0.236124506576254; 0.170603576567448; 0.171077747491575; 0.0704859893412429; 0.0679550298168327; 0.0686513679134208
252; 0.261712465756984; 0.158512668520697; 0.177399709458471; 0.0716392918210893; 0.0767273223097362; 0.0694830142260348
294; 0.184431779311755; 0.158108779898697; 0.159468822147781; 0.0658433576294373; 0.0706418854814579; 0.0664327622250641
201; 0.269211952676262; 0.161938690118502; 0.182322774045278; 0.0681720514926596; 0.0724181900271578; 0.072091606402929
217; 0.235352072394186; 0.169993442349571; 0.167818621211522; 0.0657777407728874; 0.0728001395195697; 0.0666337499726105
276; 0.23103893887379; 0.182730691166206; 0.169678828525865; 0.0736977386322694; 0.0697599950814608; 0.07116712793073
262; 0.235938097093528; 0.171877230283757; 0.170608840169758; 0.0734760440495345; 0.0731528891861238; 0.068800359889697
274; 0.225894170653085; 0.158098566525937; 0.16574090192553; 0.0681765731259094; 0.0718319578441565; 0.0714287102701659
279; 0.236243327897083; 0.165254473351145; 0.163031655116268; 0.0692842239911635; 0.0716025346516329; 0.0679560817735944
293; 0.226772956753386; 0.158402598708065; 0.174680920736278; 0.0685772348854856; 0.0740047106098915; 0.0685165965303428
263; 0.229477176201503; 0.158960972443387; 0.160463505242492; 0.0664429548272007; 0.0697697312545778; 0.066280885865297
300; 0.221191858215649; 0.164678452249539; 0.173546359688803; 0.0690073644118405; 0.072754001122564; 0.0711110823832523
254; 0.203096138220748; 0.150817572695553; 0.160869639374161; 0.0665248771121001; 0.0679356897042166; 0.0662589278678587
285; 0.209002941730808; 0.171834773776542; 0.153768854354411; 0.068358664409742; 0.0721900235738781; 0.0660405943122468
270; 0.222438996611917; 0.15922327851506; 0.178431677272515; 0.0683244879431078; 0.0730897120374185; 0.0722020205647849
286; 0.201722036801551; 0.152500029463104; 0.171911473483012; 0.06813595728944; 0.0708839010921888; 0.0662316742882025
287; 0.260898604533042; 0.156306916761277; 0.172653027920575; 0.0693308123793943; 0.0773800994853482; 0.0690091661655741
291; 0.236777664389975; 0.180625776860858; 0.182598253504894; 0.0670624113356519; 0.0773988485915104; 0.0737853763674282
302; 0.2193155083711; 0.167508468753501; 0.166958247465943; 0.0716581766444913; 0.0753745803037498; 0.0662679874104209
281; 0.279290002039066; 0.158993307728244; 0.181746687386233; 0.0666779497630606; 0.0709225395418818; 0.0641232251087288
292; 0.248188761128173; 0.169580757595001; 0.179981688589564; 0.0689971078283823; 0.0750271866619254; 0.0694596967254267
290; 0.244039156685969; 0.170023754680873; 0.168983087062581; 0.0723176178205443; 0.0771623111834876; 0.072056193482615
298; 0.246922396212509; 0.171965748978986; 0.158221499005461; 0.0689263478754433; 0.0749257210747984; 0.0688303177431706
250; 0.201440546561427; 0.179498691304465; 0.183478321291983; 0.0687089724366668; 0.0709370931422814; 0.067076351534388
283; 0.212282071036317; 0.177036767229823; 0.171673352328301; 0.0702068099972255; 0.0734403307021051; 0.0709206628813565
306; 0.287743583012962; 0.184062196744904; 0.175972990362851; 0.0725398301481455; 0.0732336511914786; 0.0719234535439491
289; 0.230887658449531; 0.157985875924636; 0.162440237047438; 0.0693844491079239; 0.074590840173402; 0.0672934664389713
296; 0.226529438151896; 0.170704783125371; 0.169761353109161; 0.0728042728761731; 0.0721309361564252; 0.0675745871974759
277; 0.222769517019285; 0.181650799479841; 0.172851384418528; 0.0677922849657944; 0.0734881475829172; 0.0683038709922885
230; 0.219500169333243; 0.183583516518818; 0.184935979949669; 0.0754656579398025; 0.0736572932940563; 0.0735071758851044
284; 0.236267674205552; 0.167202243102179; 0.168219637273369; 0.0688247816883321; 0.0712860592610875; 0.07076710185188
282; 0.19350225490565; 0.172478838017062; 0.179050812529113; 0.0725451588913192; 0.0758971740372773; 0.0717665257723788
242; 0.24890118409731; 0.177208028864331; 0.172497725481114; 0.0710200554711788; 0.0733108569454556; 0.071007683725824
247; 0.193063601161091; 0.174700892516952; 0.176940380338551; 0.0683951279229542; 0.0746926624317025; 0.0686941981173629
315; 0.207041019397185; 0.165082969946344; 0.172199258756224; 0.0709875794795814; 0.0715175859150017; 0.071738146617844
308; 0.227313541450978; 0.160730763588025; 0.176197488951266; 0.074307811970576; 0.0786250786817447; 0.0717170092505348
307; 0.231599673090983; 0.163796773195471; 0.176882572095941; 0.0700987813343844; 0.0727487854450928; 0.0727385581696845
233; 0.212594754902779; 0.15806098128706; 0.160684394221715; 0.0675149536157803; 0.0702195020130316; 0.0693420147060501
309; 0.247808751004095; 0.158952745213375; 0.17919880472095; 0.0697298100249046; 0.0760726229528761; 0.0675314498283925
278; 0.253548589146003; 0.168062681489125; 0.164602456201324; 0.0670526821498972; 0.0716791603957782; 0.0683548598083172
297; 0.213787466037914; 0.18365151667093; 0.157884343666775; 0.0705305883265323; 0.0728266093033599; 0.0676743947316114
301; 0.234833880465371; 0.154894869867658; 0.171304581147454; 0.0655783670472446; 0.0719508843231416; 0.0668602353116658
257; 0.17799501958725; 0.151283680397402; 0.162947530938802; 0.067161870597727; 0.0697673232888222; 0.0668296701599662
312; 0.253538026182527; 0.163525376622264; 0.170189939982603; 0.0677241364629527; 0.0751441353696005; 0.0703876071965364
280; 0.226762395903811; 0.157899353430937; 0.164838078429484; 0.0684680581852246; 0.0782818193348533; 0.0701995462661922
304; 0.229868867911487; 0.168289660867519; 0.173208369237618; 0.0665118627339731; 0.0723849060614002; 0.0691858564063614
268; 0.228875489528228; 0.15841173697612; 0.16601815517892; 0.0729648996056032; 0.0794012565390531; 0.0713705242285318
310; 0.221318318103685; 0.163037260493177; 0.159426708310338; 0.0721490588508683; 0.0764920067765352; 0.0656431984479105
323; 0.209660075530232; 0.157331061835663; 0.175617070688132; 0.0683566489947069; 0.0727402478863035; 0.0662037845450874
305; 0.253700966783236; 0.169083275915423; 0.170598312668014; 0.0712433343401095; 0.0718688656252685; 0.0677302870698138
288; 0.209928310514055; 0.150693043898832; 0.154894006426114; 0.0646305692143649; 0.0655435785422386; 0.0641855838024785
314; 0.248159688547215; 0.162771788602307; 0.17148024396648; 0.0723658979280486; 0.0710372773271662; 0.0718922289251734
316; 0.213419772726941; 0.147641495327209; 0.162284931801941; 0.0679506101549942; 0.0724541833083281; 0.0663583489777861
272; 0.220386268970142; 0.143749869529482; 0.166553434582515; 0.0654817064926751; 0.0678616019231746; 0.0623574376315417
331; 0.236234479632251; 0.171492198191742; 0.178126375172609; 0.0712643651618407; 0.0766885626446102; 0.0693674757399822
311; 0.226596857721863; 0.165517392667182; 0.172683078317282; 0.0684904546443136; 0.073424226667894; 0.0699669282874443
326; 0.223251241638564; 0.18467166965792; 0.193447242363032; 0.0673205383299717; 0.0746842010735175; 0.0719047166608384
313; 0.221993091648664; 0.171773351431407; 0.193199987580972; 0.0735077765110819; 0.0699893724221286; 0.0705768104393907
327; 0.21575051382281; 0.183500011739367; 0.169528903889866; 0.0712782927480601; 0.0725559744679834; 0.068624964031212
341; 0.268823646135678; 0.169934759644174; 0.161948268621152; 0.0680372094562155; 0.074548701179999; 0.0701036491481935
273; 0.326794885578369; 0.169260539575927; 0.165470492831171; 0.0669143269776511; 0.0651327032676409; 0.0700547494042373
259; 0.234544399494884; 0.153083729891724; 0.170124219575572; 0.0659398025832463; 0.0691299476173162; 0.0682142917961611
334; 0.213473977140678; 0.158732811506055; 0.162533428002708; 0.0679548555046979; 0.072655479444712; 0.0672073279050477
299; 0.231782037858947; 0.176758495100098; 0.180398476558818; 0.0689022403006278; 0.0692696068886097; 0.0695032265728365
317; 0.210667196516029; 0.152080872959905; 0.159159241759065; 0.0638704658745889; 0.0679157400087369; 0.0656315468479439
328; 0.26911913275911; 0.176425192418083; 0.171767852074666; 0.0689511617439462; 0.0755152331013967; 0.0689446775068475
319; 0.230012133318266; 0.174259770969767; 0.159876326827322; 0.069092099734094; 0.0699956597368421; 0.0697048504134162
330; 0.240187594916623; 0.147430113733627; 0.156513215841274; 0.0654782264590408; 0.068462695641826; 0.0646183954820244
336; 0.236888380982197; 0.163869631429473; 0.168162291093289; 0.0704976931503021; 0.0723404802559169; 0.069301421772537
295; 0.215097163416017; 0.154672845884129; 0.174287740402855; 0.0690464374227258; 0.0731575917928107; 0.0652375757449625
332; 0.242736645273471; 0.17638271637621; 0.175884149963153; 0.0720484570300021; 0.0742006348780473; 0.0719252025065918
325; 0.2156055780697; 0.15106576215026; 0.163608734868082; 0.066363195215476; 0.068423627746858; 0.0641709018385663
320; 0.227307957060364; 0.172116945965665; 0.177095354363978; 0.0713257653285406; 0.0726942764216466; 0.0684209168856226
255; 0.221999945129267; 0.16378487757495; 0.168123528612709; 0.0713586921577676; 0.0735051480216287; 0.0682579067715668
271; 0.192594997356793; 0.161363929943751; 0.159888326306863; 0.0682069035426464; 0.0700484553426291; 0.0681745942186687
357; 0.207879490482568; 0.159416780684282; 0.174251366754582; 0.0700511753335824; 0.0712556701200335; 0.0688596149714276
329; 0.210678138845831; 0.16972096537496; 0.180926273331477; 0.0708118434945764; 0.074265273362996; 0.0725193887513755
324; 0.246308914158611; 0.152055468171855; 0.175750673779261; 0.0703288437281376; 0.0716132191133932; 0.0676015685998999
303; 0.226229637230824; 0.162175509791609; 0.177560309363026; 0.0690468016245424; 0.0696076613000081; 0.0691116945966556
318; 0.230639190556095; 0.165696329306274; 0.174368188464756; 0.0689055813743481; 0.0723769118505987; 0.0697075476203214
366; 0.253571520219157; 0.152144402849189; 0.177764394088342; 0.0675281886568995; 0.072764173012777; 0.070258656845026
351; 0.199278671602838; 0.163931826394895; 0.16030547854583; 0.0662204356043324; 0.0713336717360904; 0.066146500859193
335; 0.223642987253959; 0.167989072460177; 0.178839091583512; 0.0707625331369116; 0.0771991445685001; 0.0660116713908309
322; 0.254008090703506; 0.162978298180535; 0.173350684854636; 0.0676324771177935; 0.0723824820613644; 0.0670543284587738
337; 0.248595120928541; 0.170112594603903; 0.184116956318008; 0.0745638540300209; 0.0774184881934866; 0.0739186479805741
339; 0.197002729716363; 0.158703550189817; 0.159592368570602; 0.0677684524156533; 0.0671215257831285; 0.067067015222685
343; 0.200141310960077; 0.145298435012752; 0.170066157124226; 0.0647573957824578; 0.0741614704161711; 0.0680547232034341
356; 0.241687280685394; 0.159830753016012; 0.173699231061128; 0.0693166038733177; 0.0743398024776416; 0.0705305496905194
352; 0.205523010269509; 0.152685800206955; 0.166872453606241; 0.064973685614482; 0.0719405074172831; 0.0671181848756481
347; 0.217823652053879; 0.166918394177736; 0.165372697518491; 0.072026071119189; 0.0708582994557798; 0.0673752671546052
350; 0.237660972615016; 0.162042824806893; 0.181930363422237; 0.077379499237258; 0.0792104385199695; 0.0741510451627013
344; 0.277538517490228; 0.175894401997408; 0.175870033874452; 0.0723180215686014; 0.0742181731966559; 0.0682501938306457
349; 0.235915491915156; 0.165407589756149; 0.17303932159311; 0.0739873102180989; 0.0720950468914372; 0.072191974765421
348; 0.247846181214779; 0.16428268322973; 0.183234686740901; 0.0682272181956369; 0.0753445780478415; 0.0713335500308045
346; 0.215370279133329; 0.170094714636595; 0.182209904495275; 0.0721571813416618; 0.0764548597880975; 0.0704715264097324
338; 0.217508524955621; 0.182437010496622; 0.192819054731092; 0.0697858584667534; 0.0682879117968261; 0.0691109305372975
360; 0.247295919046917; 0.151385819397245; 0.173641408746223; 0.0704433777239322; 0.0713191533533608; 0.0716972192850145
369; 0.212390813513465; 0.179258428800611; 0.179812185222437; 0.0761065227364045; 0.0803431667785026; 0.0742472449216711
367; 0.202691712586949; 0.152634526498757; 0.163866641454919; 0.068988373917558; 0.07160828523675; 0.0693423213777564
342; 0.212817634447271; 0.165771231207827; 0.154676736737711; 0.0666381582557385; 0.0686139866082137; 0.0665409006582701
345; 0.235646826863825; 0.163611880362765; 0.16098325096712; 0.0711548594817529; 0.0739131480119657; 0.0692002434961577
355; 0.229259759233934; 0.168693765796777; 0.181957529603626; 0.0713595982110319; 0.0753509753744856; 0.0700461890341662
379; 0.22649574550437; 0.162892516173343; 0.167621380552167; 0.070151084530646; 0.0741643847535605; 0.0653883643379561
364; 0.212220423846796; 0.148627617772725; 0.185563585902522; 0.0716288185231521; 0.0776893791200564; 0.0692577130899217
354; 0.226448128508814; 0.149044127281746; 0.15922459032711; 0.0667531259963477; 0.0667403444826158; 0.0664740792081262
368; 0.213775505275796; 0.156051849021935; 0.172703406152569; 0.0679012025236745; 0.0749053771314332; 0.0700276174520578
353; 0.269571825259385; 0.175149717622502; 0.177949762019426; 0.0716876939029252; 0.0765645661503565; 0.0694226939908296
372; 0.24708829546979; 0.153219491747344; 0.160797130671705; 0.0679402867404708; 0.0773885582448268; 0.0688349125297604
370; 0.229601449573271; 0.161024974439752; 0.176129052162426; 0.0678805792153341; 0.0699607565388789; 0.067582257715814
377; 0.229726174640058; 0.150007297730623; 0.177637943277759; 0.0679818823938715; 0.0722315129525519; 0.0677882830070147
333; 0.248434769114809; 0.161319818680579; 0.162182030669772; 0.0702069324364123; 0.0774905118241359; 0.0721622259745891
391; 0.216983278799469; 0.159276859812394; 0.167022645583694; 0.0710865926938762; 0.0689185761373363; 0.0649458627595417
375; 0.2612475783523; 0.169751060323774; 0.161528779034961; 0.06891356622957; 0.0673266192437145; 0.0673122150619207
380; 0.209691800283629; 0.158721187036137; 0.175022171216391; 0.0675430039640387; 0.0742542095107659; 0.066044459202117
373; 0.236408387685598; 0.173300210612613; 0.169251287790296; 0.0690580083891497; 0.0752400256064606; 0.0703669647798249
374; 0.216115090185956; 0.15573732121306; 0.167443628203933; 0.0621580938173926; 0.0697188010995975; 0.0657129232074318
397; 0.201666712709034; 0.166972011227401; 0.17890316873498; 0.0728518992504023; 0.0762956874363819; 0.0695202955318149
376; 0.24231596245917; 0.164470909649539; 0.165604638304578; 0.0708176850964; 0.0721593347227063; 0.0733836592427992
362; 0.241608483405022; 0.150540534007698; 0.178035703918483; 0.0683130958199304; 0.0734474538369023; 0.0641272729338821
363; 0.220867356092966; 0.157459249759351; 0.173204723845368; 0.068266785457592; 0.0693935240640667; 0.0674582680679851
385; 0.23639574613849; 0.170726189111382; 0.17182253482825; 0.0691806883087992; 0.0754583627375972; 0.0667813694132572
403; 0.21229479416047; 0.164464708507993; 0.180097065747724; 0.068729246509251; 0.0765026222166995; 0.0680552043741851
390; 0.270001919627965; 0.159329407213605; 0.178301238695315; 0.0721575744933941; 0.0711061422235383; 0.071436604295655
340; 0.221862834720656; 0.163373002187447; 0.175072930331025; 0.0720186974081263; 0.0741825021974922; 0.0689710746075501
389; 0.23132963437351; 0.160496319630191; 0.182102796833622; 0.0620127365811082; 0.0710074718914507; 0.0673593699310487
393; 0.229872376787686; 0.155599420351272; 0.184709515672256; 0.0692407880658167; 0.0685175864960376; 0.0663103551283213
378; 0.226234720100815; 0.154705270766353; 0.167652379361294; 0.0706456614659817; 0.0746084654548068; 0.0694782096412983
388; 0.236514491935054; 0.156550227758644; 0.169272329872332; 0.0715802039950217; 0.0768621924613399; 0.0720997003772999
321; 0.196395457349383; 0.171452217870725; 0.188549282880028; 0.0716631070650378; 0.0793317972239412; 0.0667804545292871
395; 0.217603046397389; 0.156158531700024; 0.160382364094697; 0.066584386578275; 0.0713719059551286; 0.0634849574383082
402; 0.236186721293686; 0.160842022643753; 0.174074305366374; 0.0680393999335365; 0.0707676620808519; 0.066566765526246
404; 0.227784390857796; 0.182688831351026; 0.178512535799167; 0.075523120529447; 0.0764761090962882; 0.0647093884333564
371; 0.235776482859238; 0.169712748203925; 0.165942498074298; 0.069950397186734; 0.0732777440926052; 0.0682198672234396
384; 0.222750959897874; 0.170933540484859; 0.187571828922383; 0.0711466325030539; 0.0700935795488883; 0.0730419296428726
382; 0.203558306666127; 0.174103037090652; 0.174622102012401; 0.0695324883102313; 0.0738882511458298; 0.0702769228498034
420; 0.204249590554389; 0.163750871019436; 0.195047367105305; 0.0734053257761248; 0.0713804780370591; 0.0683016873294016
409; 0.269923407949997; 0.171384385055523; 0.181655101822235; 0.0730515440817575; 0.0751067412977137; 0.0744766216882491
418; 0.260461359164171; 0.15345470119021; 0.172063203808748; 0.0673471971531164; 0.0746281505051916; 0.0670949136271223
406; 0.240450873076246; 0.170197192994027; 0.171574323698762; 0.0654068169345332; 0.0700742235909855; 0.0677162439449663
411; 0.222747971477641; 0.167452055315036; 0.173926862083412; 0.0707081517359199; 0.0727601829044358; 0.0700140164023552
383; 0.216604572931928; 0.152145473128134; 0.156995924113895; 0.0671024034468826; 0.0706083241076411; 0.0656789126323336
361; 0.214820556379084; 0.170801916615529; 0.180530703578283; 0.0672944068607345; 0.0728403170967076; 0.0704340611579628
398; 0.209777376589449; 0.158646206750488; 0.159748737717491; 0.0683237902545958; 0.0698624410127823; 0.0687573077690827
413; 0.361188170505057; 0.162268492416726; 0.170716498130062; 0.0734954586869326; 0.0759305234461843; 0.0707181921811252
358; 0.24081936794245; 0.158062738762106; 0.203173521825428; 0.0664437389697594; 0.0709893531919781; 0.0690556714804693
359; 0.230560137751784; 0.152112894950916; 0.181775727024774; 0.0695771760942415; 0.068830476259606; 0.0684306549157723
392; 0.211409903332763; 0.159482190035761; 0.159784099195861; 0.0705277776241529; 0.0727860861643614; 0.0693708384728983
412; 0.231847920589017; 0.168742940257384; 0.176722140179317; 0.0676722791439932; 0.0705386882595237; 0.0707630176040511
396; 0.224490023354433; 0.15394347878526; 0.137125110933106; 0.0638056361358229; 0.0668839204576784; 0.0634493119711226
421; 0.218195494039491; 0.168026038246399; 0.168274226423073; 0.0752023791765929; 0.075464162055857; 0.069838532478784
422; 0.204152827306158; 0.169625248664516; 0.176702434595548; 0.0700425643454104; 0.0743488624234155; 0.0664318504892039
410; 0.208181053816429; 0.155985664440967; 0.156882000748974; 0.0700192453263081; 0.0718221577046884; 0.064451790991613
428; 0.226358183180388; 0.167730925663316; 0.180760464516477; 0.0710309169303688; 0.0734110154814859; 0.0726431420824384
425; 0.229375174903895; 0.153792554975759; 0.18977667664678; 0.0687851555486232; 0.0673741451448698; 0.0662564080786791
417; 0.207148060322247; 0.170430858128769; 0.180295475651632; 0.0687070133146877; 0.0723743159522475; 0.0688333000266796
427; 0.235603688620669; 0.1697152418674; 0.16867453298207; 0.0675177224496745; 0.0720568777869261; 0.0688602663650271
407; 0.218950954802289; 0.163445647869249; 0.164533477444362; 0.0685443687454482; 0.0688970502390266; 0.0673568090170775
438; 0.201761971757176; 0.163518148202597; 0.161326378095618; 0.0671401041729297; 0.0713761423076505; 0.070633274364301
400; 0.200511976671138; 0.180791143213508; 0.171268446424158; 0.0706438438832043; 0.0776480401475022; 0.0667735606161993
426; 0.227932011761283; 0.176929793292872; 0.177019002114059; 0.0703686167549248; 0.0817675499080347; 0.0714716874601145
405; 0.255957809987371; 0.17167768900848; 0.17591563677526; 0.0700276844702687; 0.0758689299344364; 0.0709299122260694
419; 0.261615295382841; 0.17604605817032; 0.179406404459537; 0.0687280150195537; 0.080101162716314; 0.072881140860979
434; 0.254454811200849; 0.175091840742289; 0.207916651981419; 0.0663947990689107; 0.0768012558114635; 0.0696967045539996
394; 0.218980557498148; 0.175262522326213; 0.186998545396279; 0.0706603909507666; 0.0740722717509884; 0.0703868679320968
431; 0.218040474045812; 0.167107028669128; 0.195785220171843; 0.0718253144928393; 0.0719124209067273; 0.0702081383107584
381; 0.225849858475939; 0.159551831353739; 0.171652615079465; 0.0677320461422263; 0.0674790130014587; 0.0661575933966474
423; 0.23480240749633; 0.158213791300452; 0.16429026641864; 0.064517214493898; 0.0669854387096531; 0.0652931056778145
443; 0.234242556464342; 0.160418385326325; 0.184150231580845; 0.0669605512290558; 0.0719152984406982; 0.0682061088044743
442; 0.214378752589942; 0.166442662443881; 0.187837615272266; 0.0667646465602331; 0.0753957339203583; 0.0674489034857828
444; 0.205593862759355; 0.151991562073317; 0.156432419240595; 0.06404515833622; 0.066198192122549; 0.0612611709859647
365; 0.253453349684156; 0.158618005587187; 0.200134421323615; 0.0660338900355971; 0.0730854392913932; 0.0645304473725651
432; 0.213083937529767; 0.17081412208039; 0.195167550442952; 0.0722249896028226; 0.0716552546617963; 0.0697339941464852
436; 0.247500981430896; 0.160396231463403; 0.17908864640202; 0.0700828922680241; 0.0705198244938889; 0.0680374184299804
439; 0.226270624557331; 0.164586930382671; 0.173148884757467; 0.0738748787272403; 0.0768992089114229; 0.0711539578208135
445; 0.237074718550502; 0.162963626209431; 0.189171000281208; 0.0713775882888293; 0.0744670409354637; 0.070238383914637
437; 0.241654287487146; 0.163147085915; 0.188369766202227; 0.0661121529638075; 0.0692113990976277; 0.067682764032435
459; 0.227278580202248; 0.163586588055426; 0.171144298602947; 0.0713905165410849; 0.0785392178619742; 0.0722966979291639
440; 0.21090556435224; 0.158985032404639; 0.195712913550094; 0.0680476572755931; 0.0710774275843904; 0.0689126535791593
387; 0.218445706401654; 0.15892254199056; 0.170330669787748; 0.071941018936995; 0.0729472823028785; 0.0669438160639446
454; 0.213564830189816; 0.173131062188446; 0.18359720080005; 0.0727682926699276; 0.0759446560366605; 0.0730553830647321
399; 0.268108387093968; 0.17730279698397; 0.175481050436485; 0.0663104185125339; 0.0705326867590922; 0.0652817733809403
452; 0.216700086746211; 0.18979633410648; 0.207429012788024; 0.0721566776988989; 0.0769936664916; 0.073198011025166
468; 0.278344317732713; 0.163912547274978; 0.182796882317282; 0.0675602294645237; 0.0762863539135751; 0.0674289858580587
408; 0.227965369650996; 0.156398799655623; 0.155144268899878; 0.0678736714443433; 0.074572415149922; 0.0693286248282919
453; 0.210100997441578; 0.155688781318152; 0.163191146658366; 0.0664545466807823; 0.0715434935660179; 0.0678011293451305
474; 0.241054468645089; 0.166444456121774; 0.169024397149671; 0.0709586048391864; 0.0725665249844292; 0.0697640266988734
401; 0.241092617883593; 0.157529594952746; 0.166847771852552; 0.0673744170042105; 0.0743029448143525; 0.0655854179883805
448; 0.207036195899507; 0.157851638654842; 0.169279592431626; 0.0710536850381198; 0.0728912897349902; 0.0657846882935462
467; 0.209457750420179; 0.170689883942604; 0.189774189847756; 0.0727947629124403; 0.0762654360552623; 0.0695211297152868
476; 0.245618858076849; 0.163299396053289; 0.174767148209592; 0.0684130846991402; 0.0692095820953434; 0.0666293019696272
480; 0.342301014455001; 0.175585645615732; 0.174249478692153; 0.0735806846837484; 0.0769060992416881; 0.0753174413990378
441; 0.225767324411599; 0.167993551467198; 0.165637839410247; 0.0677910683319213; 0.069804682006263; 0.0676479152634478
450; 0.220712708559782; 0.159479914302227; 0.164343532501246; 0.0699148235446795; 0.0758623693359722; 0.0666039626645229
457; 0.226851596207353; 0.167802445098769; 0.18725156117991; 0.0691076998463976; 0.070780053664326; 0.066525148570527
458; 0.210508757289122; 0.160723179584864; 0.164577842962482; 0.0704245617619197; 0.0716380756766978; 0.0693744042910397
463; 0.206172116178785; 0.156471499568245; 0.159654345798967; 0.0683690300781494; 0.0736128885745752; 0.0659827407560101
416; 0.227461437538896; 0.154363113416076; 0.172194000269695; 0.0686692453581915; 0.0758234332341209; 0.0686703799873405
470; 0.252684292813892; 0.154044295692627; 0.164509902026937; 0.0704305056005157; 0.0705546146836502; 0.0655491600844504
455; 0.210694819049791; 0.161568027668353; 0.196165268524507; 0.0703604321197642; 0.0739137686520366; 0.0709350115325666
466; 0.232831447902376; 0.187724560852586; 0.185334836464066; 0.0746209285411187; 0.0739418612858015; 0.0728362586494794
456; 0.226033495578927; 0.156715884070855; 0.175098662200119; 0.0695964306159034; 0.0712509359306569; 0.0683432644673118
461; 0.241979765979745; 0.186044777176297; 0.186125674269121; 0.0689385450586622; 0.0739312740675521; 0.0681153792731178
449; 0.201122468911841; 0.168454655454509; 0.165893859258015; 0.0662558859506972; 0.0724663709386337; 0.0683020654529453
460; 0.240567041440043; 0.157314951334897; 0.171369044653045; 0.0687188816961219; 0.0690264947865993; 0.0664745369624401
451; 0.225529980925075; 0.162095267575045; 0.171863568773003; 0.0684722639783066; 0.0731491181166448; 0.0666818663648945
464; 0.219970245753454; 0.166944171237197; 0.177128550105627; 0.0722462493447719; 0.0768486595131563; 0.0713901332746846
433; 0.237136973499253; 0.172422257327012; 0.176266413568199; 0.0684008985117209; 0.0752201186795256; 0.0721033593786592
414; 0.198420887370265; 0.1544719336919; 0.159009285811884; 0.0688167442589932; 0.0736083768458605; 0.069575439023321
469; 0.221379845984571; 0.163171019054178; 0.174844296678613; 0.068120416910088; 0.0741469165711537; 0.0701337163475763
430; 0.253902524022356; 0.163674700163515; 0.166747213913466; 0.0683011414938244; 0.0749023074408108; 0.0686480989393323
487; 0.227943604295179; 0.183994194437691; 0.178633752600955; 0.0738976322112425; 0.0833489095852793; 0.073563325039543
483; 0.222168886963703; 0.147338738003596; 0.15925270146259; 0.0675848654750972; 0.0725190673402068; 0.0692112419400857
477; 0.286556069580059; 0.161074002918535; 0.161598837626695; 0.0725536763777804; 0.0726424311669773; 0.0705905062278332
386; 0.254248037855757; 0.172405968134013; 0.16268165336836; 0.0681549155185663; 0.0733695121102209; 0.0687283191045326
462; 0.277225412998; 0.167189708831122; 0.183675748513361; 0.0692173527088666; 0.0710943012479551; 0.0656553062591318
447; 0.240694767897478; 0.159754408968488; 0.158890019272354; 0.0669233568605298; 0.0709735155837699; 0.0681329904645633
475; 0.245921791180144; 0.156201786767731; 0.167357333840666; 0.0645601974983673; 0.0682181604849692; 0.0642636177951389
472; 0.246404755199537; 0.147590825826257; 0.154043683694582; 0.0680420317466129; 0.074728665804725; 0.0656022603912038
471; 0.246885092339129; 0.166735016780234; 0.17968532114166; 0.0709517606086955; 0.0715632846834824; 0.0696928609294126
424; 0.213996052747514; 0.158056663037373; 0.163805805128606; 0.0686057530067866; 0.0730860244489625; 0.0664616537020991
415; 0.22279189983359; 0.17039029270748; 0.204257317056659; 0.0736380051111677; 0.0745346632550705; 0.0712855444499359
496; 0.225595940460005; 0.15799354230919; 0.179089143406019; 0.067143442255458; 0.0692091831023254; 0.0679889387187338
479; 0.259656851669515; 0.157171309050721; 0.161103552723787; 0.0686830295464657; 0.0657932614012243; 0.0640495363138488
465; 0.254183417902896; 0.167607028827721; 0.177506797432057; 0.0710018620442531; 0.0752144309070549; 0.0668248381912996
435; 0.217551788464122; 0.172802721944203; 0.177737873444245; 0.0689090517916938; 0.070719578081953; 0.0698695531005447
484; 0.235860381114121; 0.158871551584899; 0.16157953453667; 0.0684712601033328; 0.0721119739377914; 0.0693469050151255
485; 0.287534695319431; 0.164839130730745; 0.176706182086913; 0.0677444214002941; 0.0718708902867558; 0.0699992030383696
491; 0.198215890369205; 0.158387875599897; 0.167597214388439; 0.0673769805935094; 0.0712755406010105; 0.0673766011106248
488; 0.25414456201221; 0.173094692694435; 0.177640579228602; 0.0719220743194049; 0.0759000081338308; 0.0721316545504051
486; 0.227493146688212; 0.171796754712091; 0.18798865352316; 0.0701599353241073; 0.0744282937628924; 0.0699321449016682
473; 0.226572464807213; 0.158226310176779; 0.17250120513865; 0.0680166694258686; 0.0743715103700757; 0.0702415254912764
481; 0.262051708647449; 0.169277797889289; 0.185684416515335; 0.0703701987293648; 0.0768636794890002; 0.0729935600989883
429; 0.225711943679622; 0.152091515656281; 0.174672917851207; 0.0666155083865495; 0.0663315345144391; 0.0644559537373558
493; 0.2773579455152; 0.170941247120841; 0.170860740901854; 0.067229681330484; 0.0752734003676012; 0.0663070089191938
499; 0.222290081032699; 0.154902127320487; 0.191617927641618; 0.0665537116974989; 0.0731529858594175; 0.0677538062744139
497; 0.223367909549096; 0.164630612417835; 0.169135705692288; 0.0661666115967735; 0.0721461230014935; 0.0676550666485693
495; 0.218682132632876; 0.155416802151485; 0.171110496186588; 0.0711885978975712; 0.0716159645638917; 0.07454876155733
478; 0.205607167191022; 0.16979516026762; 0.17607157924067; 0.0682539319579859; 0.0716264427057398; 0.070481362388998
446; 0.193888668973296; 0.151280159431917; 0.183462435878128; 0.0677822426053201; 0.0698680626608658; 0.0691843893501757
490; 0.260682492313067; 0.16754757481211; 0.171662684784391; 0.0698393368215167; 0.0693874111305894; 0.0682266264766286
489; 0.235267323386006; 0.162988351044794; 0.171717591774985; 0.0650640377561055; 0.0687050614881771; 0.0659348789346468
498; 0.236886834025529; 0.163711545806515; 0.182051504461078; 0.0729787253009852; 0.0756460617822071; 0.0713464534356714
482; 0.210662837749956; 0.166083121892044; 0.159544601384763; 0.0707277370023235; 0.0738980737142331; 0.0687208594151433
492; 0.206439138520853; 0.154126310070736; 0.163665029007491; 0.0666950608323569; 0.0711165443436706; 0.0656366953558416
494; 0.253251314676761; 0.163004301040605; 0.171325480800831; 0.0716909542314352; 0.0720643490318878; 0.0704523595252373
