26; -0.892431180927488; 0.377878878231915; 0.130982112711864; -0.361115081383934; 1.04379697117309; 0.00138906657039386
9; -0.900440605712942; 0.121532266626072; -0.0786228285811598; -0.324606864874191; 0.998720754591119; 0.0174692029532077
35; -0.982766286662945; 0.372364083027883; -0.135726970826297; -0.271691047614504; 1.08287428907937; -0.0594245670020474
40; -1.05238680365428; 0.175000284932372; -0.165898271014583; -0.325890666651299; 0.983996549485958; 0.0330470766639942
25; -0.732909504158776; 0.404827884333849; -0.25216899241793; -0.463978691421783; 1.04856010340076; -0.157171559976501
20; -0.824869540728595; 0.17655395807791; -0.126759269966805; -0.332393222971704; 1.11771355402872; 0.0376985556694961
3; -0.868020765557023; 0.362831633514061; -0.145220180895345; -0.356032585817386; 1.07728903864045; -0.0388365340631985
39; -0.994173491417591; 0.0992721820512122; 0.0142242998220571; -0.414844103309669; 1.11444622730595; -0.0135019243800646
13; -0.908861945213595; -0.0657116870041995; 0.331280230422575; -0.47769945920316; 1.16198751908759; 0.0497798016432387
38; -0.77667559142322; 0.325237985055551; -0.152965496722771; -0.354201145966644; 1.19973417619407; -0.0567013031118312
29; -0.73261452531509; 0.150115597532414; 0.0908280847123653; -0.324572054559378; 1.15643261365887; 0.0155425069954369
21; -0.7550815356563; 0.00854908126998006; 0.0704609936398331; -0.366449677545395; 1.03274654247258; 0.0770447700252754
0; -0.935477401644112; 0.183405126273396; 0.183053747407133; -0.420384247189313; 1.10700173655618; 0.00155203738602151
49; -0.964293760288001; 0.349080359651186; 0.0502448898018646; -0.44146044859624; 1.16377887278438; 0.0706841280633826
33; -0.927847533529173; 0.204659500123602; 0.173621379569028; -0.435110772546974; 1.04144273749402; 0.0081934362123673
6; -0.718839908428491; 0.370281070366411; -0.0696383756505089; -0.389634395324509; 1.08200533756801; 0.000637296879705413
24; -0.791514778407648; 0.265333876703401; 0.0123457541539222; -0.410559682927672; 1.04926296098695; 0.0897161574359804
37; -1.45763045878466; 0.148428956517786; -0.0272349902554986; -0.470095545790484; 1.01621477007696; 0.157069823506452
19; -1.09919772508688; 0.065143607585808; -0.061082679148575; -0.360221129035389; 1.21203334923477; 0.0251992174373957
7; -1.48819068034432; 0.209685648352549; 0.171841745412871; -0.306203882970372; 1.05257085007226; 0.0122020900072726
43; -0.699701369899279; 0.206727439136911; 0.151746690882434; -0.413880354677392; 1.012477387611; -0.106625059994827
41; -0.924962697876759; 0.359952801807139; 0.227015978713684; -0.37079988199316; 0.954582969902696; 0.0903759783882728
28; -0.765080896285354; 0.291656965841882; 0.143247434590769; -0.384585863956666; 1.06040648676302; -0.074869739335833
15; -1.50803489603894; 0.113693322018595; 0.161399780367314; -0.436327639223536; 1.02804095933321; -0.0603895170940806
36; -0.966912119835278; 0.243923839662822; -0.108834736147302; -0.351723723181966; 1.02200682691009; 0.031115034805273
10; -0.88810497376694; 0.138058296209904; -0.442862262192843; -0.410160245650119; 1.04351329751577; -0.0402812715072337
18; -1.01655913487361; 0.134921084132164; -0.571946170971255; -0.39041824059955; 1.0658819084702; 0.030637055496115
47; -0.847431389432371; 0.202319504266111; 0.14029827837525; -0.328195559929831; 0.997193990214091; -0.0932283064471287
46; -1.38543439906416; 0.162750572150966; 0.313408357200979; -0.465022217945135; 1.07614888742749; -0.0870982802253936
8; -0.806680964891478; -0.094647383707997; -0.0631011506597414; -0.344995041519138; 1.2341617036639; -0.0562343757824389
23; -0.627862143352989; 0.150288105365322; -0.0692003755983781; -0.393602609958528; 1.24220244492208; 0.11902114378931
34; -0.725288056803636; 0.399146921399287; -0.0566444387796999; -0.3962034196605; 1.0968515141063; -0.0662226568582388
2; -1.30511224874518; 0.39323407247172; -0.118113918103978; -0.37409747328315; 1.00909988528005; -0.0211980060000452
4; -0.842923221403006; 0.0774713249262359; 0.0918797637279075; -0.405283586309827; 1.15678486086023; -0.0704135119781286
48; -1.19592110278144; 0.163722261074451; 0.179495443452428; -0.390491412091183; 1.15573737302562; -0.063659990547691
30; -0.804111395373348; 0.0225132147558353; -0.293247185177365; -0.267712008993772; 1.24981407637828; 0.11107021842538
5; -1.2485357851469; 0.327600539743229; 0.0917550543755773; -0.511618173903418; 1.1474432578579; -0.0787039458498935
14; -0.847892374871292; 0.113302905408712; 0.204709997255387; -0.375937548309039; 1.01845898660563; -0.0942263237452602
22; -0.934872814665912; 0.047238976885171; -0.0828576773961094; -0.322889179696942; 0.999281844417628; 0.086036062368147
42; -1.05295727580962; 0.179201565850424; -0.250600411441542; -0.386778291726721; 1.06375846454389; -0.0636519960609596
45; -0.755764437780863; 0.470793943166963; 0.149867350409745; -0.388382557880859; 1.08185263604351; 0.0323259573546136
11; -1.00751478190858; 0.0410970909038399; 0.162844835277614; -0.287358214522519; 0.961851939845259; -0.025714607426581
27; -1.31396238436478; 0.204574108287241; -0.0282672819700413; -0.248868591544457; 1.1546731342869; 0.0321398592946342
17; -0.801542500964121; 0.386991040473892; -0.200390912947237; -0.415084731842826; 1.01106953898744; 0.0685479715989222
1; -0.780023843700152; 0.231717461076119; -0.122984320315622; -0.466199985893289; 1.10520867407492; -0.00223384600052662
32; -0.643962941283153; 0.0112319004113973; -0.0158531818519328; -0.371415472000425; 1.06720622557483; -0.121570853067995
12; -0.867073609057301; 0.324948963236162; -0.106768807959293; -0.414688072993386; 0.973558841884022; 0.188966962719623
16; -1.0659433432718; 0.419559421236465; -0.00784268741294408; -0.439518489011685; 1.18059447035163; -0.0163489076853181
44; -0.641361411692901; 0.440345951858056; 0.213924584606591; -0.407057057575624; 1.18704114663857; 0.0419156990673906
31; -0.738398441473572; 0.326116213634724; -0.20692379152892; -0.505956812237603; 1.05674205513877; -0.147950975976588
50; -0.678860359822412; 0.373717687312932; -0.0435578189625776; -0.508780950390643; 1.05069496223077; 0.00534829057247484
88; -1.31234781454378; 0.182261517480082; -0.182970681700809; -0.352032598678995; 1.11772197287265; 0.115053794461255
51; -0.784411746477976; 0.304930111854123; -0.190768492335522; -0.352670878347465; 0.995233599434352; -0.00375833291655299
54; -0.900160496793474; 0.0280743864164034; -0.026313243571953; -0.39398648943512; 1.05572200841672; -0.0615719330210444
52; -0.763837574765624; 0.29260658728119; -0.0723883246001929; -0.302279673061276; 1.11442086911407; 0.0103238108219097
59; -1.09259273736682; 0.112977034200515; 0.00538258423237621; -0.441845340227318; 1.18427385591037; -0.0144939067208176
95; -0.661512235337727; 0.0696603852285054; 0.284868017560816; -0.43769171682356; 1.20024311719109; 0.0208935181280776
96; -0.987730878319456; 0.16210768246938; -0.108372921732454; -0.461977995369741; 1.08064857639774; 0.0181186530880214
100; -0.742350370898414; 0.13511677071721; 0.319629628845528; -0.361998880528275; 1.00629659105143; 0.00645313074726361
56; -1.11678619266735; -0.0842333239163292; -0.154275675559342; -0.371502231695028; 1.08359352228925; 0.0299978608694474
97; -1.30180502433689; 0.189965846899183; -0.045105482457558; -0.441035838824128; 0.999612634222204; 0.0545336940620473
94; -0.491559729211665; 0.14641839653783; 0.110555970766208; -0.335080037159898; 1.10040479129965; -0.0828183819492238
63; -0.895017660969527; 0.401608035829399; 0.199623071197903; -0.480929579546596; 1.23802177677022; -0.00689949953763705
98; -0.917375242051952; -0.0119936268458624; -0.0301389673984603; -0.458152505211062; 1.11301729520688; -0.00869993481899081
58; -0.703645989660959; 0.111378413170453; 0.057375232481158; -0.56709659309739; 1.06171988251122; -0.0933835504361962
57; -0.955973308544918; 0.0880636051828646; -0.0794113585096315; -0.396518983073929; 1.12541075868704; -0.00198679545708974
65; -0.782896658997349; 0.377630835202482; 0.0680917398809909; -0.335494455838138; 1.18195146838002; -0.0686372873256011
60; -1.11678001620974; 0.141846958827327; 0.175494658297354; -0.445746616848148; 1.13801744952537; 0.0792889910695654
62; -0.742211577341101; 0.142546815118208; -0.0845679075844363; -0.392935870224191; 1.08645410311014; 0.0841781197163809
64; -0.765228417052638; 0.381938605228175; -0.0724593133434548; -0.420695838275157; 1.15502327614258; 0.0662430193898248
61; -0.761586888233188; -0.0663317608254944; 0.181634640998333; -0.490093693873102; 1.16969306756148; -0.00879893768544912
91; -0.948978353537471; 0.491942522766736; -0.0217505256838611; -0.361653465484813; 1.0343034684046; -0.0342351209863225
89; -1.11709139742422; 0.232945099455338; -0.115028703499489; -0.38696800178539; 1.18310797064331; -0.0377910238316164
92; -0.68588037987199; 0.35554645178646; 0.115115416093119; -0.34814092883143; 0.990525560162275; 0.00902834449706786
76; -0.778182997087531; 0.17455509302203; 0.133918671732526; -0.400770059433923; 1.06309540747507; 0.0630618474810785
71; -1.20965751727409; 0.325504994524279; 0.0357517513989247; -0.462805487501517; 1.01964554692074; 0.0534499450599115
93; -0.865996924884449; 0.262737603236665; 0.249923557874314; -0.35411208856534; 1.11104687433152; 0.0185536575103955
90; -0.766644724329606; -0.145236669635086; 0.138527664227063; -0.32611754093419; 0.965337956561778; 0.0777103079777425
77; -0.872101863149881; 0.16373633568463; 0.035600375245468; -0.28768180361292; 1.08493761165313; 0.0443980897005146
86; -1.10734751248079; 0.396623218502113; -0.225280119463307; -0.336108946668555; 1.14593039697025; 0.00686000101810288
82; -1.24289349898805; 0.256475920105717; 0.235482245201028; -0.387443718885525; 1.19875247185811; 0.0429341703909822
69; -0.826253670366855; 0.259452591701415; -0.298554998944684; -0.342146813433902; 1.04908786166259; 0.14821804141542
53; -0.841616332125722; -0.0785018754237399; -0.179675976665816; -0.309751131067949; 1.14578850247921; -0.0616235130310499
84; -1.06793241715821; 0.20974899490558; -0.0577107077088139; -0.391431761943652; 1.13577792017523; 0.0076792205223716
70; -0.986204461047028; 0.342593983243359; -0.443095969576101; -0.440952127168203; 0.986558903891552; -0.0318505896782627
81; -0.580429323303153; 0.433899986016965; -0.122792610305642; -0.421519202532507; 1.17861543032324; -0.00257916665799489
74; -0.855951015167131; 0.301172015329525; 0.0382522907357562; -0.45225509055607; 1.12853492228125; -0.0278026350535716
79; -0.769282117518352; 0.141440646843666; -0.0453543050013293; -0.499798225006978; 1.09756570280148; 0.156369057477703
78; -0.762322704406282; -0.178144265237033; 0.282055911533539; -0.239997230226074; 1.02085828841853; -0.0893665089598608
73; -0.870195643211043; -0.101078743284624; 0.163998862166713; -0.428805126971819; 1.13007403595791; -0.0542009600763531
87; -1.02580050754722; 0.248142916990176; 0.0748051588788217; -0.402014685763453; 1.28249327874145; 0.0674752044395826
80; -0.639333446616315; 0.231175814695595; 0.109525117488093; -0.398522113140233; 1.09187041570649; -0.0354207904645819
99; -0.858933847018953; 0.0116752224050469; -0.0162784759954133; -0.446383271420754; 1.0210049088654; 0.0142154269839678
72; -1.14653717007924; 0.0196989587705729; -0.166074651773931; -0.38700765286743; 1.09256466183194; -0.0635961072837243
75; -0.861318631696058; -0.0199595052683154; -0.211034210909497; -0.343159278199059; 1.27478893626759; 0.0456475447559102
66; -1.08197140322839; 0.154917843571817; -0.212030678538229; -0.427154663779715; 1.15214083181458; 0.0305653123912747
55; -1.30688231977081; 0.394812967501079; -0.0375729690946301; -0.561954235100984; 1.11343776707496; 0.0272179105204292
67; -1.04460637320074; 0.019200925654918; 0.178861558803675; -0.325736232918489; 1.04632220059436; -0.0213977690445287
68; -0.722860050198164; 0.0889387309650886; -0.0507307146826324; -0.446440689804579; 1.236999688361; -0.00607054966804935
85; -0.68263626472325; 0.196883897675875; -0.167582822299382; -0.350055704825663; 1.14114937715006; -0.099189231223223
102; -1.24280376989539; 0.265348596590327; -0.159754341633345; -0.224822376181967; 1.12897217790936; 0.0346744235593513
101; -0.575899923778771; 0.153089425684413; 0.378480858278234; -0.329254415017472; 1.05440031248966; 0.0859719409743715
83; -0.846911439247064; 0.181177392779859; -0.177080113206241; -0.357037784506691; 1.05680151394416; 0.0407901772136646
109; -0.980743394078788; 0.243884988454784; 0.104608714212746; -0.372153389708045; 1.13166536298167; -0.03981665265097
105; -0.54878367510305; 0.0829488319194671; 0.0155418247196196; -0.440821393064003; 1.08800082036038; -0.0208746383220491
112; -0.846110521350148; -0.012613468489519; -0.475162459077551; -0.412019747818353; 1.12939628684113; -0.0415107426294899
117; -0.996883931531426; 0.1427303352985; -0.382040595230392; -0.421936141953103; 1.07115023494667; 0.108351385252321
107; -0.487371205176227; 0.115609249397334; 0.0884793589437525; -0.386668412221717; 1.13125393511128; 0.0503190431324283
119; -1.27925361409077; 0.0845747135142099; -0.152492883545109; -0.447906315317008; 1.0092874806264; -0.0643072948530183
114; -1.10677607715454; 0.258923682899425; -0.164749789113453; -0.33145585390489; 1.12269013206471; 0.0959803174176758
108; -0.989881936528725; 0.347091822542857; 0.093863448649603; -0.482996942022269; 1.18018602570272; 0.00556769528494569
111; -1.15752247715748; 0.0158778015975417; -0.0643695114478323; -0.377447114958349; 1.03303526515654; 0.0196401697358588
116; -0.895084722288196; 0.150776984066779; 0.225089849995214; -0.398302907485099; 1.13976865924611; -0.0986992251642298
130; -1.2622005307874; 0.409382169009827; -0.00167906411603874; -0.43340481652017; 1.1161308075954; -0.0343090922075766
113; -0.914851253681784; 0.0027908774467263; 0.304330976670614; -0.473533671515074; 1.06459660847048; 0.105689680367049
103; -0.893696728562021; 0.434491076201512; -0.0980117107835974; -0.381440589670133; 0.982626303556995; -0.00546013629556647
115; -0.882171165518035; 0.0407013450602401; -0.0238139711584197; -0.389201242521578; 1.10811473626872; 0.100595433726326
110; -0.583292023087825; 0.00539478617475838; -0.144237132751708; -0.354842378140666; 1.18524838782861; 0.159919698224651
106; -1.56343132236449; 0.257424000265669; 0.0609207751849039; -0.374673606872945; 1.33846839220872; 0.12258339759777
118; -0.994742311770381; 0.408998072041257; 0.0330979508932902; -0.436820839847615; 1.01794713931555; -0.120137812718807
129; -1.27017838245986; 0.191591166279762; -0.209727759299187; -0.435718222744993; 1.14745130153177; 0.0375347922549009
131; -0.664367292946918; 0.149807780570579; 0.122875733168914; -0.333198365849091; 1.020823773907; 0.0444199592044827
123; -0.991237547982318; 0.311365374561184; 0.155255527449035; -0.377257001537522; 1.06525549488439; -0.0777954139403266
121; -0.915289076952816; 0.237889163188865; -0.317586794236924; -0.461171804699133; 1.12505274502084; 0.0352211170345026
124; -1.1631940314818; 0.415389659663035; -0.0135619210043937; -0.277165658238728; 1.08266883796192; -0.0410475630642955
122; -0.8782635405264; 0.166234220765342; -0.231553849738587; -0.421661580467551; 1.13168221057971; 0.0328171207495833
125; -1.16275773326301; 0.701744111354456; 0.114636081765491; -0.307754756189894; 1.13441641337411; 0.0797618129504328
128; -1.05775808544843; 0.20568103503573; -0.391543222972148; -0.457995430124426; 1.04477858391033; -0.00512667055177697
147; -1.1401204188571; 0.218467846138918; 0.168374683753265; -0.395554030166419; 1.14515213184152; -0.0235439318201574
126; -1.56049146220379; 0.368532280544337; -0.232512794176422; -0.415433784573214; 1.00111243314288; 0.00326361547200876
120; -0.784257631942394; 0.207485517311616; -0.0898703717857022; -0.391384494661273; 1.17654972642159; 0.000716214420571301
127; -1.62430769832976; -0.0751923054414589; -0.0275324023131234; -0.382319841223327; 1.01921842906026; 0.025146981645847
148; -0.868784003413884; 0.283629200817762; -0.115027081681727; -0.280678141334701; 1.08245098872171; -0.0101569196344392
136; -1.04745007143355; 0.212046337993203; 0.212219781308493; -0.303295536084597; 1.16289507869039; -0.0398617030258854
132; -0.632577904351705; -0.113526298440552; -0.314595658535952; -0.442908455218586; 1.25073811831787; 0.0329711310969025
146; -0.974425778182783; 0.249302293063427; -0.275101993870592; -0.406850243092183; 1.11686260697973; -0.0360202052233539
135; -0.974050733614473; 0.107668385895908; -0.103975700471175; -0.396401312260495; 1.03588885769354; -0.0322403674977529
144; -0.924815371981877; 0.36741389646237; -0.184491019383609; -0.356535099911443; 1.15011274598366; -0.0123106283127183
104; -0.640387600125805; 0.324991467451472; -0.00224319482736965; -0.323436307243277; 1.12739330195671; -0.145862765473272
137; -0.842788280261121; 0.146386945871668; 0.0264302550381775; -0.396438892562248; 1.07365068184458; 0.00294775894936786
134; -0.966296232112029; -0.0635068352989939; 0.238773788505784; -0.368724391825411; 1.13345283873158; 0.0656540720534015
133; -0.997072426568165; 0.0671104753173478; -0.0540789050715985; -0.391248349673096; 1.05416347002881; 0.0744990772723226
141; -0.77938844409331; 0.101014577920704; -0.0611653195931098; -0.347400607011294; 1.0397776581407; 0.0931995921861026
138; -0.810187845112318; -0.0855183913587853; -0.0277058074736238; -0.317635341240947; 1.06002790007541; 0.0513408914645708
142; -0.826844793819281; 0.358105243969858; 0.202842910616668; -0.418404427012017; 1.01277434175771; 0.0256462755187485
152; -0.70693699021317; 0.377727527957293; -0.298354460976248; -0.462076678039119; 1.02666954481306; -0.0660914954794471
140; -0.815061961012344; 0.430277121794503; -0.205989537932937; -0.519016424461056; 1.17517941484169; 0.105172263884259
145; -0.853472163957601; 0.317814276991081; 0.068217967669233; -0.299893522613999; 1.00761644882167; 0.0506980208179413
154; -0.570275616309714; 0.223609153520563; 0.233341472746734; -0.389331529158828; 1.08624330633844; 0.136964405369753
153; -1.45027280357; -0.00120796309758726; 0.0193736592256391; -0.418877534529814; 0.948388128244188; 0.0652562034998359
150; -0.552885768063156; -0.00672396403286147; -0.0779410163376184; -0.439576326949221; 1.17899678567078; 0.020313691179671
167; -0.957705923368274; 0.049859073649533; 0.108270495651174; -0.475225437891155; 1.17493169428229; -0.00425257751931007
159; -0.889668090139554; -0.0508244978337333; 0.06702679452404; -0.402344970421707; 1.10474173893389; -0.0716799189764792
158; -0.470605895962028; 0.107032371391176; -0.0196169742963136; -0.349849015001293; 1.30073654767195; 0.0526768511616545
169; -1.53588708601407; 0.0638335030405084; -0.107894988832616; -0.388285134661802; 0.997305354662351; 0.00112628514694188
166; -0.898553754808035; -0.0184577839836821; 0.113080877715784; -0.495092050746553; 1.1384058464035; -0.0512994742960185
165; -1.15296158658803; 0.125338152556933; -0.2426490413508; -0.402620463712963; 1.10786299336527; -0.00868673298386107
151; -0.531650000792316; 0.488721290169547; 0.234875002207554; -0.353595767744599; 1.15918296062867; 0.16991730766054
168; -0.907777907402253; 0.451294010255915; 0.167097531706563; -0.30761009371992; 1.09672692724363; -0.000339375145275688
175; -1.10062188961104; 0.161462569046261; -0.255940325121386; -0.368877775977028; 1.05873569945536; -0.0577757170488019
143; -0.993515712017038; 0.076915225272487; 0.0223739692209784; -0.317282997939556; 0.957521365697429; 0.0716298600556199
139; -0.553924922205145; 0.198821648177319; -0.0825592071605069; -0.342435021353701; 1.1295539455042; -0.0346427055401987
162; -0.82405700361517; 0.313824572040381; -0.11424532996851; -0.378225041529719; 1.08388058040389; -0.0213452751212862
163; -0.777764239023992; 0.126695088269304; -0.0217167881573477; -0.423071220648057; 1.2040230314689; 0.00158941286319524
170; -1.16849619633437; 0.263643698567973; 0.00907580254457658; -0.433113827478988; 1.17201680449529; -0.0823180434059016
171; -0.809588410303176; -0.0195940784505671; 0.083937251665272; -0.367934385994346; 0.967423067806074; 0.0519887585617188
180; -0.422926094844749; 0.0610005757793786; 0.245865070326745; -0.389297736060148; 1.11522041252628; -0.0967974174291565
160; -0.944640702053516; 0.061354658666053; -0.11145667683133; -0.339520570707366; 1.13626538319353; 0.0512045329995751
164; -0.82943554092459; 0.437384986714313; -0.157339798678622; -0.376328871510897; 1.17953749749133; -0.00634748999485229
157; -1.00104592966142; 0.110090103236828; -0.420642282915589; -0.499593522666962; 1.06459563809772; -0.051996613290672
156; -0.791678805853042; 0.230830107044191; -0.220573654220509; -0.388113887693841; 1.16934259322459; -0.0418017244034549
192; -0.806827382246642; 0.198556018169963; -0.176131809907414; -0.221909647810974; 1.10088437971081; -0.0411261669881959
188; -0.722197203635241; 0.303832494704891; 0.0226554069294065; -0.42290264711204; 1.14317138416855; -0.00584731030342403
177; -0.930380462570844; 0.237472878559484; -0.0523143358257244; -0.489845693066145; 1.15103937212902; 0.0293881421525357
191; -1.01752416880555; -0.115409838814135; -0.195385178572699; -0.2246544720307; 1.10534178695043; -0.0480005020920267
184; -1.06347823746378; 0.117288239550048; 0.0833647248451352; -0.398037225877632; 1.04565945471134; -0.0193690543310409
183; -0.888467021056204; 0.448986803298294; -0.0630873649192192; -0.44009416009197; 1.05120795248872; -0.00379105049435804
193; -0.895813003614533; 0.0740726215657918; 0.229471452688535; -0.344101289917794; 1.04903914161425; 0.0478114362675425
186; -1.10205496899039; 0.290813421790684; -0.0411854557951251; -0.387070854088791; 1.03367553768529; -0.00779929432468659
181; -0.72833164582486; 0.166769755660192; -0.277815134391425; -0.39166800933007; 1.07627010924794; 0.0263745127152349
161; -1.06659459888084; 0.393943589940514; -0.060546659360272; -0.190138958985809; 1.07577329108087; 0.11131269366358
189; -0.761906787757363; 0.0898901419461288; -0.0324158196291287; -0.462540092884514; 1.07245052388578; -0.0121409222887011
194; -0.830110593499375; 0.348171311730818; 0.0236445866171875; -0.426967179384099; 1.10093082394161; 0.043644137315581
174; -0.868691253635555; 0.305469524921815; -0.0926479915805902; -0.427379192567975; 1.18100070291549; -0.0791706166341602
173; -0.742181654011236; 0.350302579267758; -0.0477651088479926; -0.445432852446119; 1.09718952467955; -0.202352907320572
172; -0.938762689549453; 0.206625601509863; -0.105514309463152; -0.366311503798327; 1.00559461037663; 0.0107088653747281
179; -0.969705959783459; 0.189990367957615; 0.0956543954033191; -0.388847564246949; 1.15764630244137; 0.0767280569348765
187; -0.778892752528001; 0.503615469682953; -0.0693211610080428; -0.199408418063537; 1.06223913095382; -0.00651016061662571
176; -0.698385644788117; 0.278048719678677; -0.104868063836848; -0.359017041663827; 1.003360841197; 0.0188067296396798
185; -0.706995526151107; 0.0730156752982716; 0.0676205685032158; -0.442854327496643; 0.949841286443775; 0.083783440430999
195; -0.879392485752258; 0.391187286546167; 0.351505134045714; -0.343266449458689; 1.13378229698582; 0.0847922219533048
155; -0.809044263016836; 0.0817280951251272; 0.190516755366751; -0.483447836518355; 1.0757994234335; 0.0742942710645003
190; -1.01175739668135; 0.414600252522224; 0.0666336358173338; -0.452737430344919; 1.02618435539417; 0.0700298995377366
197; -1.01920744592807; 0.540415270932468; -0.0601499997203616; -0.443441177860891; 1.02632536273814; -0.0762139082007713
178; -0.407192659538887; 0.211964778754757; -0.230036561840281; -0.352805575345896; 1.06969765511204; 0.0193551185176259
199; -1.10491128809699; -0.00871101868902789; -0.0813646760415217; -0.348504923452566; 1.11688793155099; -0.00223281104658756
198; -1.0327273892713; 0.244456987739928; -0.0361942745873245; -0.330203405767997; 1.08082356767723; -0.0367768231750173
196; -0.728400366785778; 0.187682929961685; -0.314021715872357; -0.377179517379555; 1.09765572004869; -0.0554103941832793
200; -1.13394042844799; 0.133392332633205; 0.247418125434004; -0.501011201887707; 0.992554419673185; 0.0100921729197377
182; -0.910815821860557; 0.516010078000269; 0.327786977384857; -0.398776401112378; 1.09535381920123; -0.153011408424191
149; -0.881202906531743; 0.177804405856089; 0.218355754320128; -0.432329161730451; 1.19952610286922; 0.07325566790749
213; -0.771724990424149; 0.106980402709858; -0.0648736911319981; -0.547731587232708; 1.05515328238267; 0.0054511159734268
241; -0.746888049562926; 0.212503043168642; 0.00290971733198005; -0.279144594113105; 0.983505721643741; -0.021726549426359
202; -0.639955983197508; 0.0549282427263015; -0.394433888391145; -0.379434764419844; 1.06061430807383; 0.0146968400480379
212; -0.761535844681152; 0.494830787331344; -0.0817284305190268; -0.509532761731031; 1.20142942016071; 0.145112176132315
223; -0.59156315199444; 0.495688922188076; -0.0108609853818005; -0.377113326293396; 1.17380427013043; -0.0626527287500703
240; -1.20414389303209; 0.255818383988403; 0.0138520678957406; -0.389345553288294; 1.165944780627; -0.0620509226694371
204; -0.970427925451204; 0.0516161147917881; -0.104010541145897; -0.395550036228616; 1.06539459058054; 0.0564878418366275
200; -1.13394042844799; 0.133392332633205; 0.247418125434004; -0.501011201887707; 0.992554419673185; 0.0100921729197377
244; -0.851237037397734; -0.0171907381777426; -0.101450416787316; -0.480694213886415; 0.930055098012314; -0.0629644026666072
221; -1.12846137782738; 0.220765301859079; -0.127463359901688; -0.477424988577431; 1.16594326640246; -0.00595034174365524
205; -0.69809123795561; -0.123089639854313; -0.0464702610317293; -0.458266537245206; 1.05623179271879; -0.0174495723001943
216; -1.15806459971011; 0.0726609953822712; -0.220151413875368; -0.303113899011378; 1.0348781657596; -0.0296746134692454
224; -0.214610050802317; 0.509450547673782; 0.086293951594473; -0.337640998268333; 1.10225386634196; -0.12069886571436
226; -0.781013563720914; 0.108715521850316; 0.106318728814522; -0.432389188837304; 1.01459926320685; 0.219927935516354
237; -1.41325389698221; 0.450861499099679; -0.033523892779676; -0.442789797407215; 1.21472301526933; -0.0177006796214538
248; -0.754996858225632; 0.06047283879038; 0.138172116380637; -0.333372838022637; 1.12916340481753; 0.0186865145371046
236; -0.458179612383888; 0.358230966497637; 0.0812468442098172; -0.427910891410521; 1.1189470383636; -0.0195585264208914
227; -0.950142491431869; 0.0700313138122299; -0.0194476192238597; -0.431179836291932; 1.23313539584689; 0.0218893088598247
243; -1.17841882817132; 0.14019426922006; -0.340713692809887; -0.439248317443125; 1.08369546686597; 0.0561197997454826
238; -1.36759260894069; 0.162505736978362; 0.133695563413364; -0.441343991146729; 1.03233308084727; -0.0467752992750161
214; -0.884523207569768; 0.125691632412531; -0.0173559713304624; -0.337559193333168; 1.12976452355145; -0.0101014266336242
231; -1.33466997631261; 0.32469828980286; -0.398430206026789; -0.394284722100878; 1.1538402731546; -0.0147146567935019
229; -1.17094301795936; 0.398005074827769; -0.257289005093213; -0.459443865193188; 1.02582589190748; -0.0451127159071566
206; -1.01238206551321; 0.391270347580995; 0.247326654795239; -0.454013328200767; 1.07419215463115; -0.0721785121196322
228; -0.912950422922954; 0.0177427912746177; 0.0837035415300631; -0.437107757193131; 1.12153008827525; -0.0300377454804543
234; -0.862682382865903; -0.0377427719800709; -0.359327166027905; -0.25960784628651; 1.20437362278128; -0.0660554350995842
235; -0.778871344076495; 0.10274719188341; 0.0441262256365058; -0.426420620040614; 1.10121913273195; 0.0636620912993374
251; -0.89462854860385; 0.101508205154159; -0.080893193837953; -0.359454253465087; 1.06331505650038; -0.0863700369012839
225; -1.13325460079253; 0.213044098438462; -0.0663929520962445; -0.481508124747762; 1.10099550279153; -0.0686898257397007
209; -1.08235621701146; 0.145694757895249; -0.0647510491995383; -0.455044368816844; 1.13174931466466; 0.0318259145350864
253; -0.826048431248058; 0.245100633653232; -0.150289110535048; -0.385232711224576; 1.2061722233642; 0.0711699318741961
261; -0.716099267033368; 0.0542037996131441; -0.0753498125931465; -0.421513376907285; 1.10569031645145; 0.0093024552362802
220; -0.665204899789815; 0.11447187800228; -0.0671229278893862; -0.355115031551972; 1.14934688390407; 0.0991002022686624
207; -1.03289428831277; 0.211147520225544; -0.0024193221221055; -0.468639493228408; 0.943559672488368; -0.00236824444209588
239; -1.32124496563152; 0.00127204809093944; 0.22929213535543; -0.23595662434074; 1.02605846425516; -0.0454756851820346
245; -0.827432293030012; 0.29474001464742; 0.0621458880702726; -0.295705336275609; 1.02486495459619; 0.0662404632154696
256; -1.31038746195921; 0.080717813129611; 0.229363613132393; -0.448145996189906; 1.01960692734932; -0.0188002080068147
222; -0.531950936995455; 0.258274885677779; -0.329356424307347; -0.334489698357784; 1.21528291839329; -0.0439987227543792
258; -0.751245933939223; 0.187110346675707; -0.0112600590117917; -0.43306679230767; 1.12169238990595; 0.084772322324945
215; -0.807271070312428; 0.20789223032334; 0.105514657787269; -0.584671148158216; 1.0658483830315; 0.107716273301505
219; -1.07175391262495; 0.394418581492492; -0.00921342280918236; -0.502460242807043; 1.16362756205081; -0.124695305620234
218; -0.991795216203875; 0.1151933752116; 0.134713935338594; -0.333327623835453; 1.01433561978043; 0.0670151620567168
210; -1.17845558281188; 0.28870911601133; 0.0365783520627526; -0.553785436381098; 0.977194322104278; -0.0736326803289824
208; -0.824027007958709; 0.112968469876651; 0.0376389766580795; -0.577821146898022; 1.10735332575619; -0.0198077439682933
275; -0.775177620536176; 0.165766190024718; -0.234727322102622; -0.416724463070875; 1.01583586029718; -0.130533957443667
264; -1.04129945042268; -0.114454608349497; -0.285016656305412; -0.363638749553396; 1.17853552494606; 0.0832774662715951
203; -0.69522278196591; 0.300273009756136; -0.0654953866184543; -0.325511450779725; 1.09551650110714; 0.0455443157115862
246; -1.30727118274217; 0.374577526509375; 0.272728471590711; -0.418480366751724; 1.10486805715639; -0.0490196666288764
249; -1.10347708554537; 0.00177201597121221; 0.0949373132421803; -0.55218351037924; 1.2145511121466; 0.0715891746557826
232; -0.667503970731829; -0.0762601461198992; 0.192062827239808; -0.468961333785713; 1.11488544330678; -0.0115219724427755
269; -1.07986582303438; 0.280235453765611; -0.132141846715459; -0.44948436815315; 0.985743123922934; -0.0403045886338093
266; -1.13127356998278; 0.153992923785269; 0.0303691544317971; -0.302489997258204; 1.08559270387821; -0.0246558735481887
211; -1.23574077873081; 0.00655813513030031; 0.176211090160758; -0.378705628471987; 1.14163805644798; 0.0780671619512058
260; -0.919390230838985; 0.394956575158169; -0.0526357996656548; -0.308376502024587; 1.02813665789582; -0.0974387405587112
267; -1.04991201925151; 0.095007912386337; -0.555483740875893; -0.406959825930801; 1.1286186568401; -0.0040009281333144
265; -1.06942309239813; -0.00290194717233737; -0.0151673678354661; -0.412844582164063; 0.998473513758405; -0.0255784810532311
252; -1.13832843593895; 0.329547843857883; 0.0219508124043908; -0.363498488732799; 1.1834493190267; -0.045145430445134
294; -0.349055797150051; 0.139403039381404; 0.0511480031296746; -0.389999781719562; 1.17526055105845; -0.147523850426106
201; -1.12854820130341; 0.244632214684279; -0.0824241619167912; -0.329887836944872; 1.03806956935964; -0.143094290164585
217; -1.04303645767684; -0.158551624050337; -0.0686059158573708; -0.392754997927518; 1.13450905903738; 0.135217766080462
276; -0.993850083064861; -0.183706495034115; 0.12692382192682; -0.40901592214684; 0.996342680849521; 0.0652800724839044
262; -0.979559854355108; 0.0907535805256543; -0.0295560103662512; -0.285124477762448; 1.09589346440538; -0.079936986174611
274; -0.892403189485555; 0.274121421381079; -0.0595218706703322; -0.51963306756972; 1.14292463726742; -0.00995668302144752
279; -1.17960124824835; 0.235339196845725; 0.0404562322735167; -0.41487772619339; 1.17434652181969; 0.0637900033293737
293; -0.929369867533491; 0.412991149561296; -0.140338712445975; -0.310019056919207; 1.03998229721846; 0.0446916075345368
263; -0.770093744077879; 0.166500045997195; -0.175317409875674; -0.452160331849846; 1.20829398641121; -0.0943504284121045
300; -0.713069240799087; 0.103885973484269; 0.0344163627374421; -0.326756715302824; 1.04173728593908; -0.0344575855317482
254; -0.750887679970379; 0.381274542074794; 0.141906302724817; -0.295066322720943; 1.02560484517546; 0.0156351247617606
285; -0.667212561991989; -0.0234590152778442; 0.201997325209432; -0.519771366843831; 1.01049154177678; 0.120821050464171
270; -0.80052587001159; 0.227026480594472; -0.101935895679431; -0.402920796200827; 1.03832654802388; -0.00549050172015824
286; -0.644820737022648; 0.33339688904516; -0.0443415393023301; -0.425189418136597; 1.19707663785707; -0.0848932202243798
287; -1.09313746822182; 0.520958808685396; 0.139978419210746; -0.432522028744874; 1.17202226718483; -0.0520628918222691
291; -0.877838293050761; 0.148718224451176; 0.0653625361428049; -0.241618768837721; 1.18732195991479; 0.00516110527076711
302; -0.741593070311862; 0.227156199897941; 0.112623167956012; -0.423296189253453; 1.14660375954223; -0.101884602307609
281; -1.36390368532017; 0.317407927293046; -0.261352819537361; -0.420544619488777; 1.14282442723542; -0.101393994058229
292; -1.03927771579551; 0.146383445762565; -0.124861309574195; -0.406369899663903; 1.1449143287845; -0.05131926062512
290; -0.953642750163278; 0.239898895828646; 0.116219655254917; -0.362525766377872; 1.11392938213879; 0.00246409984199
298; -1.01081651509399; -0.0908360330419252; 0.421771173455507; -0.438311690130025; 1.06701120623569; 0.121880617590322
250; -0.622503729373315; -0.176515984181336; -0.160639372221114; -0.399192947061371; 1.08298434042721; -0.0726281015443142
283; -0.667235042099116; 0.0172358926663869; 0.204545619872699; -0.358180532622925; 1.12891643404564; 0.0472699534533042
306; -1.33708991284246; 0.114478974761305; -0.0929892486410945; -0.54434709011471; 1.05470113707368; -0.120236599880335
289; -1.00692905683017; 0.166310360251845; -0.0115334873122085; -0.331565066395481; 1.16458623719841; -0.0291006096669082
296; -0.806918811153968; -0.000674582270998839; 0.106475315948468; -0.419737247576847; 1.05092799916067; -0.0567486445843561
277; -0.911208891159127; -0.133707642877369; -0.00503900025133095; -0.344737214407817; 1.18829176883612; 0.00997227001127349
230; -0.650997911562158; 0.273293483339564; -0.00591197997431799; -0.3582878763896; 1.1704106661694; -0.102168268185534
284; -0.8716085468394; 0.0655577655714053; 0.243673896275048; -0.423923491685637; 1.01957028489493; -0.0915455305559097
282; -0.343322093420842; 0.327433378918511; -0.0327659025023896; -0.264778843798013; 1.09899065270825; 0.0383521527127711
242; -0.889703374110608; -0.00910470013269989; 0.205043704030542; -0.331482589412182; 1.15849783620964; 0.0328146405352975
247; -0.441455938987321; 0.0365385140380424; -0.0757058127042913; -0.337608775950593; 1.09449529891545; 0.0675386103850559
315; -0.694454214424422; 0.299745006570583; 0.0237768884336062; -0.487971590269064; 1.11966309094955; -0.133720529261854
308; -0.816737841616156; 0.471438789111092; 0.177430442693338; -0.441396887246306; 1.25219736383064; -0.0736263593608466
307; -0.884025361894658; 0.336482937327825; -0.227827188358011; -0.378909815505736; 1.14563257524411; 0.0424225157659796
233; -0.715456725792969; 0.0632959354556481; 0.0958731271194642; -0.343512328982268; 1.2020119636878; 0.0136698225265465
309; -1.20128508658882; 0.392743455423981; -0.00156935294951715; -0.316494161690218; 1.13390698632473; 0.0107256541226008
278; -1.13197996998717; 0.0626505955158886; 0.131729037766017; -0.328307801693237; 1.12577018762151; -0.0562835273926719
297; -0.791548305907823; -0.00360507871085175; 0.0514250515481878; -0.396779205155531; 1.13162854561158; 0.0893368294600956
301; -1.01783546244856; 0.328609381074968; -0.132518392336217; -0.495036440740177; 1.16353548937166; -0.0263614474794735
257; -0.353370887637428; 0.417712696688937; 0.271410230211903; -0.351248191041927; 0.966222116777835; -0.0858620089548372
312; -1.22311289755898; 0.187430037122421; 0.14426929691139; -0.467852474388687; 1.12162675142734; -0.0473816473422116
280; -0.64532040069316; 0.43179601055375; 0.0729065344854617; -0.341752085847798; 1.2182868649458; 0.0102209659672871
304; -1.01108288007866; 0.112191692974764; -0.0850015210204253; -0.366296709454881; 1.0424848106418; -0.0257007673465784
268; -0.833241562436435; 0.697365201579791; 0.259115977540855; -0.353404771549707; 1.20099685005924; -0.0520328261058604
310; -0.965214178310432; 0.0594468077767126; 0.451169314638974; -0.268731211917925; 1.18872908578935; 0.140801590258345
323; -0.623911242645911; 0.366646316783109; -0.228029901252289; -0.426250434317986; 1.16133872351019; -0.0716250799857526
305; -1.2294961636921; 0.216370772027438; 0.00345003482200892; -0.444004267378343; 1.00298226709324; 0.0489187174845451
288; -0.905347874892627; 0.323976141574875; 0.20258950118254; -0.325179038466864; 1.02609200895828; -0.0834305051069845
314; -0.897779162786345; 0.524896637824165; 0.225367507811638; -0.35867074531656; 1.023230865471; -0.00525956022594471
316; -0.864204431331387; 0.367218105345955; 0.101847396800522; -0.333198275128086; 1.18781010779148; 0.0125285929427317
272; -0.98172923761293; 0.435543659039644; -0.152359417394081; -0.396799431403402; 1.06273112074133; 0.0617786586030174
331; -0.882144734188225; 0.108839103247307; -0.210194241332721; -0.289718909914926; 1.14759027413863; 0.00240863796244909
311; -1.06338210196144; 0.210016290413999; 0.101736466418761; -0.464823946797466; 1.13326511147392; -0.057763084389169
326; -0.75006882736004; -0.15129634940764; -0.125587367922664; -0.35596879051611; 1.12586335742608; 0.0184017990894452
313; -0.719941301735992; 0.21717685863113; -0.362801814631994; -0.400142831807989; 1.07793508773511; -0.0526519245074281
327; -0.523009749531197; 0.019168374534906; 0.0198811304653869; -0.476258792678771; 1.07768259183738; 0.10885620164632
341; -1.12076453064769; 0.0888434469062996; 0.350773772140937; -0.407999234701274; 1.07621420816047; 0.0765405678294439
273; -1.87842125829243; 0.0691649619284628; 0.195488730446843; -0.397175468470857; 0.944864981463245; -0.0599431914897798
259; -0.978689965008988; 0.42142453038613; -0.2030060226255; -0.368942339528715; 1.03126282882073; -0.0654436299941091
334; -0.761087121730522; 0.167223971928077; 0.043427805748737; -0.454984253389862; 1.15922574117119; 0.0103306404853947
299; -1.02714244974622; -0.0383029035333287; -0.0622798624286205; -0.329539313643322; 1.19854461053676; 0.110737185671942
317; -0.881726559494611; 0.284653613201151; -0.0121862362711975; -0.368843178535235; 1.11798523500994; -0.0722724753953563
328; -1.30356948713962; -0.178021556763886; 0.122240610950571; -0.353059251717494; 1.00311451527572; 0.115062399296861
319; -0.924441488475063; -0.0754046537623556; 0.155377970646672; -0.419265900285703; 1.05847337378052; 0.0535813932132716
330; -1.20694252571458; 0.333617703936017; 0.0949612898256702; -0.424393011316111; 1.09656240521273; -0.0543317772980313
336; -0.916147970338599; 0.217106209399003; -0.00262456943871755; -0.339196685629411; 1.02326166982411; -0.00773490039406857
295; -0.88202738303071; 0.218844478904253; -0.0961011724202628; -0.319271933577394; 1.20154135417792; -0.0261136736216114
332; -0.857955669107395; 0.25781846924785; 0.135921818742996; -0.33524338788487; 0.873536200425267; 0.0237667621869583
325; -0.879865708074272; 0.364740797055095; -0.0221056741798204; -0.432535683983809; 1.12197118573889; -0.0110679005751842
320; -0.955642494156543; 0.0321598403682559; 0.0114649510111814; -0.506791163293229; 1.1739552976931; -0.0660976442810505
255; -0.774147866735852; 0.367035969451145; 0.0633826383646634; -0.456265537786361; 0.982081959081562; -0.133046035559995
271; -0.529941259774987; 0.0623098518639091; 0.178250236588117; -0.272035365143406; 1.14171381159635; 0.00428984129407315
357; -0.582001588042125; 0.253235895973858; 0.102173254737636; -0.368932611845042; 1.08694257129584; -0.0216309320251832
329; -0.749027273073489; 0.151231541362839; -0.0665107687101829; -0.406578242878338; 1.15746249534722; -0.072770455498804
324; -1.04222362803988; 0.406799838814862; -0.139731990045053; -0.528489013628451; 1.13783767386627; 0.0502597669972337
303; -0.832288556164662; 0.262987565692036; -0.0480417430775836; -0.35572143846252; 0.937715992168166; -0.0625800728422554
318; -0.983808104322053; -0.0159224045585604; -0.0611363443659121; -0.322132544304321; 1.08851279454984; -0.00907594930864071
366; -1.11581403038736; 0.459982821755108; -0.155212756947013; -0.410106203229951; 1.18368374503871; -0.110968998413847
351; -0.675275094521328; 0.100811710046556; 0.147177362028742; -0.519549069987534; 1.13468264274207; -0.0265665991795535
335; -0.896987112164582; 0.244625181402844; -0.120764930017387; -0.413354703329273; 1.08195708050249; -0.0858447864230558
322; -1.23954775471121; 0.127210606033664; -0.00888963946971788; -0.288167711076562; 1.10089076630307; 0.025514393743412
337; -1.12059901336629; 0.113024121532438; -0.0543084521176398; -0.472992675577409; 1.05405193055625; 0.107310360908141
339; -0.603223973653148; 0.271677848267063; 0.0312192336028094; -0.46395301290482; 1.06655656439834; -0.116290984689413
343; -0.58055903246158; 0.487005579034368; -0.0682054201241439; -0.488496193765817; 1.18874222581002; 0.0272399742842045
356; -1.14755997968469; 0.183886600401694; 0.0197720727119272; -0.44618578949439; 1.1244664770382; -0.0463550586429895
352; -0.73807295562251; 0.300538687652611; -0.0292372499825113; -0.428081773166518; 0.989697131763313; -0.16437220464256
347; -0.713475454960541; 0.104790554875602; 0.0939850543300367; -0.325469506562237; 1.06977132824435; -0.00384180639317654
350; -0.93324511010439; 0.522574653200814; 0.106230738634953; -0.477615399141117; 1.08464463553156; -0.0871349366236447
344; -1.27756449229517; 0.0261936117492494; 0.119100936572806; -0.40912784190421; 1.01745957597831; -0.0777560284761068
349; -0.753754220080943; 0.166187487056608; 0.101933657612786; -0.391228456656964; 1.03602161508516; -0.0147397226124233
348; -0.967821284539252; 0.105389317244727; -0.169475355277642; -0.436453762857159; 1.06098779258683; -0.0630063044542728
346; -0.71430659621139; 0.29418203428499; -0.163876848744316; -0.375406133322049; 1.05150119844073; -0.0179649618762306
338; -0.737316752095784; -0.0527832878393679; -0.225755651263216; -0.36628335118543; 1.04822522812733; -0.0821624936783887
360; -1.16397208316021; 0.415323741012533; -0.0211275758424723; -0.389017909409696; 1.1160546796917; -0.126439726748996
369; -0.486933638658033; 0.166308503287793; 0.0567597753414809; -0.315179445270708; 1.07016969813514; -0.00224893984869735
367; -0.600283376572954; 0.448430134939496; 0.282209807210182; -0.306974148030263; 1.15873905438624; -0.0502767748116651
342; -0.751644298835399; 0.00218079485847158; 0.395712342770338; -0.275984598555618; 1.03402267024599; 0.0485238083319981
345; -0.953495490764479; 0.126792877485243; 0.152570062093653; -0.485696886133651; 1.15699597247437; 0.0758551121842688
355; -0.868707913965507; 0.207269260238382; 0.0397092315408674; -0.450442447060582; 1.07331776248235; -0.0766677062258204
379; -1.00901999421129; 0.175946028657996; -0.0654274071147723; -0.486121060332953; 1.08737182996548; 0.0815722828225236
364; -0.750327827838422; 0.675411067382549; -0.0449788501111049; -0.399808456242868; 1.14726839972844; -0.0189201723698933
354; -1.06805372254448; 0.428985188553859; 0.098558003257302; -0.4086755571133; 1.10366986097719; 0.0678887476997335
368; -0.667020609238734; 0.398465299378339; 0.0063562665303948; -0.511901267764825; 1.17236755107631; -0.027738930481819
353; -1.30489974048661; 0.206276005826111; 0.0634536817779513; -0.352009412127576; 1.11354338240849; -0.103412032846343
372; -1.03511280953322; 0.34454169183996; 0.289495244665651; -0.284735074909684; 1.15087234919178; 0.0782051273862735
370; -1.02356110447871; 0.252675988317946; -0.198519561084983; -0.434673189784161; 1.11639894512022; -0.0713611956799174
377; -1.04901326006506; 0.405855730256002; -0.0203526858861658; -0.381842491020813; 1.08565469771995; -0.0202119974959966
333; -1.01479013850787; 0.333833735822293; 0.396614734047135; -0.488831331523403; 1.0077654136576; -0.1941129100286
391; -0.843185668850646; 0.214515847925608; 0.0573429700398254; -0.297050919593268; 1.09198472178634; -0.0461193879696752
375; -1.26136329290604; -0.0487574795796892; 0.107746320585968; -0.491440900564819; 0.977807859626737; -0.0315558163043464
380; -0.693021850329458; 0.176540274263014; -0.152856223480971; -0.433921156512438; 1.0525997004136; -0.0536970638013263
373; -0.949242970837472; -0.0879878271872296; -0.0278373085732262; -0.327577793305125; 1.19133507696197; 0.0276287611194951
374; -0.869999513524864; 0.207647375423655; -0.155301253010151; -0.435601290433348; 1.09095217963855; 0.0194099780558732
397; -0.618210688375111; 0.17189262882791; 0.0589805894471571; -0.397535237913749; 1.15829237368298; 0.0193232566481773
376; -1.10684558687007; 0.414847468581296; 0.261081546894221; -0.512943551176262; 1.24223628701324; 0.00208486950533918
362; -1.12602910387192; 0.3695658730749; -0.00174120325447412; -0.3724383035074; 1.17347347805713; 0.126641985651852
363; -0.963236131239423; 0.303919452093596; -0.112371828560294; -0.337031334859154; 1.07083023381803; -0.0356400891743824
385; -0.979536883291709; 0.046512624430944; 0.0859674732672315; -0.451570845054925; 1.07996433831318; 0.0308459086371251
403; -0.886094270585329; 0.0886626147722246; -0.162731850807255; -0.419695699585793; 1.18707581194332; -0.0183492876331299
390; -1.08165047461922; 0.32506671431535; -0.104796600168607; -0.389389271663195; 1.10745254381473; -0.0657689656786609
340; -0.770764810274737; 0.265747490084181; -0.0264629158869782; -0.283810917046913; 1.18545428756022; 0.0471437646760276
389; -1.04801009430179; 0.322611753608902; -0.430325971169357; -0.330605619353798; 1.15540703031658; -0.0209725703593775
393; -0.950383782720878; 0.340544565486587; -0.197578639870326; -0.411783679814353; 1.04308481222135; 0.041047457695575
378; -0.819712792283861; 0.566380239973784; 0.150457082232485; -0.327504314294738; 1.07609314291514; -0.112044325370664
388; -0.942484925363454; 0.490461242652784; 0.166584455218699; -0.488108787327809; 1.02428661773686; 0.083748460590446
321; -0.373782356494784; 0.128680851194643; -0.193653836327504; -0.438386798319201; 1.26515919930434; 0.0754742354660551
395; -0.982893719040749; 0.201257677359527; 0.0370250735601945; -0.43672028251822; 1.02397141261773; -0.009333537173943
402; -0.996830911413998; 0.235839044310561; -0.147414971904417; -0.351532209846435; 1.20388675257774; -0.0714655109895611
404; -0.907691657476007; 0.0679056467673559; 0.00626949340160539; -0.434514801366607; 1.14358743119167; -0.032642366454493
371; -0.864861315219484; 0.212322060726047; 0.190535718516649; -0.50107743549585; 1.11144025329493; 0.0470636351969423
384; -0.514932102391429; 0.308134708207489; -0.106882051301596; -0.476798817706321; 1.1308023913329; -0.00665671907459788
382; -0.602163593839598; 0.018523362137756; -0.00690310146984183; -0.506037336497109; 1.08391317427414; -0.120609779539803
420; -0.664680910076789; 0.262979231930331; -0.275365999278386; -0.323524105412586; 1.02411295960892; -0.00599574957975067
409; -1.37716810736703; 0.174272122607284; -0.032511126260522; -0.489415989386788; 1.05539994086767; 0.151657793731868
418; -1.16052522681888; 0.383513551925572; -0.108521059903472; -0.373619799755875; 1.16186510426004; 0.0324014853006633
406; -1.14409978671553; -0.0424858276328126; -0.19662644929573; -0.420669338256035; 1.06292223834149; -0.0386564043361425
411; -0.671472542113977; 0.149109964774583; 0.0684703501522229; -0.350418207802426; 1.12743988123321; -0.113362629786759
383; -0.800797808285823; 0.326385915451965; 0.0877149145820958; -0.36592853076255; 1.15709341195174; -0.0634386093298179
361; -0.768495773976295; 0.233248163540734; 0.0414055194924052; -0.344279324117045; 0.945208924402237; 0.00645970163663531
398; -0.641903100822389; 0.218733294264027; 0.137804103489014; -0.500881327509388; 1.03291091341315; 0.0372190027400741
413; -1.88205642240924; 0.383744000440091; 0.139631871597704; -0.305861387845554; 1.06947466898601; -0.0392144665256337
358; -1.07378855994596; 0.318862046067149; -0.621740674453945; -0.406794601553389; 1.11201436051083; -0.143002194662636
359; -0.859282799931995; 0.422348933252799; -0.116226139049831; -0.384351294080238; 1.04889459775918; -0.107453500849139
392; -0.757796333616612; 0.272920475989601; 0.268595764615144; -0.426662987392411; 1.01167770594861; 0.015264995787202
412; -0.942550205289041; 0.130597804211105; -0.0919952709117776; -0.269721449689718; 0.958697689630139; 0.0251675255021411
396; -1.19778401147356; 0.0223917045821202; 0.525918077203945; -0.355530009384527; 1.09852031170051; 0.130084308689592
421; -0.764538658824677; 0.0239918151819144; 0.143072331492085; -0.494807548869308; 1.07165852552161; 0.0197636919027642
422; -0.562420990109572; 0.0551117453581738; -0.00433763070915129; -0.323892394645605; 1.14805163605163; 0.00756132595569488
410; -0.648703127732696; 0.325432526950311; 0.302168615619137; -0.438119647599375; 1.01227415043342; 0.0530868801104701
428; -0.693430044220853; 0.234460378219689; -0.132471712347498; -0.450967963525493; 1.05641653265543; -0.0278397212658942
425; -0.984735886822519; 0.243082961415211; -0.428049722096766; -0.45650333161281; 1.0144219463584; -0.0194608972102813
417; -0.720794025705994; 0.0350411598741207; -0.0713513647465886; -0.42427317566004; 1.12533988690138; -0.0683674536645202
427; -0.971584128071728; 0.0622431940822501; 0.0100922280779134; -0.431077373429624; 1.17450882012546; -0.0374274334444011
407; -0.875131673996933; 0.216934593593811; 0.148005617790938; -0.416397798082335; 1.1974502204466; -0.0571899202001699
438; -0.788341155339047; 0.307052124130614; 0.224681886834264; -0.288074379467699; 1.09305167844972; -0.0446511418716522
400; -0.645043111958273; -0.107853414547975; 0.0923942793260989; -0.353747259122518; 1.1832403526225; -0.164757147559526
426; -0.615739219430657; 0.109890587592659; 0.189964997322419; -0.273214859144912; 1.22444136555318; -0.0218176693636481
405; -1.11572009121386; 0.239808943996972; 0.154844049201205; -0.340857425484174; 1.15728122482669; -0.0162808731803403
419; -0.965193629620343; 0.09765351258417; -0.0984995429055969; -0.265957510195884; 1.04615304846949; -0.089611889560997
434; -0.933286656404688; 0.179484735364912; -0.498238584487147; -0.357283986768324; 1.11220685049194; 0.144862857797658
394; -0.680400432824386; 0.164077115285461; -0.16017938610727; -0.506207628111795; 1.03703741961086; 0.0355218616232984
431; -0.683407251177858; 0.210594847455272; -0.438237194622553; -0.365782051635719; 0.977408512315831; 0.109960661587928
381; -1.00540401976945; 0.256763865748467; -0.083399697717909; -0.332089968649903; 1.09410113914164; -0.0489195035947707
423; -1.06824248776896; 0.259533829201403; -0.0988680548977495; -0.41630535428383; 0.983171877213889; -0.00294249995010873
443; -0.984517701632514; 0.299949821418597; -0.20356530235121; -0.406855956691558; 1.12046714399793; 0.0969455259715913
442; -0.642772681560786; 0.149264157081949; -0.214224927591621; -0.459631689837207; 1.197483562502; 0.0601509465680441
444; -0.871040322845178; 0.110409799163016; -0.0322242381920306; -0.561693649018755; 1.1978596181064; 0.0141846017102428
365; -1.13075229365022; 0.114877031098376; -0.5571968174977; -0.325099669420883; 1.11919025641516; 0.00801000156475492
432; -0.641439605954498; 0.0117274796445284; -0.43859501216038; -0.369160916578221; 1.05180958404456; -0.0988810660446908
436; -0.993618107249178; 0.449908094784519; -0.100736253166799; -0.409678147567601; 1.07006223212824; -0.0962723774259507
439; -0.703615677840687; 0.368789116621361; 0.0839381816073145; -0.486782024119766; 1.13576165351077; -0.0562106335419942
445; -0.799400450761978; 0.27468377627588; -0.233067963407663; -0.406547505411546; 1.01769896674793; 0.0185795372216079
437; -0.925414022050169; 0.124696544206635; -0.183980029625605; -0.389884272749623; 1.0332176846473; -0.0354221947742025
459; -0.800765690026441; 0.313113366820438; 0.158868548081239; -0.319610273483535; 1.07489807298004; 0.0444210811773514
440; -0.790755754678203; 0.255758424757772; -0.232101264337875; -0.415390127374171; 0.989845495747058; -0.0213606722017731
387; -0.639731981028207; 0.372373273416942; -0.0302102935199519; -0.495352643932288; 1.0810024874276; -0.0490434319647828
454; -0.730011730111325; 0.20284959700428; -0.041906577033926; -0.418945245306469; 1.1622949356022; 0.124020929869852
399; -1.20093094489175; 0.0144602208059185; 0.00459208137605179; -0.400808485123734; 1.12393414431722; -0.000908586165717009
452; -0.473515563314158; 0.055364184579355; -0.128788720501339; -0.521473827849675; 0.953924993167208; 0.0329142318770335
468; -1.41362248682407; 0.256468430253034; -0.169218333006012; -0.455108217435084; 1.17783414164178; 0.0101836826977475
408; -0.967994272113272; 0.482762741455549; 0.292022251174658; -0.402658085582428; 1.11573304364304; -0.0683281767824915
453; -0.85022100544094; 0.2009832930103; 0.136845557182925; -0.370653761138901; 1.12779807894375; 0.115122581072157
474; -0.895713796533705; 0.139037501670417; 0.130795564905048; -0.386962902048631; 1.02041736054738; 0.0284578070020223
401; -1.01722224089946; 0.27437379555776; 0.0309842790541294; -0.431686829600803; 1.19479129169921; -0.0416391546985546
448; -0.706778198611951; 0.344935423326521; 0.00931637639209153; -0.469011961957521; 1.0569456209093; 0.0387006642579901
467; -0.759592059167179; 0.196675292280086; -0.243801055614038; -0.327312221302995; 1.16802602613536; 0.0190142459063019
476; -1.03607321391842; 0.0721297997115074; -0.168261324754934; -0.348144968055478; 1.08523465370301; 0.00165879884989809
480; -1.58323965950141; 0.0912339489034394; 0.191556091261332; -0.538236882071411; 1.10458378077205; 0.0367773067821641
441; -0.936788835857904; 0.123724780322319; 0.0738132799822958; -0.42195461711851; 1.04613381663623; 0.0285185393025515
450; -0.844733328091532; 0.111176858741487; -0.0458971840454751; -0.291350856477178; 1.28658117905913; -0.0366409509319295
457; -0.926912785948831; 0.0586205380791795; -0.269151318171151; -0.317657655849705; 1.07998479956114; 0.0417055347783548
458; -0.622764443367772; 0.248924874309649; 0.230180335515977; -0.28792472321252; 1.00501743602268; 0.0405898801213712
463; -0.718423162291583; 0.156025384487307; 0.277359747475174; -0.453898088066089; 1.19090890875527; -0.0272812712849026
416; -1.00171660119499; 0.342131210953208; -0.086278721193767; -0.35911057832399; 1.17111048876941; 0.144437536402551
470; -1.10613302919895; 0.399159801909314; 0.234140708688841; -0.359165412130815; 0.968398401784117; 0.0106760783913953
455; -0.603108500271247; 0.204640566634687; -0.311185697834341; -0.423879974725462; 1.1348223853513; 0.0671733797147043
466; -0.906972390853933; -0.182706648065175; -0.147355625525669; -0.458966817908346; 1.21274488108253; -0.0480578094565718
456; -0.994713292164462; 0.296902352456938; 0.0683255857646963; -0.480920921398429; 1.0028006119343; -0.0832402191267654
461; -0.971929385599228; -0.221605902334108; -0.246512164055267; -0.428693339688072; 1.16246209341776; -0.030812439160329
449; -0.53320399828305; 0.0414103348784741; 0.00613699159921332; -0.374681373155348; 1.00712395723583; 0.0138730131441575
460; -0.996560058273432; 0.233696785371623; -0.0572198775504141; -0.44504831642592; 1.03748090056719; -0.0526233316359642
451; -0.90069335812414; 0.235592934697103; 0.0447727757311858; -0.480650089099259; 1.09753483590184; -0.0302632033608699
464; -0.674958213838964; 0.198775009401146; 0.0203239105750028; -0.475612144994996; 1.04389927815786; -0.116863645280897
433; -1.03807107138514; 0.123300972722842; 0.0664581803086437; -0.395375148434757; 1.1257332238426; 0.0181237390353583
414; -0.523675664543476; 0.677985709744165; 0.433276758960781; -0.410844732016827; 1.13866797266257; 0.0916597065477642
469; -0.719097246216507; 0.272198181599987; -0.00166061152061566; -0.308738768042353; 1.0279883167297; 0.111091101366816
430; -1.12070743225127; 0.0642669973592103; 0.186552949689322; -0.387276142483952; 1.16584449328066; 0.0778635200117762
487; -0.675150267985313; 0.0731866154399717; 0.22664680078512; -0.336550724721878; 1.11517582288321; 0.0979831821285475
483; -0.751239534453318; 0.482679298844432; 0.0627740954507012; -0.244429852459492; 1.22819249658286; -0.024519404788842
477; -1.30629310716403; 0.319064430810811; 0.240754888725523; -0.427986395583884; 1.06606822427341; -0.0368366335965863
386; -1.33831920022062; -0.100730852094869; 0.173883217207298; -0.37085038519883; 1.13430893019783; -0.145943380300843
462; -1.16048396451522; 0.194068630553452; -0.225647797651442; -0.428171383276198; 1.05835807990838; 0.0105716541244825
447; -1.14868237226199; 0.134335457097215; 0.239336001059115; -0.384563991380882; 1.2163244137624; -0.0379535522805685
475; -1.14533159601238; 0.18794360843157; -0.0998559454924045; -0.28720981215999; 1.19953541987224; -0.0928715391900253
472; -1.0599380806056; 0.410046147337116; 0.145628085974638; -0.490415173970272; 1.13369951198753; 0.0237057634465032
471; -1.04306904206209; 0.175584861632535; -0.208531853781695; -0.456889710332245; 1.10753650046056; 0.00382655205678151
424; -0.865650262275457; 0.171073553737434; 0.109878874163463; -0.405834726452413; 1.06007805295754; 0.0252883628330557
415; -0.754617471682094; 0.257117312693495; -0.475626892681342; -0.398877137609072; 1.01613355794069; 0.000996685683793847
496; -0.931314201118048; 0.199140453313354; -0.154422866413962; -0.275696419884015; 1.14446017176192; -0.0743104985471943
479; -1.32288801197463; 0.27074082256556; 0.0570434210139586; -0.462863658042219; 1.02129992316562; 0.0209650097853379
465; -1.15339631992085; 0.192964693214488; 0.0136646787355846; -0.429766339202649; 1.08699817860711; 0.0147094083605871
435; -0.800712080376102; 0.0376511705988915; -0.191613130383395; -0.3934282587485; 0.985575209363149; -0.0707050848560243
484; -0.90776054288217; 0.323608752114153; 0.0982855691001187; -0.206791168149202; 1.01985438528766; -0.058866493988674
485; -1.27905627779608; 0.159465595795488; 0.00542531794824979; -0.386133187630948; 1.12617194825975; -0.0531076618554208
491; -0.559410442747591; 0.153034620410741; 0.0693473819351566; -0.518568651495027; 1.0510463895709; 0.00250218365811319
488; -1.03485286219566; 0.284444163194546; -0.110921883973986; -0.331576014846617; 1.15912440296663; 0.0277207030633305
486; -0.797746423423026; 0.171005880981637; -0.170155627750941; -0.364629569691725; 1.1391066351616; 0.00610180796088663
473; -0.799578430850517; 0.26225005784848; -0.0664010907038389; -0.491938759376278; 1.17077295295242; -0.00927337940550284
481; -1.15350707291225; 0.276727829551393; -0.244647810973124; -0.385840052852632; 1.03753231437482; 0.150392522047617
429; -0.969539313734728; 0.484470728925674; -0.192548367300561; -0.445486595945265; 1.13554065991781; -0.00186404799885603
493; -1.2592349850771; 0.143701694812337; -0.0195611144150532; -0.347745191149832; 1.08802378991641; 0.0122145616841478
499; -0.97663395506926; 0.302605655072765; -0.477042977755243; -0.342461524057462; 1.07928559081974; 0.022907440699589
497; -1.07622450836234; -0.0435813789469924; -0.123175187251616; -0.287887522670018; 1.0871790915359; -0.0213619725936015
495; -0.796493221534661; 0.483862312551481; 0.023915750844435; -0.439376393647599; 1.16714319520234; -0.0166296687419755
478; -0.793208229392452; 0.0249370284530892; -0.0285847519815517; -0.500073233752173; 1.15483147964755; 0.0314422150183723
446; -0.393231580098252; 0.491722869679805; -0.0954452811815597; -0.322575767720943; 1.12262681131955; -0.0910419758184072
490; -1.17963849005529; 0.25837721728808; 0.0194273293236042; -0.429147362341711; 1.06682383149096; 0.0401034260937275
489; -0.904972008785184; 0.136233794641235; -0.100448110810834; -0.403524926281912; 1.17649699771406; -0.0980211990922101
498; -0.849051066834116; 0.269002934600721; 0.00702618754635007; -0.581854275253141; 1.19229106903089; -0.00393147552248881
482; -0.838839014480621; 0.136225668703708; 0.125631973599215; -0.351043952833778; 1.20133331884689; 0.0475558729981972
492; -0.719838449706646; 0.400572433553749; 0.0485611088244951; -0.455959057492486; 1.05261654783411; 0.0439813879534394
494; -1.17077828989149; 0.351586928325511; -0.048180229708932; -0.45491549142634; 1.09199182797298; 0.00231876629937505
