0.000000000000000000e+00 9.655484466905998174e-11
6.920000000000000000e+02 8.875123158985850312e-07
8.740000000000000000e+02 5.841063168381773080e-06
1.349000000000000000e+03 6.875722535649243329e-06
1.707000000000000000e+03 7.591978193184173227e-06
2.958000000000000000e+03 8.335299646589708824e-06
3.346000000000000000e+03 9.743647667407497799e-06
4.314000000000000000e+03 1.117044383827040491e-05
5.075000000000000000e+03 1.144412261710783368e-05
6.204000000000000000e+03 1.364718526225075952e-05
7.304000000000000000e+03 1.702521775103009823e-05
7.986000000000000000e+03 1.768799934840247412e-05
8.761000000000000000e+03 2.632520743429277486e-05
1.033700000000000000e+04 2.880025929824817191e-05
1.103100000000000000e+04 3.001166986763830562e-05
1.232400000000000000e+04 3.187045664016227234e-05
1.302200000000000000e+04 3.369270306479772741e-05
1.346300000000000000e+04 3.681166421941761029e-05
1.425600000000000000e+04 3.770273994311331144e-05
1.468600000000000000e+04 3.934992046995009016e-05
1.536900000000000000e+04 5.881914338652137957e-05
1.573700000000000000e+04 6.412559406131814995e-05
1.637700000000000000e+04 7.038317321433013387e-05
1.729300000000000000e+04 7.518429455819831183e-05
1.810900000000000000e+04 9.966179911085106533e-05
1.889100000000000000e+04 1.119314373123847869e-04
1.936100000000000000e+04 1.121939298235688091e-04
2.052900000000000000e+04 1.149372323306871332e-04
2.154900000000000000e+04 1.215993200262431757e-04
2.278300000000000000e+04 1.222448758595916446e-04
2.320300000000000000e+04 1.561810525180640360e-04
2.481600000000000000e+04 1.661177014273867904e-04
2.547200000000000000e+04 1.659480594540540567e-04
2.601300000000000000e+04 1.640510879367509446e-04
2.645900000000000000e+04 1.332069561010736634e-04
2.710900000000000000e+04 1.229992506865528346e-04
2.756700000000000000e+04 1.208865132815066339e-04
2.887500000000000000e+04 9.552733913737776244e-05
2.968000000000000000e+04 9.537812774015270501e-05
3.000000000000000000e+04 8.298865140994364455e-05
