7; 0.6178123950958252; -0.4825301170349121; 0.14602865278720856; -0.6837159395217896; 1.079301118850708; 0.000985453836619854; 
3; 0.6179882884025574; -0.9627091288566589; -0.02255844511091709; -0.6327490210533142; 0.970224916934967; 0.12972542643547058; 
37; 0.8272008299827576; -0.5092507600784302; -0.11318670213222504; -0.627248227596283; 0.9822993278503418; 0.03671541437506676; 
72; 0.705935537815094; -0.16034655272960663; -0.26527169346809387; -0.7965588569641113; 1.0508226156234741; 0.037261173129081726; 
90; 0.5568627119064331; -0.6984278559684753; 0.04343033209443092; -0.7889401912689209; 1.0030863285064697; -0.025470130145549774; 
71; 0.7728247046470642; -1.109060287475586; -0.42383548617362976; -0.8037746548652649; 1.05416738986969; 0.03993644565343857; 
1; 1.0414141416549683; -0.4929827153682709; -0.22466611862182617; -0.7417396903038025; 0.9548895955085754; 0.1021835058927536; 
30; 0.8903623819351196; -0.47295790910720825; -0.20915740728378296; -0.8072028160095215; 0.9817714691162109; 0.01970740407705307; 
38; 0.6960752606391907; -0.42220547795295715; 0.16904953122138977; -0.7353137731552124; 0.9670259952545166; -0.05910934880375862; 
45; 0.7398541569709778; -0.7972304821014404; -0.1037466824054718; -0.6035016179084778; 0.9967106580734253; -0.026852067559957504; 
8; 0.7262704968452454; -0.8734769821166992; -0.3757850229740143; -0.8956560492515564; 0.9354506731033325; 0.01313522644340992; 
23; 0.7001439332962036; -0.3970758318901062; -0.1301003098487854; -0.666915774345398; 1.0289651155471802; 0.05713990330696106; 
19; 0.7140915989875793; -0.5624581575393677; -0.5163364410400391; -0.6660104990005493; 1.058643102645874; 0.05265272408723831; 
26; 0.6823877096176147; -0.11719626188278198; -0.14289450645446777; -0.8148903846740723; 1.1004769802093506; -0.06433653831481934; 
93; 0.726118266582489; -0.9864277243614197; -0.17532512545585632; -0.8463101983070374; 1.01909601688385; -0.03854173421859741; 
87; 0.532800555229187; -0.7474239468574524; -0.20257259905338287; -0.7417380809783936; 0.9842264652252197; 0.004050720017403364; 
89; 0.7606818079948425; -0.8064175844192505; -0.17449933290481567; -0.6898472309112549; 0.9733442664146423; -0.09273764491081238; 
69; 0.6474434733390808; -0.8968616127967834; 0.05679274722933769; -0.6169825196266174; 0.9901964068412781; -0.03388218954205513; 
16; 0.8773434162139893; -0.44557613134384155; -0.10395336151123047; -0.7323986887931824; 0.9505605101585388; -0.22725294530391693; 
67; 0.8161265254020691; -0.4140399694442749; -0.07693581283092499; -0.6578131318092346; 1.0278509855270386; 0.027460988610982895; 
74; 0.5696837902069092; -0.263884574174881; -0.066705621778965; -0.8160649538040161; 1.0469419956207275; 0.008184846490621567; 
24; 0.899252712726593; -0.5212094783782959; 0.21429234743118286; -0.8006273508071899; 0.8788661360740662; -0.042658329010009766; 
5; 0.8178867697715759; -0.48842743039131165; -0.14736497402191162; -0.7716601490974426; 0.9981234073638916; 0.008534916676580906; 
36; 0.5938360095024109; -0.7804114818572998; -0.3537403643131256; -0.6383856534957886; 0.8662149906158447; -0.022381935268640518; 
62; 0.6960500478744507; -0.6547137498855591; 0.14574205875396729; -0.8869376182556152; 1.0356439352035522; 0.09402772784233093; 
66; 0.7705470323562622; -0.7106107473373413; 0.1581628918647766; -0.6744997501373291; 1.031945824623108; -0.0929819643497467; 
94; 0.6186826229095459; -0.21923869848251343; 0.00649846950545907; -0.6426077485084534; 1.0511300563812256; 0.09307549148797989; 
80; 0.6205849647521973; -0.4725661873817444; -0.14267562329769135; -0.6718910336494446; 0.9914790987968445; 0.0486178919672966; 
11; 0.8530828356742859; -0.22572097182273865; -0.02104114182293415; -0.6361411213874817; 1.0215513706207275; 0.18999257683753967; 
64; 0.7748667001724243; -0.4920734465122223; -0.11489229649305344; -0.5837920904159546; 0.8762595653533936; 0.1099771112203598; 
29; 0.8464217185974121; -0.9415616393089294; 0.16388554871082306; -0.731656551361084; 0.9500190615653992; -0.04086656495928764; 
27; 0.7769290208816528; -0.642194390296936; 0.2113419473171234; -0.6677830815315247; 0.9970051050186157; 0.12616132199764252; 
17; 0.9711061120033264; -0.6290592551231384; -0.3494400084018707; -0.8178455233573914; 1.0361359119415283; -0.08538179844617844; 
56; 0.863429605960846; -0.6272317171096802; -0.1311686784029007; -0.7324260473251343; 0.9364251494407654; -0.05248499661684036; 
44; 0.812234103679657; -0.9281278848648071; 0.0030223126523196697; -0.50319504737854; 0.9579827189445496; 0.08586420863866806; 
20; 0.8573482036590576; -0.39649832248687744; -0.08355633169412613; -0.7172397375106812; 0.9697550535202026; 0.05959494039416313; 
14; 0.8309828639030457; -0.8796125054359436; 0.1661052703857422; -0.750180184841156; 1.0749828815460205; 0.17528314888477325; 
99; 0.9510166049003601; -0.3043413460254669; 0.15378418564796448; -0.8343910574913025; 0.8295507431030273; 0.022364210337400436; 
77; 0.6529808640480042; -0.8000852465629578; -0.041319020092487335; -0.7184216976165771; 0.9777737855911255; -0.019180379807949066; 
18; 0.5390389561653137; -0.4016415476799011; -0.3952425420284271; -0.797696590423584; 1.0406906604766846; -0.06703455001115799; 
95; 0.8189318180084229; -0.34568190574645996; 0.23935489356517792; -0.710085928440094; 0.8405147194862366; -0.008787334896624088; 
68; 0.6617896556854248; -0.6615152955055237; -0.12902264297008514; -0.5788106918334961; 0.9979386329650879; -0.09853563457727432; 
81; 0.9168462753295898; -0.49832698702812195; -0.06632929295301437; -0.5423702001571655; 1.0601093769073486; -0.029366055503487587; 
35; 0.8291480541229248; -0.5745689272880554; -0.23877345025539398; -0.8800427913665771; 0.9846628308296204; -0.07351210713386536; 
12; 1.005446434020996; -0.6142572164535522; 0.026770906522870064; -0.8604773879051208; 1.0755733251571655; 0.002902107546105981; 
91; 0.5780428051948547; -0.30838441848754883; -0.03946270793676376; -0.7532250285148621; 1.1440677642822266; 0.16279858350753784; 
28; 0.7022451758384705; -0.3659589886665344; -0.147101491689682; -0.8822585940361023; 0.8563175797462463; 0.03702828288078308; 
73; 0.9449338316917419; -0.3220241963863373; -0.24600854516029358; -0.707137942314148; 0.8975531458854675; 0.06113695353269577; 
32; 0.7558972239494324; -0.3711094558238983; 0.07913798838853836; -0.6276428699493408; 0.9316074848175049; 0.07899294793605804; 
22; 1.0640720129013062; -0.50867760181427; 0.19784122705459595; -0.6610621809959412; 1.0314273834228516; 0.11026941239833832; 
58; 0.4804357588291168; -0.6028116345405579; 0.16831554472446442; -0.6898835897445679; 1.0401557683944702; 0.0738171860575676; 
98; 0.5856561064720154; -0.34384989738464355; -0.04439527168869972; -0.6053498983383179; 0.8991414308547974; -0.05024231970310211; 
65; 0.7085140943527222; -1.2368265390396118; 0.1853831261396408; -0.7898371815681458; 1.0055644512176514; 0.08541002869606018; 
76; 0.7424343824386597; -0.6320561766624451; -0.4788081645965576; -0.7425764203071594; 0.8996773958206177; 0.025450803339481354; 
79; 0.8818694353103638; -0.832781195640564; -0.20830212533473969; -0.7943395972251892; 0.955219566822052; 0.0003620879724621773; 
10; 0.7591251134872437; -0.6522883772850037; -0.043165165930986404; -0.6916369795799255; 1.049004077911377; -0.0012082094326615334; 
96; 0.5758802890777588; -0.415092796087265; -0.26906076073646545; -0.8619099259376526; 1.0099655389785767; -0.20845259726047516; 
2; 0.5351013541221619; -0.5662546753883362; -0.09993074089288712; -0.5541045665740967; 1.0568108558654785; 0.07925698161125183; 
75; 0.41082441806793213; -0.9464679956436157; -0.2504064738750458; -0.7429106831550598; 1.0358781814575195; 0.010448642075061798; 
88; 0.5126585960388184; -0.6225210428237915; 0.14975973963737488; -0.5972729921340942; 0.9550938606262207; 0.07844307273626328; 
46; 0.8029892444610596; -1.027360200881958; 0.3060317635536194; -0.7718386650085449; 1.0849581956863403; 0.07455356419086456; 
97; 0.9317889213562012; -0.6838235855102539; -0.20810642838478088; -0.7357184290885925; 1.0318723917007446; 0.03748628497123718; 
59; 0.5388216376304626; -0.8855669498443604; 0.003256920725107193; -0.7720465064048767; 1.0143482685089111; -0.03325657546520233; 
21; 0.6325496435165405; -0.5714132189750671; -0.18116262555122375; -0.6109154224395752; 0.9996171593666077; 0.1720339059829712; 
39; 0.57081139087677; -0.6185410022735596; -0.1283857673406601; -0.6125492453575134; 0.9529083371162415; 0.002473845612257719; 
52; 0.59601229429245; -0.7067787647247314; -0.02869866043329239; -0.6702153086662292; 1.030487298965454; -0.005379375535994768; 
34; 0.9621883630752563; -0.7085257768630981; 0.046478576958179474; -0.7292302846908569; 1.040674090385437; -0.10495127737522125; 
82; 1.087320327758789; -0.450113445520401; -0.2991461455821991; -0.6080378293991089; 1.02937912940979; -0.005582523997873068; 
54; 0.8836321234703064; -0.7291143536567688; -0.03995221108198166; -0.6572502255439758; 1.015162467956543; -0.011040106415748596; 
31; 0.8692747354507446; -0.620585560798645; 0.006082786247134209; -0.6625675559043884; 1.1255476474761963; -0.03593260049819946; 
49; 0.8857970833778381; -0.9713597297668457; -0.025898223742842674; -0.7434989809989929; 1.0368932485580444; 0.09346216917037964; 
41; 0.8688722848892212; -0.45522308349609375; -0.06516243517398834; -0.7669742703437805; 0.9755855798721313; -0.12149789929389954; 
13; 0.8822312951087952; -0.613623857498169; 0.06644000113010406; -0.7229357957839966; 1.0394922494888306; -0.04013558104634285; 
78; 0.8671901822090149; -0.16531790792942047; -0.03269772604107857; -0.6787140369415283; 1.0076301097869873; -0.035276103764772415; 
92; 0.7096531391143799; -0.39965322613716125; -0.1692393720149994; -0.6629213094711304; 0.9893798232078552; 0.1446423977613449; 
15; 0.839301347732544; -0.5399158000946045; -0.0036079557612538338; -0.685110330581665; 1.0058189630508423; 0.0816289409995079; 
47; 0.788813054561615; -1.0168784856796265; -0.03621186688542366; -0.7611702680587769; 1.0479965209960938; 0.12037071585655212; 
83; 0.8355193734169006; -0.2936905324459076; -0.09465837478637695; -0.7166337370872498; 0.9236853122711182; -0.08669666945934296; 
57; 0.7692567110061646; -0.7577604055404663; 0.22717659175395966; -0.6815289855003357; 0.9632920026779175; 0.09762461483478546; 
33; 0.7969003319740295; -0.5005074143409729; -0.05020149424672127; -0.6802327036857605; 0.9430673718452454; 0.05462876707315445; 
43; 0.7813518643379211; -0.36387962102890015; -0.28862112760543823; -0.773163914680481; 1.053420066833496; 0.021455908194184303; 
50; 0.9113159775733948; -0.9326522350311279; 0.25176137685775757; -0.7294663786888123; 1.0075905323028564; 0.053799472749233246; 
9; 0.5868375897407532; -0.6356730461120605; -0.18675749003887177; -0.6315082907676697; 0.9418871402740479; 0.017938455566763878; 
55; 0.6270403861999512; -0.5322394371032715; -0.001177132478915155; -0.5110155344009399; 0.999611496925354; -0.009277120232582092; 
86; 0.6117384433746338; -0.21558140218257904; -0.044943131506443024; -0.7685577869415283; 1.187137484550476; -0.02979186177253723; 
100; 0.5944042801856995; -0.8398173451423645; 0.06619279086589813; -0.7566511034965515; 0.9951602816581726; 0.1388707011938095; 
70; 0.8352571725845337; -0.33903855085372925; 0.02223498746752739; -0.7003459930419922; 1.000735878944397; -0.03752988576889038; 
51; 0.7380166053771973; -0.12721961736679077; -0.26725438237190247; -0.6574832797050476; 1.131508231163025; -0.03570203855633736; 
61; 0.5447313785552979; -0.7055660486221313; 0.24361823499202728; -0.6189559698104858; 1.1832853555679321; -0.02106497436761856; 
4; 0.7712470889091492; -0.511734127998352; -0.21930839121341705; -0.8029372096061707; 0.967290461063385; -0.051240473985672; 
42; 0.5719354152679443; -0.3202574551105499; -0.09146654605865479; -0.6406444311141968; 1.0340954065322876; -0.07578364759683609; 
53; 1.0019458532333374; -0.7485435009002686; -0.06810109317302704; -0.6289422512054443; 0.9065996408462524; -0.12218670547008514; 
48; 1.0568903684616089; -0.16075654327869415; 0.18952791392803192; -0.7744206786155701; 1.09298574924469; -0.17945276200771332; 
40; 0.5753178000450134; -0.698255181312561; 0.05802896246314049; -0.7200735807418823; 1.0205103158950806; 0.1237984374165535; 
84; 0.7830080986022949; -0.7956932187080383; -0.10045591741800308; -0.7083755135536194; 0.9694421291351318; -0.08405368030071259; 
6; 0.7905314564704895; -0.8073893189430237; 0.09638012945652008; -0.6853787302970886; 1.0620660781860352; -0.012140963226556778; 
85; 0.8989543318748474; -0.25180789828300476; -0.06577206403017044; -0.7239580154418945; 0.9874361157417297; 0.040063533931970596; 
25; 0.4871097803115845; -0.6460376381874084; -0.18777795135974884; -0.7024622559547424; 0.9738084077835083; -0.23998092114925385; 
71; 0.7728247046470642; -1.1090601682662964; -0.4238354563713074; -0.8037747144699097; 1.0541672706604004; 0.03993644192814827; 
72; 0.705935537815094; -0.1603465974330902; -0.26527169346809387; -0.7965588569641113; 1.0508226156234741; 0.03726119548082352; 
63; 0.671879768371582; -0.6621293425559998; -0.07573932409286499; -0.6468585133552551; 1.0611218214035034; 0.003579929005354643; 
60; 0.88427734375; -0.7372940182685852; 0.1330220103263855; -0.6928285360336304; 0.9042220115661621; 0.022603612393140793; 
90; 0.5568628311157227; -0.6984277963638306; 0.04343034699559212; -0.7889401912689209; 1.0030863285064697; -0.025470124557614326; 
37; 0.8272007703781128; -0.5092507600784302; -0.11318667232990265; -0.6272481083869934; 0.9822993278503418; 0.03671540692448616; 
7; 0.6178123354911804; -0.4825301766395569; 0.14602865278720856; -0.6837159395217896; 1.0793012380599976; 0.0009854529052972794; 
3; 0.6179882287979126; -0.9627090692520142; -0.022558441385626793; -0.6327490210533142; 0.9702249765396118; 0.12972542643547058; 
197; 1.0042928457260132; -0.5612767934799194; -0.3863201141357422; -0.7972738742828369; 0.9597506523132324; -0.04306691512465477; 
171; 0.6604431867599487; -0.7760063409805298; -0.09129136055707932; -0.6571403741836548; 1.1501480340957642; 0.004593878984451294; 
106; 0.9925384521484375; -0.8724425435066223; 0.19658634066581726; -0.7158850431442261; 1.005202293395996; 0.06714920699596405; 
155; 0.7648213505744934; -0.9436487555503845; -0.35878804326057434; -0.7626190185546875; 0.9131869077682495; -0.07054357975721359; 
173; 0.7459213137626648; -0.47203636169433594; -0.015415250323712826; -0.677865207195282; 1.0902884006500244; -0.11090374737977982; 
132; 0.7614041566848755; -0.4717462658882141; -0.025429164990782738; -0.6250417828559875; 1.0965795516967773; 0.15549267828464508; 
125; 0.7281410098075867; -0.5584673285484314; -0.2026410847902298; -0.6641587615013123; 0.945839524269104; 0.00702691962942481; 
154; 0.6689746975898743; -0.5173163414001465; 0.026309654116630554; -0.758316159248352; 1.0644699335098267; 0.037563540041446686; 
170; 0.9465618133544922; -0.8148779273033142; 0.2162562906742096; -0.6748005151748657; 0.925254225730896; -0.021606601774692535; 
152; 0.8425702452659607; -0.11520776152610779; 0.103641077876091; -0.7286891937255859; 0.8538248538970947; 0.11989400535821915; 
145; 0.9768608212471008; -0.5947090983390808; -0.2575225532054901; -0.6567911505699158; 1.0655465126037598; 0.006890694610774517; 
119; 0.9023187756538391; -0.7206752896308899; -0.10287124663591385; -0.7687950134277344; 1.01813805103302; -0.015055342577397823; 
104; 0.6928144097328186; -0.4743565022945404; -0.06530466675758362; -0.7682867646217346; 0.9789278507232666; 0.1039571762084961; 
133; 0.8378843069076538; -0.6918023824691772; 0.11822246760129929; -0.7317308783531189; 0.9112414717674255; -0.019745822995901108; 
115; 0.8854460120201111; -0.7754727602005005; 0.1640860140323639; -0.6847112774848938; 1.0296083688735962; -0.0026029448490589857; 
186; 0.8802155256271362; -0.8471074104309082; -0.11438082158565521; -0.7645952105522156; 1.0132519006729126; -0.024970030412077904; 
183; 0.7563279271125793; -0.5170812606811523; 0.35771188139915466; -0.7401527762413025; 0.9863741397857666; -0.040014687925577164; 
116; 0.6383011937141418; -0.5089735984802246; 0.10402803122997284; -0.651163637638092; 1.1203248500823975; -0.10817260295152664; 
135; 0.8733799457550049; -0.599876880645752; -0.5403715968132019; -0.6468614935874939; 1.0167731046676636; 0.04744250327348709; 
159; 0.8504517674446106; -0.4252230226993561; -0.5257907509803772; -0.650972843170166; 0.9366245865821838; 0.030819520354270935; 
196; 0.9846780896186829; -0.8103032112121582; -0.4218463897705078; -0.6689136028289795; 1.0110201835632324; -0.05327644199132919; 
179; 0.7827784419059753; -0.25245216488838196; 0.08579742163419724; -0.5602288246154785; 1.035644292831421; 0.0914350226521492; 
129; 0.7017778754234314; -0.883917510509491; 0.06558525562286377; -0.7970533967018127; 0.9175887107849121; 0.08175212144851685; 
141; 0.6949611902236938; -0.8426610827445984; -0.12050648033618927; -0.5340531468391418; 1.1026121377944946; -0.06916234642267227; 
198; 0.7269940972328186; -0.2624920904636383; 0.17788149416446686; -0.6892008781433105; 0.865592360496521; 0.09987138956785202; 
124; 0.8828576803207397; -0.6858290433883667; 0.08269771188497543; -0.7411094903945923; 0.9988580346107483; -0.03952847421169281; 
181; 0.7530426979064941; -0.4960590898990631; -0.27962708473205566; -0.7265224456787109; 1.0751172304153442; -0.08036775887012482; 
126; 0.8336276412010193; -0.46286681294441223; -0.05922755226492882; -0.7527068853378296; 0.9544762969017029; 0.018499944359064102; 
112; 0.2914575934410095; -0.2822183072566986; 0.1479065716266632; -0.7014989256858826; 0.7972977757453918; -0.054125115275382996; 
149; 0.859153687953949; -0.5494531989097595; 0.004088702145963907; -0.6076545119285583; 1.036156177520752; -0.02549826167523861; 
151; 0.5010255575180054; -0.9669917225837708; -0.05937497317790985; -0.7575877904891968; 1.015411376953125; -0.10433614999055862; 
127; 0.6122506856918335; -1.049437403678894; 0.11147718876600266; -0.9266173243522644; 0.8855258226394653; -0.0661856085062027; 
157; 0.6845381855964661; -0.5047262907028198; -0.003335188142955303; -0.5293052196502686; 1.0957926511764526; -0.09020914137363434; 
103; 0.5870842933654785; -0.3481002748012543; -0.07402262091636658; -0.6708359718322754; 1.0217626094818115; -0.061129309237003326; 
105; 0.8189377784729004; -0.6683332324028015; 0.23381847143173218; -0.6535815000534058; 0.9859232306480408; 0.0005760932108387351; 
156; 0.6183484792709351; -0.5601427555084229; -0.0988570973277092; -0.59816575050354; 1.0320903062820435; -0.05434456840157509; 
134; 0.4764139950275421; -0.858217179775238; -0.0047337356954813; -0.6248748898506165; 1.0033109188079834; -0.038788650184869766; 
140; 0.9683603644371033; -0.40362226963043213; -0.04005003720521927; -0.7177261710166931; 1.0290088653564453; -0.19716322422027588; 
111; 0.9555641412734985; -0.7884618043899536; -0.24225224554538727; -0.7119293808937073; 0.9608145356178284; 0.008866557851433754; 
164; 0.7670060992240906; -0.6675941348075867; -0.14191678166389465; -0.6456727981567383; 1.0901988744735718; -0.07402162253856659; 
108; 0.39703238010406494; -0.6656147837638855; -0.16513757407665253; -0.716938316822052; 0.9596938490867615; -0.04174862429499626; 
136; 0.9275009632110596; -0.28049424290657043; -0.15565598011016846; -0.8143858909606934; 0.9541841149330139; -0.02128095179796219; 
199; 0.6103681921958923; -0.3110763132572174; -0.0010961397783830762; -0.6863638162612915; 1.1390397548675537; -0.0836731567978859; 
166; 0.8193560838699341; -0.5944197177886963; 0.11380413174629211; -0.6197191476821899; 0.9156833291053772; 0.09647644311189651; 
158; 0.7041693925857544; -0.8226156830787659; 0.1997056007385254; -0.5368334054946899; 0.9958910942077637; 0.0040714615024626255; 
193; 0.5719484090805054; -0.11142648011445999; -0.5743701457977295; -0.7971182465553284; 1.1328423023223877; 0.04144309088587761; 
153; 0.8556953072547913; -0.5118733048439026; -0.04142722114920616; -0.8103550672531128; 0.9629228115081787; -0.008985241875052452; 
102; 0.5405476689338684; -0.5983641743659973; 0.108526311814785; -0.7176648378372192; 1.159534215927124; -0.13673824071884155; 
114; 0.6565841436386108; -0.3007226884365082; -0.3277360200881958; -0.7011997103691101; 0.9294027090072632; 0.03866710886359215; 
163; 0.5673642158508301; -0.6563085317611694; 0.08227855712175369; -0.704811155796051; 1.0933282375335693; 0.052319981157779694; 
137; 0.6527089476585388; -0.32278287410736084; -0.20770302414894104; -0.5828981399536133; 1.0510612726211548; -0.020879870280623436; 
184; 0.9359193444252014; -0.4529508352279663; -0.01643560454249382; -0.7307983636856079; 0.8873359560966492; 0.05534861236810684; 
195; 0.6119894981384277; -0.7263972163200378; -0.10388658195734024; -0.6687053442001343; 1.0587090253829956; 0.0759332999587059; 
139; 0.7695484757423401; -0.7761712074279785; -0.35953620076179504; -0.5541280508041382; 1.1448967456817627; 0.04720453917980194; 
200; 1.0354474782943726; -0.627791702747345; -0.21374168992042542; -0.7362629771232605; 1.0278898477554321; -0.08911305665969849; 
138; 0.6636067628860474; -0.345738023519516; -0.04224671423435211; -0.6247917413711548; 1.1296273469924927; 0.08860275149345398; 
143; 0.6945551633834839; -0.4777720868587494; -0.0808502584695816; -0.7367512583732605; 0.9988242387771606; 0.06109609827399254; 
148; 0.5170592665672302; -0.550622820854187; -0.17975513637065887; -0.7644917964935303; 0.9934461116790771; 0.03520144149661064; 
178; 0.7917661070823669; -0.8863807320594788; -0.16047042608261108; -0.6798539757728577; 0.8967278599739075; 0.040821608155965805; 
191; 0.5521211624145508; -0.7783995866775513; -0.0642535537481308; -0.812890350818634; 0.8701940178871155; -0.14097383618354797; 
117; 0.5640939474105835; -0.31542152166366577; -0.1527712345123291; -0.7643842101097107; 0.9841593503952026; -0.06657427549362183; 
188; 1.0773802995681763; -0.3874710500240326; 0.2161683291196823; -0.4862304925918579; 1.006443977355957; 0.1445765346288681; 
161; 0.573267936706543; -0.6593453884124756; -0.16095004975795746; -0.7499197721481323; 0.9830710887908936; -0.11307907104492188; 
190; 0.6340844631195068; -0.6754943132400513; 0.042204417288303375; -0.7095457315444946; 0.9471175074577332; -0.03982077166438103; 
130; 1.0069268941879272; -0.6040510535240173; -0.12981529533863068; -0.6910953521728516; 1.0100399255752563; 0.01911849156022072; 
167; 0.6684507727622986; -0.8359660506248474; -0.23822803795337677; -0.8145069479942322; 1.0883238315582275; 0.10452312231063843; 
180; 0.48048555850982666; -0.6807748079299927; -0.10573341697454453; -0.7759495377540588; 1.0045044422149658; 0.044800739735364914; 
162; 0.5637174844741821; -0.68431556224823; -0.179926797747612; -0.6640113592147827; 1.0000288486480713; -0.07666294276714325; 
187; 0.7994139790534973; -0.4025645852088928; 0.10720573365688324; -0.7461274266242981; 0.9079430103302002; 0.038214460015296936; 
168; 0.7079403400421143; -0.5514866709709167; -0.13048380613327026; -0.6249603629112244; 1.041107416152954; -0.05736761912703514; 
107; 0.8170148730278015; -0.6979384422302246; -0.3771418333053589; -0.8101431131362915; 1.1037582159042358; -0.12529127299785614; 
109; 0.7642473578453064; -0.8059206604957581; -0.3086996078491211; -0.6243647933006287; 1.014456033706665; -0.0038295823615044355; 
142; 0.9763823747634888; -0.6172071695327759; 0.009810591116547585; -0.6142898797988892; 1.2097439765930176; -0.037576619535684586; 
185; 0.8250182867050171; -0.4626246392726898; -0.08516894280910492; -0.698311984539032; 0.8332988619804382; -0.1430971324443817; 
121; 0.8006329536437988; -0.6814244985580444; -0.2809186577796936; -0.7833226323127747; 1.0049842596054077; -0.025470275431871414; 
144; 0.8246206045150757; -0.42234960198402405; -0.07145324349403381; -0.6879409551620483; 0.9716073870658875; -0.03280779719352722; 
160; 0.6030038595199585; -0.5486233234405518; 0.053316690027713776; -0.8472920656204224; 1.0570276975631714; 0.0736129879951477; 
194; 0.9917156100273132; -0.3140929043292999; 0.23774662613868713; -0.7155746817588806; 1.0068150758743286; -0.0030415337532758713; 
189; 1.1990379095077515; -1.014524221420288; -0.40400105714797974; -0.6331132054328918; 1.0537471771240234; 0.09447658807039261; 
172; 0.8178890347480774; -0.21438917517662048; -0.04742499813437462; -0.8002863526344299; 1.022118330001831; -0.19905777275562286; 
101; 0.8227487802505493; -0.3546639084815979; -0.04918918386101723; -0.7538206577301025; 1.0595061779022217; -0.11699938774108887; 
123; 0.8661124110221863; -1.1427189111709595; 0.12553422152996063; -0.5943454504013062; 0.8687664270401001; 0.05747034400701523; 
118; 0.8389227986335754; -0.4473017156124115; 0.2173362672328949; -0.7290436625480652; 1.004807949066162; 0.02422330714762211; 
147; 0.7830289006233215; -0.4100334346294403; 0.052927546203136444; -0.8915820121765137; 1.00225031375885; 0.0002064332365989685; 
175; 0.8027125000953674; -0.35200703144073486; 0.055138781666755676; -0.6581065058708191; 0.8185009956359863; 0.01441208180040121; 
113; 0.8251453042030334; -0.9313467144966125; 0.07027431577444077; -0.712910532951355; 0.9551913142204285; 0.0756058543920517; 
128; 0.9177293181419373; -0.8221926689147949; -0.4083138704299927; -0.6823567152023315; 1.0390111207962036; 0.005654352717101574; 
150; 0.7756975889205933; -0.7044451236724854; 0.0936545729637146; -0.7047333717346191; 0.9917692542076111; -0.04256376624107361; 
122; 0.5731630325317383; -0.7783446311950684; -0.09693009406328201; -0.7233750820159912; 0.9492023587226868; 0.03766452148556709; 
110; 0.9640383720397949; -0.6318164467811584; -0.1354711651802063; -0.7103211283683777; 1.1651183366775513; -0.06555071473121643; 
182; 0.7283543944358826; -0.4710819125175476; -0.09399805217981339; -0.8440232872962952; 0.9959873557090759; 0.07106183469295502; 
131; 0.6587893962860107; -0.23621363937854767; -0.11817242205142975; -0.6402872204780579; 0.9487590789794922; 0.07392636686563492; 
192; 0.7260022759437561; -0.9059949517250061; -0.320411741733551; -0.7414349913597107; 0.8289058804512024; 0.08073659241199493; 
120; 0.6858804225921631; -0.8422532677650452; 0.1674015372991562; -0.6027368903160095; 1.0132687091827393; 0.12549911439418793; 
177; 0.5408489108085632; -0.44098708033561707; -0.027179669588804245; -0.6650533080101013; 1.0080522298812866; -0.007769547402858734; 
174; 0.5048890113830566; -0.6220657825469971; 0.21713122725486755; -0.733107328414917; 1.0412893295288086; 0.025058628991246223; 
146; 0.5281329154968262; -0.48630186915397644; 0.04094232618808746; -0.6349673867225647; 1.1523232460021973; -0.12987872958183289; 
169; 0.7101110816001892; -0.39530080556869507; -0.20255057513713837; -0.7083857655525208; 0.8735290765762329; 0.16946829855442047; 
176; 0.4279676079750061; -0.34120890498161316; -0.2099906951189041; -0.8658602833747864; 1.0866247415542603; 0.14114034175872803; 
165; 0.7159371972084045; -0.9500083327293396; -0.023106804117560387; -0.6638910174369812; 0.8639212846755981; -0.06900846213102341; 
