2; 0.34974008798599243; -0.2940843403339386; -0.1784287542104721; -0.8231277465820312; 0.8677656054496765; -0.244426429271698; 
1; 0.5487216711044312; -0.852838397026062; -0.519159197807312; -0.8836542963981628; 0.7880505323410034; -0.2211858034133911; 
73; 0.27379855513572693; -1.4866325855255127; -0.053400516510009766; -0.7797316312789917; 0.6992610692977905; -0.12072399258613586; 
194; 0.06564244627952576; -0.8338379263877869; -0.4785049259662628; -1.0064115524291992; 0.72976154088974; -0.30786752700805664; 
36; 0.10562866926193237; -1.1466478109359741; -0.8958069086074829; -0.8307378888130188; 0.9136918187141418; -0.1977643370628357; 
101; -0.2799411118030548; -1.2667210102081299; -0.13942879438400269; -1.0764026641845703; 0.7255765199661255; -0.2860255837440491; 
100; 0.03001081943511963; -0.6064518690109253; -0.3511812388896942; -0.7770315408706665; 0.8203134536743164; -0.15802377462387085; 
72; 0.4260794222354889; -1.1957738399505615; -0.32183951139450073; -0.8947919607162476; 0.8881092667579651; -0.22780217230319977; 
182; 0.6044970154762268; -0.7854986786842346; -0.12300977110862732; -0.9138862490653992; 0.8238630294799805; -0.18653973937034607; 
91; -0.03690391778945923; -1.0798287391662598; -0.4445004463195801; -1.1758886575698853; 0.8460756540298462; -0.17522436380386353; 
154; 0.6990306377410889; -1.4284565448760986; -0.4139838218688965; -0.8374302387237549; 0.8380181193351746; 0.020405665040016174; 
183; 0.42196717858314514; -1.063341498374939; -0.34399911761283875; -0.8397364616394043; 0.7393031120300293; -0.1575910896062851; 
112; 0.2722497880458832; -0.9334771633148193; -0.6246961951255798; -0.7969687581062317; 0.7605119943618774; -0.24796828627586365; 
171; 0.37591156363487244; -0.8638802766799927; -0.37421414256095886; -0.8980996608734131; 0.7394872903823853; -0.11762628704309464; 
191; 0.44550788402557373; -1.1967990398406982; -0.35230541229248047; -0.9125074744224548; 0.9487490653991699; -0.06133565306663513; 
184; 0.12222924828529358; -1.6863678693771362; -0.40115660429000854; -0.9000799059867859; 0.7666167616844177; -0.3095758259296417; 
158; 0.05835488438606262; -0.7941941618919373; -0.3111312985420227; -0.7486606240272522; 0.6450850963592529; -0.15326577425003052; 
12; 0.31454116106033325; -0.7187720537185669; -0.7506893277168274; -0.9727969169616699; 0.7487429976463318; -0.25595152378082275; 
19; 0.13641533255577087; -0.7825469970703125; -0.4434882402420044; -0.9611936211585999; 0.7533066272735596; -0.28076839447021484; 
127; 0.31870540976524353; -0.7499392628669739; -0.48632609844207764; -1.0292397737503052; 0.6937441825866699; -0.05306108295917511; 
116; 0.7430660724639893; -1.4772343635559082; -0.6334188580513; -1.006338119506836; 0.7728915810585022; -0.2630644142627716; 
118; 0.549586296081543; -0.8109631538391113; -0.8424734473228455; -0.7919628024101257; 0.6181086897850037; -0.32229989767074585; 
144; 0.2989650368690491; -0.9783118963241577; -0.8088914155960083; -0.9463676810264587; 0.6784814596176147; -0.28635698556900024; 
139; 0.5161004066467285; -1.3454234600067139; -0.4431511163711548; -0.955765962600708; 0.7086225152015686; -0.2512979805469513; 
173; 0.19145625829696655; -1.0286259651184082; -0.6438366770744324; -0.7612302899360657; 0.72491455078125; -0.27328380942344666; 
197; 0.08902192115783691; -0.9167547225952148; -0.29680368304252625; -0.9459624886512756; 0.8288177847862244; -0.24052821099758148; 
161; 0.8613666296005249; -1.045083999633789; -0.10081161558628082; -0.9211146831512451; 0.780129611492157; -0.22650623321533203; 
157; 0.22535252571105957; -1.8010032176971436; -0.6952617764472961; -0.994310736656189; 0.7283899784088135; -0.12628287076950073; 
98; -0.04589813947677612; -1.4614386558532715; -0.6042779684066772; -0.9910116195678711; 0.8293911218643188; -0.25362926721572876; 
117; 0.23425251245498657; -1.6233620643615723; -0.3058450222015381; -0.8152564167976379; 0.838538408279419; -0.25823432207107544; 
145; 0.17289823293685913; -1.078340768814087; -0.6223166584968567; -1.0325849056243896; 0.8096293210983276; -0.0769985169172287; 
165; 0.5792291760444641; -0.5128694772720337; -0.32521745562553406; -0.8403820991516113; 0.8529784679412842; -0.21649309992790222; 
174; 0.12077116966247559; -0.990159273147583; -1.0114152431488037; -1.102386236190796; 0.8289928436279297; -0.31668728590011597; 
146; 0.38879305124282837; -0.7673341035842896; -0.38075345754623413; -0.9745614528656006; 0.7734217047691345; -0.2302348017692566; 
90; 0.30812716484069824; -1.06619393825531; -0.6710461974143982; -0.9388861656188965; 0.7720879316329956; -0.16085763275623322; 
164; 0.19504299759864807; -0.8591233491897583; -0.5088995695114136; -0.8814441561698914; 0.7067558169364929; -0.2184038907289505; 
143; 0.1476973295211792; -1.3614245653152466; -0.4929940700531006; -0.809764564037323; 0.5343494415283203; -0.19455453753471375; 
115; 0.3523542284965515; -0.9561050534248352; -0.5829488039016724; -0.7028782367706299; 0.6953725814819336; -0.1636510193347931; 
175; 0.1887112855911255; -0.7480875253677368; -0.6521991491317749; -1.0313822031021118; 0.7296334505081177; -0.17128852009773254; 
186; 0.22944051027297974; -1.3314435482025146; -0.43561020493507385; -0.9043146371841431; 0.8258596658706665; -0.20714876055717468; 
9; -0.022538036108016968; -1.0319721698760986; -0.7001059055328369; -0.7169491052627563; 0.7126067280769348; -0.22100651264190674; 
162; 0.14918392896652222; -0.9725437760353088; -0.47624441981315613; -0.8660411834716797; 0.7191911339759827; -0.2866653800010681; 
119; 0.6594786047935486; -0.8042463064193726; -0.6476185917854309; -0.9584060311317444; 0.6102377772331238; -0.13266348838806152; 
93; 0.6174829602241516; -0.7768059968948364; -0.842597246170044; -0.7174015641212463; 0.7736570835113525; -0.24155016243457794; 
80; 0.23099040985107422; -0.9602125883102417; -0.6354616284370422; -0.8837494850158691; 0.6478118896484375; -0.1742877960205078; 
150; 0.18372076749801636; -1.703305721282959; 0.02851921319961548; -0.9094857573509216; 0.794106662273407; -0.0726563036441803; 
42; 0.5449591875076294; -0.9836534261703491; -0.32326504588127136; -0.6668398380279541; 0.8228142261505127; -0.06322277337312698; 
105; -0.06794440746307373; -1.0853657722473145; -0.14133664965629578; -0.765208899974823; 0.8291657567024231; 0.03863278031349182; 
3; 0.24063649773597717; -0.5787711143493652; -0.10010156035423279; -0.8255147933959961; 0.7097381353378296; -0.17753565311431885; 
95; 0.313554584980011; -0.7047305107116699; 0.02250996232032776; -0.8119414448738098; 0.7491926550865173; -0.3092811703681946; 
104; 0.14925506711006165; -0.9866095781326294; -0.7922323942184448; -0.9325820803642273; 0.7271679639816284; -0.1721051037311554; 
30; 0.2589240074157715; -1.5094192028045654; -1.024965763092041; -0.7829185724258423; 0.8106641173362732; -0.24860946834087372; 
168; 0.23191502690315247; -0.6728503108024597; -0.0996064841747284; -0.9520926475524902; 0.7765628695487976; -0.30584612488746643; 
84; 0.41982150077819824; -1.0415489673614502; -0.5306805372238159; -0.7983877658843994; 0.7240954637527466; -0.3369274139404297; 
15; 0.06816911697387695; -1.1701488494873047; -0.2775421142578125; -1.118794322013855; 0.5706509947776794; -0.24305830895900726; 
163; -0.008321434259414673; -0.903115451335907; -0.337378591299057; -0.7592697143554688; 0.7979902029037476; -0.08209521323442459; 
199; 0.19258850812911987; -1.1099648475646973; -0.5839486122131348; -0.9134229421615601; 0.865650475025177; 0.0018425732851028442; 
81; 0.6848369240760803; -0.947652280330658; -1.101387858390808; -0.9173757433891296; 0.8194951415061951; -0.22351007163524628; 
54; 0.6059951782226562; -0.7481846809387207; -0.29290658235549927; -0.8926069140434265; 0.8768370151519775; -0.10905089974403381; 
27; 0.568275511264801; -0.9337679147720337; -0.7573741674423218; -0.7614264488220215; 0.8629334568977356; -0.21324047446250916; 
155; 0.44622448086738586; -0.9301035404205322; -0.28922080993652344; -1.1590526103973389; 0.7782039642333984; -0.054170846939086914; 
49; 0.6404094696044922; -1.0155338048934937; -0.3254016637802124; -0.802132785320282; 0.796210527420044; -0.2443748116493225; 
196; 0.36557725071907043; -0.7448137402534485; -0.9217790365219116; -1.083129644393921; 0.7916484475135803; -0.27316713333129883; 
141; 0.12960001826286316; -1.2194982767105103; -0.5715670585632324; -0.709261953830719; 0.8369404077529907; -0.18985268473625183; 
132; 0.06586673855781555; -1.1314935684204102; -0.24240469932556152; -0.9887323379516602; 0.6324394345283508; -0.1034439206123352; 
172; 0.41643649339675903; -1.4547005891799927; -0.7286067605018616; -1.1166319847106934; 0.7612267732620239; -0.3091129660606384; 
70; 0.45402318239212036; -1.3302092552185059; -0.4677931070327759; -0.7722117304801941; 0.7281343340873718; 0.013056516647338867; 
74; 0.6029809713363647; -1.0625009536743164; -0.9354463815689087; -0.9778112769126892; 0.8320409655570984; -0.2012031227350235; 
102; 0.48617827892303467; -1.2389265298843384; -0.7249138355255127; -0.9021875262260437; 1.0279853343963623; -0.10601091384887695; 
79; 0.7567851543426514; -1.6321187019348145; -0.20127403736114502; -0.8716424107551575; 1.009841799736023; -0.159887433052063; 
39; 0.022058308124542236; -0.7298195362091064; -0.7216854095458984; -0.8845210671424866; 0.7044720649719238; -0.24189883470535278; 
124; -0.038150399923324585; -1.1871860027313232; -0.4961741268634796; -0.9934684038162231; 0.6908420324325562; -0.3387340307235718; 
24; 0.4873141944408417; -0.8857324123382568; -0.425068199634552; -0.8563568592071533; 0.6335510611534119; -0.17454007267951965; 
103; 0.6979263424873352; -0.7374695539474487; -0.6278687715530396; -0.7958579063415527; 0.6765880584716797; -0.23149636387825012; 
137; 0.4484340250492096; -0.9937019348144531; 0.0015440583229064941; -0.8843265175819397; 0.8003459572792053; -0.19210319221019745; 
111; 0.5513940453529358; -0.8579716682434082; -0.5773656368255615; -1.0233378410339355; 0.6774426698684692; -0.1561199575662613; 
138; 0.16164934635162354; -1.608776330947876; -0.746381938457489; -0.9921621084213257; 0.7027683258056641; -0.25742483139038086; 
26; 0.4428907036781311; -0.7397029399871826; -0.28794342279434204; -0.727342426776886; 0.7850906252861023; -0.1479453444480896; 
78; 0.3822117745876312; -0.6612603068351746; -0.6228765249252319; -0.7892948985099792; 0.7729120254516602; -0.29744285345077515; 
47; -0.0859113335609436; -1.2475922107696533; -0.31129777431488037; -0.8010503053665161; 0.7581964731216431; -0.22552523016929626; 
46; 0.3645853102207184; -0.7143319249153137; -0.8739205002784729; -0.9757760763168335; 0.7162473201751709; -0.09823458641767502; 
142; 0.505224883556366; -1.9533847570419312; -0.8537775278091431; -1.0791443586349487; 0.7585960626602173; -0.27021053433418274; 
11; 0.06972545385360718; -1.0588867664337158; -0.7870072722434998; -1.0318665504455566; 0.7226663827896118; -0.34491783380508423; 
83; 0.47683098912239075; -0.4017927944660187; -0.5128805637359619; -0.7779735326766968; 0.7288355827331543; -0.3529427647590637; 
25; 0.2939243018627167; -1.2709015607833862; -0.511880099773407; -0.901548445224762; 0.7994669675827026; -0.03963285684585571; 
185; 0.06460297107696533; -1.6915873289108276; -0.9875291585922241; -1.0838021039962769; 0.7818711400032043; -0.30013296008110046; 
75; 0.24309980869293213; -1.2056403160095215; -0.8622328639030457; -0.9260223507881165; 0.7684221267700195; -0.3600836992263794; 
170; 0.00414586067199707; -1.423943281173706; -1.4658308029174805; -0.692862868309021; 0.8157191276550293; -0.16481585800647736; 
113; 0.2543899714946747; -2.0095643997192383; -0.3947618901729584; -0.8945283889770508; 0.7992686033248901; -0.15818217396736145; 
99; 0.18352186679840088; -0.8381327986717224; -0.5140874981880188; -0.8438460826873779; 0.6971754431724548; -0.17855839431285858; 
34; -0.48224830627441406; -1.8747981786727905; -0.654988169670105; -0.941954493522644; 0.6621297597885132; -0.3160400092601776; 
52; 0.35413604974746704; -1.5943975448608398; -0.5430855751037598; -1.081506609916687; 0.6160534620285034; -0.2694559395313263; 
136; 0.3928906321525574; -1.6011906862258911; -0.37578830122947693; -0.8985973596572876; 0.787132740020752; -0.25727134943008423; 
96; 0.49616318941116333; -1.4425240755081177; -0.6808016896247864; -0.74688720703125; 0.8963637351989746; -0.2948112189769745; 
7; 0.04599195718765259; -1.4822807312011719; -0.2855207026004791; -0.9850300550460815; 0.6158562898635864; -0.24565041065216064; 
166; -0.12659293413162231; -0.8646469712257385; -0.5199338793754578; -0.8944275975227356; 0.7662851810455322; -0.22733274102210999; 
151; 0.10463148355484009; -0.8778473138809204; -0.4174647629261017; -0.723432183265686; 0.8535833358764648; -0.056233637034893036; 
133; 0.14539054036140442; -1.2191004753112793; -0.832322359085083; -0.9210463166236877; 0.7326088547706604; -0.06527966260910034; 
87; 0.60196852684021; -1.2285100221633911; -0.8924245238304138; -0.874410092830658; 0.8355180025100708; -0.27428776025772095; 
140; 0.3246495723724365; -0.7348430752754211; -0.6479072570800781; -0.8336962461471558; 0.8847788572311401; -0.10140710324048996; 
59; 0.44984376430511475; -1.1583746671676636; -0.7881221771240234; -0.8861103653907776; 0.7765582799911499; -0.30517449975013733; 
193; 0.2991008162498474; -1.2730543613433838; -0.5793645977973938; -0.8761178255081177; 0.7050094604492188; -0.18702596426010132; 
179; 0.5274046659469604; -0.9338868856430054; -0.24102084338665009; -0.6403584480285645; 0.7410237789154053; -0.12145358324050903; 
43; 0.4281257390975952; -1.2114121913909912; -0.4334067404270172; -0.9755770564079285; 0.8364878296852112; -0.11825485527515411; 
195; -0.18677300214767456; -0.8577800393104553; -0.49252697825431824; -0.8172704577445984; 0.7636704444885254; -0.2779296934604645; 
76; 0.6980664134025574; -0.9845231175422668; -0.4661109447479248; -0.9699103236198425; 0.925931990146637; -0.1784481704235077; 
130; 0.08684110641479492; -0.9530736207962036; -0.5047567486763; -0.884813129901886; 0.7507794499397278; -0.24099044501781464; 
38; 0.3357696831226349; -1.029593586921692; -0.6718167066574097; -0.9239280819892883; 0.8175513744354248; -0.278694748878479; 
65; 0.5681667923927307; -1.095320224761963; -1.1118043661117554; -0.8671572208404541; 0.6520035862922668; -0.1869150996208191; 
156; 0.11526012420654297; -1.1802287101745605; -0.5612837076187134; -1.1513888835906982; 0.8979503512382507; -0.36515384912490845; 
106; 0.635433554649353; -1.159678339958191; -0.8511955738067627; -1.0021010637283325; 0.880998969078064; -0.28306785225868225; 
192; 0.38156798481941223; -1.3142452239990234; -1.2514050006866455; -0.963614284992218; 0.9004147052764893; -0.2298983335494995; 
35; 0.2061031460762024; -1.3436894416809082; -0.47998473048210144; -0.8745303153991699; 0.5974310636520386; -0.25540563464164734; 
18; 0.5984559655189514; -0.861680805683136; -0.633781373500824; -0.9043563008308411; 0.9455256462097168; -0.35429054498672485; 
169; 0.4452933669090271; -1.3297755718231201; -0.9430662393569946; -0.6302716135978699; 0.7822741866111755; -0.33831197023391724; 
147; -0.14627909660339355; -0.9569580554962158; -0.6606537103652954; -0.8130596280097961; 0.9993617534637451; -0.545488715171814; 
51; 0.5127497911453247; -0.9655066728591919; -0.5585180521011353; -1.0098861455917358; 0.9654176235198975; -0.21637079119682312; 
6; 0.44562456011772156; -1.1460659503936768; -0.61368727684021; -0.9303314685821533; 0.7858926653862; -0.2531609535217285; 
10; 0.28552743792533875; -0.9712405800819397; -0.3722781836986542; -0.9573699235916138; 0.8681127429008484; 0.009001106023788452; 
129; 0.3947930335998535; -0.857040524482727; -0.5271623730659485; -1.0570887327194214; 0.7497619390487671; -0.02296203374862671; 
14; 0.6426926851272583; -1.3075158596038818; -0.296495646238327; -1.0510945320129395; 0.7353347539901733; -0.1563378870487213; 
107; 0.13961195945739746; -1.1333720684051514; -0.5264815092086792; -0.8946486711502075; 0.8401615619659424; -0.11312267184257507; 
55; 0.5412037968635559; -1.1837661266326904; -0.6858256459236145; -0.5777983069419861; 0.6163400411605835; -0.11561363935470581; 
114; 0.34469085931777954; -0.9801660180091858; -0.4867716133594513; -0.9519072771072388; 0.7881008386611938; -0.04637424647808075; 
40; 0.22849807143211365; -0.7918357849121094; -0.5568621158599854; -1.0052142143249512; 0.915202260017395; -0.33999407291412354; 
160; 0.560258150100708; -0.8093275427818298; -0.32490724325180054; -0.8422910571098328; 0.6942178010940552; -0.10277863591909409; 
56; 0.16219621896743774; -1.4882750511169434; -0.48799797892570496; -0.9298192262649536; 0.7201055288314819; -0.45569175481796265; 
71; 0.17748913168907166; -0.9657988548278809; -1.2485718727111816; -0.8788517713546753; 0.9083147048950195; -0.2900756299495697; 
21; 0.4224860966205597; -1.0547833442687988; -0.6124030947685242; -0.8487488031387329; 0.7809789180755615; -0.2749267518520355; 
58; 0.42445191740989685; -1.4397571086883545; -0.34641021490097046; -0.9475287199020386; 0.90957111120224; -0.21162179112434387; 
188; 0.42891135811805725; -1.0053143501281738; -0.15167053043842316; -0.5397775173187256; 0.8614932298660278; -0.0630241334438324; 
17; 0.603608250617981; -1.0202807188034058; -0.6256575584411621; -1.0108599662780762; 0.8411878347396851; -0.09520287066698074; 
62; 0.1331384778022766; -0.9277929663658142; -0.2511666417121887; -0.9046061635017395; 0.895035982131958; -0.12244662642478943; 
97; 0.40422186255455017; -1.2477405071258545; -0.7929973006248474; -1.124070644378662; 0.8966162800788879; -0.32286953926086426; 
63; 0.22972828149795532; -1.3635218143463135; -0.7415087223052979; -1.0103522539138794; 0.7732888460159302; -0.3953959345817566; 
153; 0.45177847146987915; -1.280585527420044; -0.3954201340675354; -0.8345882296562195; 0.6682036519050598; -0.225542813539505; 
44; 0.3658269941806793; -1.0907551050186157; -0.5423768162727356; -0.6470767259597778; 0.7649080157279968; -0.3283013105392456; 
37; 0.2501055598258972; -1.1486232280731201; -0.8147908449172974; -0.8957867622375488; 0.7266418933868408; -0.14512872695922852; 
64; 0.32192593812942505; -1.2242239713668823; -0.289023756980896; -0.9529110193252563; 0.9696138501167297; -0.13426445424556732; 
60; 0.17204549908638; -0.6658693552017212; -0.08222630620002747; -0.9003746509552002; 0.7691011428833008; -0.2396698147058487; 
53; 0.3552417755126953; -0.705944299697876; -0.277360200881958; -0.7741096019744873; 0.8105867505073547; -0.08994213491678238; 
41; 0.2566581964492798; -1.1876190900802612; -0.6241812705993652; -0.886495053768158; 0.6365700960159302; -0.11209402978420258; 
131; 0.08058297634124756; -1.1366249322891235; -0.6459462642669678; -0.9312276840209961; 0.6905325651168823; -0.29446378350257874; 
120; 0.5264431238174438; -0.958672285079956; -0.8841326236724854; -0.7558940052986145; 0.7597877383232117; -0.05244001746177673; 
187; -0.07441583275794983; -1.3649158477783203; -0.7271877527236938; -0.893102765083313; 0.7398815155029297; -0.22833113372325897; 
28; 0.03822740912437439; -1.3272428512573242; -0.5071403384208679; -0.8701765537261963; 0.7562482953071594; -0.11448992788791656; 
92; 0.061808228492736816; -1.144709587097168; -0.003819406032562256; -0.9641832113265991; 0.5424280166625977; -0.2014780342578888; 
167; 0.27241218090057373; -1.180755615234375; -0.8557835817337036; -1.0381487607955933; 0.7448052167892456; -0.4618953466415405; 
13; 0.08923286199569702; -1.4842997789382935; -0.4480043351650238; -1.0065829753875732; 0.8710321187973022; -0.26840072870254517; 
22; 0.20131778717041016; -1.0297832489013672; -0.5416520833969116; -0.9796490669250488; 0.6422499418258667; -0.24094133079051971; 
86; 0.07643777132034302; -1.5916557312011719; -0.6303412914276123; -1.0545566082000732; 0.6784986853599548; -0.17875050008296967; 
67; 0.6185930967330933; -0.9096910953521729; -0.39394474029541016; -0.9167420268058777; 0.6997877359390259; -0.21719540655612946; 
4; 0.13701340556144714; -1.1048338413238525; -0.5345631241798401; -0.7743032574653625; 0.8279100656509399; -0.2280227541923523; 
152; 0.2889680564403534; -0.8086907863616943; -0.5759488344192505; -0.8938718438148499; 0.6520598530769348; -0.1883617788553238; 
200; 0.46654045581817627; -1.1497721672058105; -0.9323921799659729; -0.9434709548950195; 0.8348680734634399; -0.15004386007785797; 
190; 0.264390230178833; -1.102284550666809; -0.5852293968200684; -0.931333601474762; 0.8058435320854187; -0.18661406636238098; 
126; 0.43742257356643677; -1.2124323844909668; -0.7908817529678345; -0.7550872564315796; 0.6804536581039429; -0.1942114233970642; 
82; 0.2353360652923584; -0.8397324085235596; -0.768929123878479; -1.0429222583770752; 0.6186554431915283; -0.2921066880226135; 
85; 0.290698766708374; -0.751010537147522; -0.06580352783203125; -0.874131441116333; 0.8098979592323303; -0.12928953766822815; 
180; 0.34754642844200134; -0.6509522199630737; -0.6431175470352173; -0.8546169996261597; 0.7045220732688904; -0.3168543577194214; 
20; 0.3057940602302551; -0.9699140787124634; -0.6028645634651184; -1.0414879322052002; 0.8829563856124878; -0.3786461353302002; 
45; 0.3335803151130676; -0.8461065292358398; -0.3457106649875641; -0.8599017858505249; 0.7694238424301147; -0.2127993106842041; 
77; 0.4239431917667389; -1.9927756786346436; -0.3758660554885864; -0.7903428077697754; 0.7896530032157898; -0.22096313536167145; 
16; -0.25143635272979736; -1.3075634241104126; -0.370948851108551; -1.029841661453247; 0.6912229657173157; -0.19397017359733582; 
5; 0.07513999938964844; -1.1665196418762207; -0.8239050507545471; -1.0329077243804932; 0.47945860028266907; -0.32459238171577454; 
33; 0.2100089192390442; -1.5607435703277588; -0.46993738412857056; -0.8823606371879578; 0.7734488844871521; -0.27541184425354004; 
177; -0.017271995544433594; -0.9172735214233398; -0.7165175080299377; -0.8486136198043823; 0.7114773392677307; -0.15440897643566132; 
128; 0.6606097221374512; -1.5863862037658691; -0.5269238948822021; -0.9705198407173157; 0.8265733122825623; -0.22721834480762482; 
149; 0.8577086329460144; -0.8211368322372437; -0.33196064829826355; -0.7733151316642761; 0.6225897669792175; -0.056613147258758545; 
94; 0.5530984401702881; -0.9612781405448914; -0.652198076248169; -0.9189667105674744; 0.8639492988586426; -0.10657601803541183; 
135; 0.6529905796051025; -0.49333956837654114; -0.593589186668396; -0.8465553522109985; 0.7316907048225403; -0.05458034574985504; 
189; 0.4281773865222931; -0.8309310674667358; -0.7078588604927063; -0.7082586884498596; 0.6981028318405151; 0.03955112397670746; 
31; 0.5942158699035645; -1.216984748840332; 0.025879204273223877; -0.8709417581558228; 0.8788501024246216; -0.10471087694168091; 
148; 0.3810824751853943; -0.6447361707687378; -0.6758615970611572; -0.8631088733673096; 0.7745763063430786; -0.0698961541056633; 
108; 0.22022441029548645; -0.8332465887069702; -0.8785640001296997; -0.9431344270706177; 0.6745377779006958; -0.10469742119312286; 
66; -0.0525493323802948; -1.0180940628051758; -0.7251499891281128; -1.0797159671783447; 0.778347373008728; -0.18092063069343567; 
176; 0.3839370608329773; -1.1788208484649658; -0.36900192499160767; -0.9711449146270752; 0.8166580200195312; -0.22084717452526093; 
8; 0.24733459949493408; -1.088987112045288; -0.7330939769744873; -0.881494402885437; 0.6547964215278625; -0.14232125878334045; 
68; 0.33810970187187195; -0.9768153429031372; -0.1868593692779541; -1.0240117311477661; 0.9023478031158447; 0.04989689588546753; 
110; 0.42185473442077637; -1.1141568422317505; -0.5540925860404968; -0.9064316153526306; 0.7099636793136597; -0.26220834255218506; 
23; 0.22533780336380005; -0.9386835098266602; -0.8680139780044556; -0.9956212639808655; 0.7427268028259277; -0.28986701369285583; 
69; 0.5441793203353882; -1.1106679439544678; -0.4876355230808258; -0.8245936632156372; 0.7711461186408997; -0.24212393164634705; 
32; 0.42758888006210327; -0.7060680985450745; -0.7487815022468567; -0.9843116402626038; 0.8225586414337158; -0.15853305160999298; 
122; -0.008268773555755615; -1.1584789752960205; -0.5121948719024658; -0.8793840408325195; 0.8014615178108215; -0.3144739866256714; 
88; 0.15477702021598816; -1.078965663909912; -0.05501827597618103; -0.8556128144264221; 0.875283420085907; -0.2621157169342041; 
181; 0.5767638683319092; -1.2094345092773438; -0.31764164566993713; -0.9506569504737854; 0.7304497957229614; -0.11363697797060013; 
178; 0.2741457521915436; -1.243222951889038; -0.8920421600341797; -0.8025925159454346; 0.8969646692276001; -0.37869390845298767; 
50; -0.2420886754989624; -1.0046613216400146; -1.109189510345459; -0.8936361074447632; 0.6307662725448608; -0.3439754545688629; 
61; 0.09742429852485657; -0.8025406002998352; -0.5763357877731323; -1.045641303062439; 0.7672480940818787; -0.1556321531534195; 
159; 0.7331788539886475; -1.0154603719711304; 0.027425140142440796; -0.9954690933227539; 0.8687095046043396; -0.1495792716741562; 
29; 0.5124006271362305; -1.0526518821716309; -0.4137020707130432; -0.6711251735687256; 0.7783256769180298; -0.36031198501586914; 
48; 0.4046842157840729; -0.7438242435455322; -0.5315645933151245; -0.8359830379486084; 0.8450984358787537; -0.1486790031194687; 
121; 0.5097880959510803; -1.6377440690994263; -0.46721580624580383; -0.8708203434944153; 0.9262905120849609; -0.016660943627357483; 
198; 0.3081360459327698; -1.10773503780365; -0.711057186126709; -0.8201790452003479; 0.7109396457672119; -0.338138222694397; 
125; 0.10918629169464111; -1.3236353397369385; -0.4292173385620117; -0.7210094928741455; 0.9473087787628174; -0.23138485848903656; 
89; 0.32620278000831604; -0.7458593845367432; -1.0389118194580078; -0.6331298351287842; 0.8874439597129822; -0.13475370407104492; 
109; 0.4293433427810669; -0.7883497476577759; -0.7397890090942383; -0.806263267993927; 0.6637861728668213; -0.13599364459514618; 
134; 0.6556147336959839; -0.7024959325790405; -0.34643352031707764; -0.7802326679229736; 0.8273821473121643; -0.13455894589424133; 
57; 0.5420631170272827; -0.5424022674560547; -0.20394006371498108; -0.8401484489440918; 0.8130249977111816; -0.30294662714004517; 
123; 0.10933196544647217; -0.9634917974472046; -0.6455931067466736; -0.7504398226737976; 0.7624838352203369; -0.12671007215976715; 
