2; 0.7518370747566223; 0.03688491880893707; 0.1973591297864914; -0.7100055813789368; 1.0016028881072998; -0.14393188059329987; 
1; 0.8948348760604858; -0.5427141785621643; -0.03607441112399101; -0.7020505666732788; 1.06801438331604; -0.06663291156291962; 
73; 0.6894820332527161; -0.9277004599571228; 0.2738081216812134; -0.5944891571998596; 0.9457396268844604; -0.017186976969242096; 
194; 0.5458689332008362; -0.29618218541145325; -0.0784200057387352; -0.7507463097572327; 0.9468808770179749; -0.10927459597587585; 
72; 0.8228998184204102; -0.45150628685951233; 0.11724559962749481; -0.689475417137146; 1.0642768144607544; -0.03765229880809784; 
101; 0.4752904176712036; -0.630377471446991; 0.5197460651397705; -0.7254613637924194; 1.0559356212615967; -0.034890804439783096; 
36; 0.6059081554412842; -0.5806305408477783; -0.30367976427078247; -0.5573152899742126; 1.0878257751464844; -0.023664968088269234; 
91; 0.5616770386695862; -0.5633949637413025; 0.2149941474199295; -0.8314669132232666; 1.003927230834961; 0.10473355650901794; 
100; 0.4487517476081848; -0.1304653435945511; 0.1782626509666443; -0.6071587800979614; 0.9421037435531616; 0.03840106353163719; 
182; 1.0107413530349731; -0.2865093946456909; 0.24383212625980377; -0.7486191987991333; 0.9724470376968384; 0.044513072818517685; 
12; 0.7604882121086121; -0.10618316382169724; -0.153122678399086; -0.7715479135513306; 0.9817566871643066; -0.04808863624930382; 
112; 0.628112256526947; -0.4383659362792969; -0.08613244444131851; -0.6392598748207092; 0.9339702129364014; -0.07630444318056107; 
116; 1.1553655862808228; -0.6871259212493896; -0.21241584420204163; -0.7812045216560364; 0.8959571123123169; -0.09726083278656006; 
154; 0.922385573387146; -0.8528815507888794; 0.038970787078142166; -0.6794729232788086; 0.9852832555770874; 0.1932491511106491; 
98; 0.49710312485694885; -0.7675273418426514; 0.10058687627315521; -0.7816586494445801; 0.9409350156784058; -0.03257301449775696; 
118; 1.1505879163742065; -0.19024032354354858; -0.25981226563453674; -0.6268205046653748; 0.8764861226081848; -0.13478073477745056; 
183; 0.8344643115997314; -0.5676299333572388; 0.09695905447006226; -0.6402591466903687; 0.9279691576957703; 0.028032151982188225; 
144; 0.7486072778701782; -0.5093185305595398; -0.23259319365024567; -0.7063231468200684; 0.8826472759246826; -0.06106674671173096; 
19; 0.6544889807701111; -0.21827906370162964; 0.03081684373319149; -0.7661490440368652; 1.0365886688232422; -0.014140116050839424; 
162; 0.7370525598526001; -0.550774335861206; 0.017706889659166336; -0.7949187755584717; 0.9534133076667786; -0.16736137866973877; 
184; 0.741392195224762; -0.9866847991943359; 0.1888524442911148; -0.6510504484176636; 0.9825809597969055; -0.12503856420516968; 
9; 0.5165585279464722; -0.4094000458717346; -0.15803268551826477; -0.5260084271430969; 0.9431551694869995; -0.012282872572541237; 
191; 0.8858206272125244; -0.5008765459060669; -0.006925320252776146; -0.6467475295066833; 1.0356967449188232; -0.049953147768974304; 
158; 0.480528324842453; -0.3130985200405121; 0.19276173412799835; -0.5762962102890015; 0.8732695579528809; 0.02720738761126995; 
145; 0.7334447503089905; -0.39381852746009827; -0.2213049829006195; -0.7287106513977051; 0.9251889586448669; 0.13633084297180176; 
171; 0.6862372756004333; -0.3622964918613434; -0.019936857745051384; -0.6173680424690247; 0.8990007042884827; 0.08050604164600372; 
117; 0.6156156063079834; -0.7937381863594055; 0.0395091287791729; -0.6428952217102051; 1.0439770221710205; -0.05070911720395088; 
146; 0.9115030765533447; -0.23324419558048248; 0.14308911561965942; -0.7382495403289795; 0.9885284304618835; -0.0659039169549942; 
127; 0.7622581720352173; -0.16513767838478088; -0.05179152265191078; -0.8988209366798401; 0.9254999160766602; 0.12877409160137177; 
161; 1.0556437969207764; -0.5748929977416992; 0.22107236087322235; -0.7614355683326721; 0.9610163569450378; -0.05611839517951012; 
143; 0.5116559267044067; -0.7491587400436401; -0.07302133738994598; -0.6282830834388733; 0.7756969928741455; -0.03028847835958004; 
139; 0.8777759671211243; -0.6065718531608582; 0.034597091376781464; -0.6509699821472168; 0.9029685258865356; -0.09485320746898651; 
132; 0.5912340879440308; -0.49702519178390503; 0.2126116156578064; -0.8304276466369629; 0.9252930283546448; 0.12075788527727127; 
115; 0.8001314997673035; -0.3801860213279724; -0.09653865545988083; -0.5217700004577637; 0.9470167756080627; 0.06690895557403564; 
15; 0.47899487614631653; -0.509080708026886; 0.15769116580486298; -0.8887397050857544; 0.8306043744087219; -0.05377456545829773; 
119; 0.9941180944442749; -0.3255413770675659; -0.2345147728919983; -0.7558422684669495; 0.8741553425788879; 0.10704797506332397; 
173; 0.5525798201560974; -0.46272075176239014; -0.04764450713992119; -0.5925488471984863; 0.8978264927864075; -0.12097365409135818; 
105; 0.46961140632629395; -0.6305519938468933; 0.187551349401474; -0.5799471139907837; 0.9335545897483826; 0.23834092915058136; 
30; 0.8351776003837585; -0.6047108769416809; -0.41428884863853455; -0.5461685061454773; 1.0770587921142578; 0.05581184849143028; 
157; 0.8834576606750488; -0.8976755738258362; -0.032174594700336456; -0.7003758549690247; 1.000211477279663; 0.12298742681741714; 
84; 0.9198011755943298; -0.32313162088394165; 0.20537014305591583; -0.5754470229148865; 1.0019584894180298; -0.03042835369706154; 
197; 0.7912827730178833; -0.22376178205013275; 0.2565089464187622; -0.6843603849411011; 1.134069800376892; 0.04574444517493248; 
104; 0.5788195133209229; -0.4016997516155243; -0.3567938804626465; -0.6541131138801575; 0.9885379672050476; 0.004107977729290724; 
54; 1.003580093383789; -0.28061914443969727; 0.2531774044036865; -0.734632134437561; 1.0939513444900513; 0.07998938113451004; 
165; 0.9171890616416931; -0.09979750216007233; 0.12436777353286743; -0.7055741548538208; 1.0742510557174683; -0.02277304418385029; 
90; 0.7479116320610046; -0.5624908208847046; -0.12034061551094055; -0.7601794004440308; 0.9505579471588135; 0.03843722492456436; 
150; 0.5934227108955383; -0.9767054915428162; 0.3900758922100067; -0.6798667311668396; 0.9725648164749146; 0.14469295740127563; 
175; 0.6486624479293823; -0.1712399125099182; -0.10474025458097458; -0.8674623966217041; 0.976651132106781; -0.029826300218701363; 
164; 0.7494716048240662; -0.24646396934986115; 0.02985934168100357; -0.6291744112968445; 0.9328973889350891; -0.03754746541380882; 
93; 1.0445955991744995; -0.17068907618522644; -0.2212592512369156; -0.5142878890037537; 0.9995474219322205; 0.0024617204908281565; 
70; 0.9371016621589661; -0.6632856726646423; 0.038848232477903366; -0.541816234588623; 0.9386675357818604; 0.12227307260036469; 
174; 0.5178545713424683; -0.6061609387397766; -0.3389137089252472; -0.8791741132736206; 0.9985262155532837; -0.1177067831158638; 
3; 0.7357041835784912; -0.18772630393505096; 0.3893342912197113; -0.6813921332359314; 0.93977290391922; 0.011218054220080376; 
42; 0.9324257373809814; -0.46303725242614746; 0.07045800238847733; -0.5039010643959045; 0.9205966591835022; 0.05423608794808388; 
186; 0.613373875617981; -0.7645485401153564; 0.004201214760541916; -0.7402448654174805; 1.065669298171997; 0.0024744721595197916; 
74; 1.0652974843978882; -0.5209488272666931; -0.1817549467086792; -0.8082924485206604; 0.9428067803382874; -0.06886504590511322; 
185; 0.6619684100151062; -0.8855850696563721; -0.1889592856168747; -0.7651326656341553; 0.9344314932823181; 0.004013716708868742; 
80; 0.7394818067550659; -0.21688465774059296; -0.08657760173082352; -0.6231329441070557; 0.9338289499282837; 0.07447446882724762; 
137; 1.0408109426498413; -0.41633304953575134; 0.3864828646183014; -0.7186861038208008; 0.9614211916923523; 0.03365202620625496; 
163; 0.3923545777797699; -0.3644997477531433; 0.21407417953014374; -0.6100011467933655; 1.0202099084854126; 0.05297168344259262; 
26; 0.6925128698348999; -0.24363306164741516; 0.047809332609176636; -0.6185745000839233; 0.9581471681594849; -0.013863184489309788; 
49; 1.0384624004364014; -0.44684189558029175; 0.06460295617580414; -0.6931147575378418; 0.9890203475952148; 0.007462529931217432; 
138; 0.8416575193405151; -0.8496293425559998; -0.05622866749763489; -0.7399789094924927; 0.9720531105995178; 0.01965099573135376; 
24; 0.9927670359611511; -0.19829773902893066; 0.1754838079214096; -0.5787160992622375; 0.9084030389785767; -0.008881677873432636; 
46; 0.720009446144104; -0.22978250682353973; -0.26701387763023376; -0.7678017616271973; 0.9968714714050293; -0.003169327974319458; 
47; 0.3432769477367401; -0.47775575518608093; 0.05986699089407921; -0.6465110778808594; 0.9435555934906006; -0.019144229590892792; 
95; 0.8503339290618896; -0.24643070995807648; 0.4016195237636566; -0.566034197807312; 1.0011930465698242; -0.05433182790875435; 
25; 0.6634763479232788; -0.5688190460205078; -0.10048361122608185; -0.7280063033103943; 0.9374659657478333; 0.1777552217245102; 
79; 1.0882459878921509; -0.9488766193389893; 0.28798699378967285; -0.7285139560699463; 1.0785201787948608; 0.013174931518733501; 
124; 0.5269526243209839; -0.611794650554657; -0.06760582327842712; -0.7323850989341736; 0.9523357152938843; -0.09320147335529327; 
179; 0.7601574659347534; -0.41775983572006226; 0.181587353348732; -0.49045276641845703; 0.8832499980926514; 0.067765012383461; 
75; 0.7984105348587036; -0.49636560678482056; -0.22569669783115387; -0.6487422585487366; 1.0423126220703125; -0.028813473880290985; 
52; 0.853639543056488; -0.8390888571739197; 0.08244363963603973; -0.7686548829078674; 0.8673815727233887; 0.05629169940948486; 
81; 1.0068222284317017; -0.33024361729621887; -0.432690292596817; -0.7993742823600769; 1.0129191875457764; -0.009587064385414124; 
141; 0.6465557217597961; -0.4966130554676056; -0.050417862832546234; -0.5168215036392212; 1.0161864757537842; -0.02761160023510456; 
170; 0.5384466052055359; -0.7993901968002319; -0.7138077020645142; -0.5199761390686035; 1.13123619556427; 0.03252251446247101; 
168; 0.5585801005363464; -0.2988617420196533; 0.2991704046726227; -0.7512194514274597; 0.9418487548828125; -0.1412477195262909; 
199; 0.6009150743484497; -0.5208802819252014; 0.0020220656879246235; -0.6851219534873962; 1.0752102136611938; 0.1786210983991623; 
172; 0.8958818912506104; -0.5608025789260864; -0.11251229047775269; -0.8888429999351501; 0.9403332471847534; -0.02976163476705551; 
113; 0.8330145478248596; -1.1865402460098267; 0.0726371556520462; -0.6607500314712524; 1.0815833806991577; -0.019574353471398354; 
136; 0.8482636213302612; -0.892706573009491; 0.1036304235458374; -0.6721537709236145; 0.9776405692100525; 0.007211946416646242; 
78; 0.8766446709632874; -0.32117417454719543; -0.17195869982242584; -0.6859882473945618; 1.038794994354248; -0.13235145807266235; 
196; 0.6573113799095154; -0.17614135146141052; -0.32097792625427246; -0.7750416994094849; 0.8962705135345459; -0.12412340193986893; 
130; 0.49017974734306335; -0.3873424530029297; -0.05962417274713516; -0.7499452829360962; 0.9579843878746033; -0.11426547914743423; 
27; 0.9286724925041199; -0.44086208939552307; -0.26334482431411743; -0.6880490183830261; 1.016117811203003; -0.020149540156126022; 
43; 0.8899244070053101; -0.6537383198738098; 0.0831071063876152; -0.7656229734420776; 1.0277690887451172; 0.03237297758460045; 
102; 0.8782012462615967; -0.5703831911087036; -0.30939924716949463; -0.8184221982955933; 1.1854825019836426; 0.06478080153465271; 
96; 0.7255358099937439; -0.8230103850364685; -0.17926621437072754; -0.5348248481750488; 1.055069088935852; -0.12505647540092468; 
39; 0.561398983001709; -0.19703137874603271; -0.14423178136348724; -0.7025625109672546; 0.9314439296722412; 0.0380951426923275; 
155; 0.8062430620193481; -0.4481184184551239; 0.1019180491566658; -0.9231070876121521; 0.9274449944496155; 0.04874245822429657; 
133; 0.5804372429847717; -0.6810170412063599; -0.251535564661026; -0.7362920641899109; 0.9775055646896362; 0.10725532472133636; 
65; 1.0684736967086792; -0.44091057777404785; -0.4980396032333374; -0.6493270397186279; 0.8931569457054138; 0.07034549862146378; 
129; 0.8550751805305481; -0.27620577812194824; 0.13552407920360565; -0.9484860897064209; 1.0930858850479126; 0.18828406929969788; 
142; 0.8890849947929382; -1.073116421699524; -0.2963313162326813; -0.8238242864608765; 0.9884568452835083; -0.02922704815864563; 
111; 0.8797043561935425; -0.4544353187084198; 0.014711247757077217; -0.8393744826316833; 0.9870424866676331; 0.06453480571508408; 
103; 1.075060248374939; -0.331890344619751; -0.1421276181936264; -0.6378558278083801; 0.8318279385566711; -0.050729796290397644; 
193; 0.8218961954116821; -0.44521376490592957; -0.01422248873859644; -0.6278045177459717; 1.0261198282241821; 0.059123262763023376; 
11; 0.7371602058410645; -0.347007155418396; -0.12163757532835007; -0.6641530394554138; 0.9820133447647095; -0.01602434739470482; 
140; 0.7562435269355774; -0.1635744720697403; -0.1943475753068924; -0.6376878619194031; 1.023862600326538; 0.10327166318893433; 
107; 0.7226178050041199; -0.4694705903530121; -0.11513343453407288; -0.6866554617881775; 0.9993332624435425; 0.06661807000637054; 
166; 0.34489744901657104; -0.304857075214386; -0.001307634636759758; -0.7056068181991577; 0.9893468022346497; 0.006555147934705019; 
76; 1.060130000114441; -0.6604276299476624; -0.0930882915854454; -0.7386589646339417; 0.9753084182739258; -0.08250919729471207; 
67; 1.1044377088546753; -0.4299929440021515; -0.01993727497756481; -0.714523434638977; 0.9213342666625977; 0.01322335097938776; 
7; 0.5665956139564514; -0.7489222884178162; 0.28867217898368835; -0.688938558101654; 0.8725011348724365; -0.10091879963874817; 
34; 0.29211437702178955; -0.9941446781158447; -0.032524555921554565; -0.6446764469146729; 0.912300705909729; -0.10197123140096664; 
59; 0.8572543859481812; -0.3956034779548645; -0.18506550788879395; -0.7039592266082764; 0.976732075214386; -0.09834719449281693; 
38; 0.8923848271369934; -0.3851960599422455; -0.05128566920757294; -0.7567418217658997; 1.0780706405639648; -0.03681641444563866; 
195; 0.41034555435180664; -0.3076225519180298; -0.03012683056294918; -0.6632943153381348; 0.8622596263885498; -0.13012754917144775; 
55; 0.8495827317237854; -0.6711242198944092; -0.26603373885154724; -0.48933178186416626; 0.8725367784500122; 0.1137671247124672; 
56; 0.7126773595809937; -0.6689188480377197; 0.17538705468177795; -0.6485171318054199; 0.9226388335227966; -0.12554539740085602; 
14; 1.2077887058258057; -0.45143887400627136; 0.3704894185066223; -0.7709157466888428; 1.0765637159347534; 0.10649296641349792; 
83; 1.0751515626907349; 0.15430276095867157; 0.07690609246492386; -0.5331195592880249; 0.9983294606208801; -0.1233610287308693; 
114; 0.734809160232544; -0.4659828543663025; 0.027611540630459785; -0.7545076608657837; 0.9808334112167358; 0.04225333034992218; 
153; 0.9543116688728333; -0.5015278458595276; 0.11894769966602325; -0.6920154690742493; 0.9901406764984131; -0.024172861129045486; 
99; 0.6937814354896545; -0.1357329785823822; 0.0617314949631691; -0.6907144784927368; 0.9952368140220642; 0.002363894833251834; 
71; 0.6335232853889465; -0.46777844429016113; -0.677428126335144; -0.6521146893501282; 1.09959077835083; -0.08267778903245926; 
192; 0.6921571493148804; -0.6847213506698608; -0.6093373894691467; -0.7447881698608398; 1.0941177606582642; -0.0662575513124466; 
51; 0.8362847566604614; -0.38210389018058777; -0.09812241047620773; -0.717438280582428; 1.0985755920410156; -0.008378216996788979; 
62; 0.6608622074127197; -0.31741198897361755; 0.10645711421966553; -0.6462046504020691; 1.0746873617172241; 0.0034923458006232977; 
87; 1.0712761878967285; -0.5662811398506165; -0.3982943296432495; -0.564545214176178; 0.9847366809844971; -0.010152109898626804; 
156; 0.6094126105308533; -0.5307469367980957; 0.04979546368122101; -0.9516404271125793; 1.2018263339996338; -0.1346646249294281; 
10; 0.5515426397323608; -0.5143024325370789; 0.13825471699237823; -0.7015470862388611; 0.9929429888725281; 0.14531013369560242; 
58; 0.8434363603591919; -0.7122462391853333; 0.02574765682220459; -0.8453247547149658; 1.091152310371399; -0.06413217633962631; 
169; 0.9094577431678772; -0.6868959665298462; -0.3422699272632599; -0.46733126044273376; 0.9989317655563354; -0.0833919569849968; 
151; 0.3806322515010834; -0.42437824606895447; -0.14515551924705505; -0.5868073105812073; 1.0523033142089844; 0.03479969501495361; 
181; 0.9346935749053955; -0.4435495436191559; 0.2125578075647354; -0.7555217146873474; 0.8706810474395752; 0.08033464103937149; 
6; 0.7751165628433228; -0.6596307158470154; -0.028828592970967293; -0.762739360332489; 1.0614054203033447; -0.07656270265579224; 
106; 0.9159525036811829; -0.7006141543388367; -0.2102869749069214; -0.8108190894126892; 1.0087611675262451; -0.16408266127109528; 
63; 0.7880071997642517; -0.6951777935028076; -0.14051026105880737; -0.6748515367507935; 0.9417456984519958; -0.08295995742082596; 
97; 0.7169836759567261; -0.6566608548164368; -0.18662129342556; -0.8904299736022949; 1.0463004112243652; -0.0655921995639801; 
131; 0.6808926463127136; -0.4655366539955139; -0.037653595209121704; -0.7243231534957886; 0.9205259084701538; 0.008855157531797886; 
13; 0.6531951427459717; -0.8405615091323853; 0.039259057492017746; -0.741115391254425; 1.0713430643081665; -0.05047556012868881; 
92; 0.7388249635696411; -0.4011523723602295; 0.6316859126091003; -0.7039608359336853; 0.8141411542892456; 0.05268005281686783; 
4; 0.4057181477546692; -0.6203993558883667; -0.09546628594398499; -0.6284896731376648; 1.061331033706665; -0.06342905759811401; 
37; 0.8166999220848083; -0.536411702632904; -0.30336692929267883; -0.7373238801956177; 0.8970261216163635; 0.005848549772053957; 
28; 0.5689789056777954; -0.691402792930603; 0.09596569836139679; -0.6437990069389343; 0.8764255046844482; 0.09187036007642746; 
40; 0.6558247804641724; -0.2627314627170563; -0.006597486324608326; -0.7923502922058105; 1.1260095834732056; -0.06923054903745651; 
64; 0.7477272152900696; -0.6161987781524658; 0.24117006361484528; -0.7398362159729004; 1.1454952955245972; 0.10667988657951355; 
21; 0.8219454884529114; -0.48528924584388733; -0.046738412231206894; -0.5534183382987976; 0.9809522032737732; -0.07953692972660065; 
147; 0.42213529348373413; -0.36508867144584656; -0.06999119371175766; -0.5865260362625122; 1.1684520244598389; -0.19958849251270294; 
17; 0.9539468884468079; -0.521364152431488; -0.15130680799484253; -0.8128646612167358; 0.9772948026657104; 0.08952922374010086; 
35; 0.6897655725479126; -0.646295964717865; -0.04557383805513382; -0.6389955282211304; 0.9031190276145935; 0.00497349863871932; 
188; 0.7216656804084778; -0.5100157260894775; 0.25036537647247314; -0.415811151266098; 0.9873805046081543; 0.07962211966514587; 
152; 0.7063915729522705; -0.3146730065345764; -0.02654857374727726; -0.7316221594810486; 0.8713805675506592; 0.024271445348858833; 
44; 0.8586019277572632; -0.4415542781352997; -0.07637221366167068; -0.4915710389614105; 1.000465750694275; -0.13244718313217163; 
86; 0.5231538414955139; -0.7939017415046692; 0.039108313620090485; -0.7652052044868469; 0.9363216757774353; 0.006167599931359291; 
53; 0.6905490159988403; -0.31563830375671387; 0.06681792438030243; -0.6429139971733093; 0.9342724084854126; 0.03568572551012039; 
18; 0.9393160939216614; -0.35967564582824707; -0.023833079263567924; -0.7302567362785339; 1.0256603956222534; -0.12819060683250427; 
41; 0.7687931656837463; -0.4203730821609497; -0.11501046270132065; -0.6780475974082947; 0.880057156085968; 0.11303029209375381; 
190; 0.7820254564285278; -0.47144895792007446; -0.013257257640361786; -0.7269790172576904; 0.9979599714279175; 0.0323830246925354; 
180; 0.9014608263969421; -0.2655371129512787; -0.06586941331624985; -0.6194968819618225; 0.8958918452262878; -0.13005439937114716; 
177; 0.4431927502155304; -0.4515533745288849; -0.07203410565853119; -0.7261894941329956; 0.8801193237304688; 0.00823146104812622; 
187; 0.5060581564903259; -0.7813875675201416; -0.10238060355186462; -0.6560578346252441; 0.9491402506828308; 0.041271477937698364; 
22; 0.7985150814056396; -0.3646281361579895; -0.02730216272175312; -0.712597668170929; 0.9662957191467285; -0.004720176104456186; 
189; 0.8224207162857056; -0.35975131392478943; -0.16620758175849915; -0.6542854905128479; 0.8562267422676086; 0.055717866867780685; 
60; 0.7173489332199097; -0.12652797996997833; 0.49657532572746277; -0.632985532283783; 1.0273499488830566; 0.009420124813914299; 
149; 1.1381770372390747; -0.4171912968158722; -0.003996419254690409; -0.541652262210846; 0.7750964164733887; 0.146226704120636; 
82; 0.7832031846046448; -0.10972439497709274; -0.04373655468225479; -0.6741282343864441; 0.9430862665176392; -0.034990955144166946; 
33; 0.8223447203636169; -0.6329252123832703; 0.017322709783911705; -0.6100389361381531; 1.046389102935791; 0.025248967111110687; 
5; 0.7183870077133179; -0.45417213439941406; -0.005248139146715403; -0.6901202201843262; 0.8097434639930725; -0.021696407347917557; 
128; 1.0817644596099854; -0.8770340085029602; 0.02844907157123089; -0.720187246799469; 1.0088318586349487; -0.11025995761156082; 
45; 0.669640064239502; -0.41669028997421265; 0.16372188925743103; -0.6685887575149536; 0.9103847742080688; 0.06405822932720184; 
120; 0.8692084550857544; -0.30415716767311096; -0.3497897684574127; -0.575087308883667; 0.9769381880760193; 0.12733325362205505; 
148; 0.7165722846984863; -0.27792835235595703; -0.14978782832622528; -0.6995350122451782; 1.098767876625061; 0.15055762231349945; 
167; 0.8118687868118286; -0.4615078568458557; -0.3518237769603729; -0.7667463421821594; 1.0034141540527344; -0.17029649019241333; 
176; 0.8243521451950073; -0.4831056594848633; 0.1820014864206314; -0.6902787089347839; 1.0764167308807373; -0.15352487564086914; 
126; 0.9530354738235474; -0.6095638275146484; -0.13244326412677765; -0.5723719000816345; 0.9217120409011841; 0.06511596590280533; 
16; 0.3955865204334259; -0.6735610961914062; 0.14625729620456696; -0.778735876083374; 0.9013839364051819; -0.042101986706256866; 
69; 0.9786136150360107; -0.3563397228717804; 0.046456463634967804; -0.6435046195983887; 0.9834321737289429; -0.041546471416950226; 
160; 0.8304421305656433; -0.2494516521692276; 0.09491950273513794; -0.6776546835899353; 0.9021241068840027; 0.07797857373952866; 
31; 0.8811972141265869; -0.6395309567451477; 0.3188340663909912; -0.7603103518486023; 0.9575480222702026; 0.006113455630838871; 
85; 0.5584538578987122; -0.4182104468345642; 0.21112944185733795; -0.7813728451728821; 0.9096763730049133; -0.012379210442304611; 
94; 0.8689425587654114; -0.4637486934661865; -0.32598549127578735; -0.7791093587875366; 0.9912703037261963; 0.08136110007762909; 
77; 0.7462403178215027; -1.2070915699005127; 0.3505173623561859; -0.6395946741104126; 0.9605815410614014; 0.03929251432418823; 
20; 0.766408383846283; -0.396679550409317; -0.05548274889588356; -0.745791494846344; 1.1310518980026245; -0.07995083183050156; 
66; 0.4605657458305359; -0.3587123453617096; -0.13925409317016602; -0.8014224171638489; 0.951960563659668; 0.08100710809230804; 
200; 1.1124334335327148; -0.4680848717689514; -0.35168758034706116; -0.6184393167495728; 1.0545576810836792; 0.06374815106391907; 
178; 0.7959046959877014; -0.43405330181121826; -0.30745235085487366; -0.6141727566719055; 1.119612216949463; -0.16475985944271088; 
8; 0.6774978637695312; -0.42851731181144714; -0.13265976309776306; -0.7200194597244263; 0.9179006814956665; 0.0454631969332695; 
108; 0.7531340718269348; -0.12480616569519043; -0.2054625153541565; -0.7681064605712891; 0.9280732274055481; 0.09464681893587112; 
121; 1.0354642868041992; -0.8566250801086426; 0.07499444484710693; -0.6368038058280945; 1.1235891580581665; 0.16100066900253296; 
110; 0.7628270983695984; -0.444242924451828; -0.17351213097572327; -0.6396798491477966; 0.939386785030365; -0.09132520854473114; 
29; 1.0177319049835205; -0.40304869413375854; 0.20161303877830505; -0.4704322814941406; 1.0861711502075195; -0.06952136754989624; 
23; 0.7808842658996582; -0.2782982587814331; -0.2727603316307068; -0.7191156148910522; 0.9961164593696594; -0.04071468487381935; 
88; 0.7212563157081604; -0.3949662148952484; 0.4732363522052765; -0.6817303895950317; 0.9953873157501221; -0.1343391239643097; 
135; 0.9229220151901245; -0.15822158753871918; -0.31000325083732605; -0.6701951026916504; 0.8923734426498413; 0.0732075572013855; 
48; 0.7637267708778381; -0.4194633960723877; -0.15744654834270477; -0.6609959006309509; 0.982364296913147; 0.009438298642635345; 
122; 0.7318829298019409; -0.3876693546772003; 0.24835219979286194; -0.6736745238304138; 1.0996124744415283; -0.04467318207025528; 
32; 0.8089179396629333; -0.21726925671100616; -0.18893572688102722; -0.8193222284317017; 1.010726809501648; 0.04798993840813637; 
68; 0.6733347177505493; -0.5241401195526123; 0.23173385858535767; -0.8286021947860718; 1.0045745372772217; 0.18707291781902313; 
198; 0.6708015203475952; -0.5738728046417236; -0.2804516851902008; -0.6301372647285461; 0.9221526384353638; -0.09172730147838593; 
61; 0.5802753567695618; -0.2361256629228592; -0.024239612743258476; -0.7129538059234619; 0.9421641230583191; 0.05987517535686493; 
50; 0.42317068576812744; -0.2833865284919739; -0.30370840430259705; -0.6065332293510437; 0.9652156829833984; -0.12950071692466736; 
109; 0.7822853326797485; -0.3669884204864502; -0.2836482524871826; -0.665052056312561; 0.8563216924667358; 0.06607598066329956; 
89; 0.6796622276306152; -0.2530915141105652; -0.646156907081604; -0.5365487933158875; 1.0597333908081055; 0.04047490656375885; 
159; 0.964826762676239; -0.47053804993629456; 0.5349422693252563; -0.8356795907020569; 1.1035196781158447; 0.05059650167822838; 
125; 0.4831661283969879; -0.6106032729148865; -0.013136716559529305; -0.5921012759208679; 1.1001956462860107; 0.0049652280285954475; 
57; 0.8411558866500854; -0.26255497336387634; 0.03703499585390091; -0.6449358463287354; 0.9429363012313843; -0.08525083214044571; 
134; 1.0555472373962402; -0.3125270903110504; 0.11177492141723633; -0.694703996181488; 1.0438110828399658; 0.15458901226520538; 
123; 0.5597876310348511; -0.35364410281181335; -0.09185013175010681; -0.5567543506622314; 0.9445997476577759; 0.062054477632045746; 
