3; 0.5751635432243347; -1.0079399347305298; 0.0386541523039341; -0.615980863571167; 0.9796605706214905; 0.1290777027606964; 
37; 0.7977970242500305; -0.48137858510017395; -0.17546279728412628; -0.6161683797836304; 1.06730055809021; -0.047941528260707855; 
7; 0.5828006863594055; -0.4784938395023346; 0.18519705533981323; -0.6608559489250183; 1.0731849670410156; -0.020826227962970734; 
90; 0.5398548245429993; -0.6573683619499207; -0.0023801277857273817; -0.7714723944664001; 1.0534803867340088; 0.011335525661706924; 
72; 0.7550662755966187; -0.14556503295898438; -0.2723141610622406; -0.78944331407547; 1.0329773426055908; 0.042519956827163696; 
71; 0.7205339670181274; -1.1348861455917358; -0.43926092982292175; -0.7924022078514099; 1.0349712371826172; 0.03679046407341957; 
1; 0.9947938323020935; -0.5095347762107849; -0.32347336411476135; -0.776867687702179; 0.9458489418029785; 0.09930890798568726; 
45; 0.7482571601867676; -0.8485115170478821; -0.12214905768632889; -0.5546284317970276; 0.9664268493652344; -0.043261755257844925; 
38; 0.7735052704811096; -0.4932694435119629; 0.18713708221912384; -0.7434267401695251; 0.9675086736679077; -0.05445030704140663; 
30; 0.9101963639259338; -0.513105571269989; -0.2734861373901367; -0.773307740688324; 0.9947180151939392; 0.04364505782723427; 
23; 0.6627421379089355; -0.41835880279541016; -0.18257851898670197; -0.6770045161247253; 1.0444177389144897; 0.05413452163338661; 
19; 0.7231413125991821; -0.627810537815094; -0.6414517760276794; -0.6727166175842285; 1.0611423254013062; 0.04520714282989502; 
8; 0.7171798944473267; -0.8738412857055664; -0.47610512375831604; -0.8464577198028564; 1.0024412870407104; -0.0014974281657487154; 
26; 0.6954989433288574; -0.15307188034057617; -0.15827998518943787; -0.8595863580703735; 1.136598825454712; -0.10767803341150284; 
93; 0.7112855911254883; -1.057115077972412; -0.15522046387195587; -0.8226556777954102; 1.0876705646514893; -0.03757116571068764; 
87; 0.529584527015686; -0.7985695004463196; -0.2513294816017151; -0.7322819232940674; 0.9713841080665588; -0.009499589912593365; 
89; 0.7782605290412903; -0.8019654750823975; -0.21421797573566437; -0.7507467865943909; 1.0372878313064575; -0.12057729810476303; 
69; 0.6029096245765686; -0.9607985019683838; 0.00012845685705542564; -0.6296038031578064; 1.0163593292236328; -0.011461478658020496; 
67; 0.7916653156280518; -0.37032175064086914; -0.02913297526538372; -0.65826416015625; 1.0779143571853638; 0.04718336835503578; 
74; 0.5719836950302124; -0.33576229214668274; -0.06285679340362549; -0.8481284976005554; 1.0669333934783936; -0.015380137600004673; 
16; 0.8120554089546204; -0.4630790054798126; -0.14650484919548035; -0.7538904547691345; 0.9788705706596375; -0.24400627613067627; 
5; 0.7878191471099854; -0.5447137355804443; -0.22480574250221252; -0.7637295126914978; 1.0509196519851685; -0.026530466973781586; 
66; 0.8334677815437317; -0.8222718834877014; 0.19875788688659668; -0.7147146463394165; 1.02921724319458; -0.12108485400676727; 
24; 0.8672802448272705; -0.6338256001472473; 0.2563701868057251; -0.84321129322052; 0.923898458480835; -0.07612040638923645; 
62; 0.7391800284385681; -0.7362709641456604; 0.12012866139411926; -0.888241708278656; 1.0953835248947144; 0.17310166358947754; 
80; 0.6203014850616455; -0.4931216239929199; -0.12099533528089523; -0.6226544380187988; 0.9968279004096985; 0.026417074725031853; 
94; 0.6540582180023193; -0.229763463139534; 0.032371122390031815; -0.6660040616989136; 1.0775197744369507; 0.08631156384944916; 
36; 0.5527347326278687; -0.8199757933616638; -0.3275528848171234; -0.632620096206665; 0.8679165244102478; -0.02418537810444832; 
11; 0.8080391883850098; -0.2951361835002899; -0.02793804183602333; -0.6267061233520508; 1.0193372964859009; 0.1948293298482895; 
29; 0.8139892220497131; -0.9730033874511719; 0.18948237597942352; -0.6923705339431763; 0.9703014492988586; -0.05595428869128227; 
64; 0.8091399669647217; -0.6053110361099243; -0.11757279932498932; -0.5406429171562195; 0.8934338092803955; 0.1190333142876625; 
20; 0.8354550004005432; -0.4498659074306488; -0.08816682547330856; -0.7513245940208435; 0.9811835885047913; 0.06536031514406204; 
99; 0.9149121642112732; -0.25351187586784363; 0.1848648190498352; -0.8005523085594177; 0.8257239460945129; -0.019284890964627266; 
27; 0.7697851061820984; -0.651695191860199; 0.12403162568807602; -0.7583222389221191; 0.9962494969367981; 0.10671233385801315; 
77; 0.643860936164856; -0.8076664805412292; -0.02627946063876152; -0.7175622582435608; 0.9686091542243958; -0.020684432238340378; 
17; 1.0587283372879028; -0.6844522356987; -0.455850213766098; -0.8484830856323242; 1.0252326726913452; -0.05904938280582428; 
44; 0.8280870914459229; -0.9213268756866455; 0.08027882128953934; -0.5065313577651978; 1.0179095268249512; 0.03103621117770672; 
18; 0.5605111718177795; -0.4414609670639038; -0.4553215503692627; -0.8533886075019836; 1.0962001085281372; -0.05448579043149948; 
81; 0.9489923715591431; -0.5607849955558777; -0.016354460269212723; -0.5827898979187012; 1.0433088541030884; -0.03125317022204399; 
56; 0.8764238953590393; -0.6939845681190491; -0.19225625693798065; -0.7471156120300293; 0.9614178538322449; -0.031104903668165207; 
14; 0.9178454875946045; -0.9959734082221985; 0.13794855773448944; -0.8128950595855713; 1.1042424440383911; 0.22391963005065918; 
95; 0.8137388825416565; -0.3185177743434906; 0.25556832551956177; -0.7536105513572693; 0.8890032172203064; -0.001944209448993206; 
35; 0.8472174406051636; -0.5133839249610901; -0.22838985919952393; -0.9527971148490906; 1.0041124820709229; -0.07579027861356735; 
12; 1.0233631134033203; -0.6171067357063293; 0.025981858372688293; -0.8183426260948181; 1.0720078945159912; -0.020085744559764862; 
68; 0.7249288558959961; -0.6690213680267334; -0.1369028389453888; -0.6048351526260376; 1.0925660133361816; -0.08954280614852905; 
28; 0.7903434038162231; -0.4776420295238495; -0.23376783728599548; -0.8637636303901672; 0.8391233086585999; 0.017857788130640984; 
91; 0.6432549357414246; -0.31878823041915894; -0.034785546362400055; -0.8135004043579102; 1.1713086366653442; 0.15568865835666656; 
73; 0.9283099174499512; -0.3363254964351654; -0.24730823934078217; -0.744011402130127; 0.9264947175979614; 0.07285723090171814; 
22; 1.1621334552764893; -0.5316042900085449; 0.24201084673404694; -0.6665236353874207; 1.0846972465515137; 0.13015739619731903; 
32; 0.7823835015296936; -0.29481616616249084; 0.02487933821976185; -0.6701915264129639; 0.954262912273407; 0.09592215716838837; 
58; 0.4150511920452118; -0.6985480189323425; 0.2139049768447876; -0.7241569757461548; 1.0438158512115479; 0.07115647196769714; 
98; 0.5361006259918213; -0.22426801919937134; -0.09478294849395752; -0.5937754511833191; 0.86187744140625; -0.04116024821996689; 
79; 0.8078095316886902; -0.8109567165374756; -0.27374616265296936; -0.822767436504364; 0.9512914419174194; -0.036871831864118576; 
65; 0.7098807692527771; -1.3245011568069458; 0.16197852790355682; -0.7963215708732605; 1.0204640626907349; 0.08150753378868103; 
76; 0.7430576086044312; -0.6315101981163025; -0.5298520922660828; -0.7370426058769226; 0.9049992561340332; 0.009127669967710972; 
2; 0.5139245390892029; -0.5875688791275024; -0.05461357161402702; -0.5801408290863037; 1.066278338432312; 0.076814666390419; 
46; 0.8542062044143677; -1.0220632553100586; 0.4036146104335785; -0.8146876096725464; 1.0884555578231812; 0.06659314036369324; 
88; 0.49283722043037415; -0.607918381690979; 0.20509129762649536; -0.6355495452880859; 0.9756853580474854; 0.07118525356054306; 
10; 0.7784349322319031; -0.6653613448143005; -0.06515200436115265; -0.6645705103874207; 1.0904667377471924; 0.002338102087378502; 
59; 0.6235278844833374; -1.0028765201568604; -0.00279449881054461; -0.7604274153709412; 1.0199373960494995; -0.03747659921646118; 
75; 0.26403847336769104; -0.9648478627204895; -0.27793067693710327; -0.7598095536231995; 1.0535550117492676; 0.016053417697548866; 
96; 0.5915044546127319; -0.4397716820240021; -0.3003633916378021; -0.9033292531967163; 1.0229578018188477; -0.22179485857486725; 
52; 0.5699716806411743; -0.7135006189346313; -0.022678455337882042; -0.6711154580116272; 1.0848106145858765; -0.004989471286535263; 
39; 0.5427604913711548; -0.5723596811294556; -0.21893298625946045; -0.6091252565383911; 0.9498292207717896; -0.0215968769043684; 
21; 0.6680128574371338; -0.5004302263259888; -0.24447926878929138; -0.5865194201469421; 1.0140092372894287; 0.1571216732263565; 
97; 0.9381610155105591; -0.6395837664604187; -0.24756409227848053; -0.7217168211936951; 1.0322366952896118; 0.01311744935810566; 
82; 1.1149332523345947; -0.4520154297351837; -0.3174307346343994; -0.6513916850090027; 1.0369852781295776; -0.020536554977297783; 
34; 0.8764236569404602; -0.7025059461593628; -0.03211687132716179; -0.7803668975830078; 1.0968791246414185; -0.08411189913749695; 
41; 0.8624302744865417; -0.4695979952812195; -0.006111523136496544; -0.7604430317878723; 0.9830560684204102; -0.07091712206602097; 
13; 0.9402496218681335; -0.600071370601654; 0.0003456259146332741; -0.751325786113739; 1.059592843055725; -0.03173845633864403; 
78; 0.9266114234924316; -0.027428191155195236; -0.14346317946910858; -0.6578055620193481; 1.0433244705200195; -0.045525871217250824; 
54; 0.8742953538894653; -0.793234646320343; -0.01759069785475731; -0.6263843178749084; 0.9897965788841248; -0.02597089670598507; 
49; 0.8730758428573608; -1.0164669752120972; -0.055502455681562424; -0.7994592785835266; 1.1512051820755005; 0.12275421619415283; 
31; 0.829622209072113; -0.6089149713516235; -0.08649635314941406; -0.6707995533943176; 1.209344744682312; -0.0670202374458313; 
15; 0.8725618124008179; -0.5135023593902588; -0.020959598943591118; -0.7079368233680725; 0.9834617376327515; 0.07317440211772919; 
92; 0.6547094583511353; -0.45261329412460327; -0.14039497077465057; -0.6757646203041077; 0.968266487121582; 0.14346778392791748; 
47; 0.7636419534683228; -1.1086938381195068; -0.04927681386470795; -0.7341451048851013; 1.0487645864486694; 0.10791480541229248; 
83; 0.8661592602729797; -0.3950100541114807; -0.1181924119591713; -0.7116470336914062; 0.9016221761703491; -0.14240925014019012; 
57; 0.8258171677589417; -0.7653063535690308; 0.21933412551879883; -0.6774471402168274; 0.9564608335494995; 0.10209663212299347; 
33; 0.7355815768241882; -0.4539506137371063; 0.010678024962544441; -0.7085328102111816; 0.9266756772994995; 0.031767599284648895; 
43; 0.8265765905380249; -0.371793657541275; -0.250403493642807; -0.8290821313858032; 1.1101044416427612; 0.014339745044708252; 
55; 0.6537760496139526; -0.5187440514564514; -0.04656388238072395; -0.522712767124176; 1.0908077955245972; 0.014682295732200146; 
50; 0.8425067663192749; -0.9751750230789185; 0.24717046320438385; -0.7452719807624817; 1.0785044431686401; 0.05670147389173508; 
9; 0.5518866777420044; -0.6713834404945374; -0.2968083918094635; -0.6391549110412598; 0.9297243356704712; 0.04016762226819992; 
86; 0.5493300557136536; -0.16459989547729492; -0.14755551517009735; -0.7861698865890503; 1.2254594564437866; -0.00242142123170197; 
100; 0.5813460946083069; -0.7805620431900024; 0.056877896189689636; -0.7746031880378723; 0.9883093237876892; 0.10132919251918793; 
70; 0.8379704356193542; -0.3892684280872345; 0.06719665229320526; -0.7623550295829773; 1.0501630306243896; -0.01563512720167637; 
51; 0.8030388355255127; -0.15545539557933807; -0.2757716178894043; -0.6859577894210815; 1.113974690437317; -0.0313650406897068; 
61; 0.5472099781036377; -0.6708805561065674; 0.23877741396427155; -0.6217494010925293; 1.2054924964904785; -0.03375524282455444; 
42; 0.5843421816825867; -0.24951454997062683; -0.1546691507101059; -0.6410104632377625; 1.0775420665740967; -0.07641490548849106; 
53; 0.9724587202072144; -0.8138090372085571; -0.08613762259483337; -0.6132284998893738; 0.9250046610832214; -0.08896823972463608; 
4; 0.7867898344993591; -0.4916512370109558; -0.2752529978752136; -0.8332149982452393; 0.9355379343032837; -0.09048452973365784; 
40; 0.5546967387199402; -0.7900614142417908; 0.07456683367490768; -0.6757792234420776; 1.0126502513885498; 0.1687568724155426; 
48; 1.0946674346923828; -0.1859850436449051; 0.26546555757522583; -0.8290588855743408; 1.1482361555099487; -0.13869114220142365; 
84; 0.8177500367164612; -0.8493075370788574; -0.06400632858276367; -0.7280723452568054; 0.966624915599823; -0.07257729768753052; 
6; 0.8780750632286072; -0.8549340963363647; 0.04418027400970459; -0.6748408675193787; 1.0914838314056396; -0.01183963194489479; 
85; 0.8674011826515198; -0.32399076223373413; -0.09595686197280884; -0.7275398373603821; 0.9949851632118225; 0.057880524545907974; 
25; 0.47733747959136963; -0.6635011434555054; -0.16203489899635315; -0.6899417638778687; 1.0072038173675537; -0.18010322749614716; 
71; 0.7205340266227722; -1.1348861455917358; -0.43926092982292175; -0.7924022078514099; 1.0349712371826172; 0.03679046034812927; 
72; 0.7550662755966187; -0.14556503295898438; -0.2723141610622406; -0.78944331407547; 1.0329773426055908; 0.042519956827163696; 
63; 0.7197840213775635; -0.6732909679412842; -0.10206281393766403; -0.6338307857513428; 1.0941895246505737; 0.034474652260541916; 
60; 0.8486824631690979; -0.7965763211250305; 0.1868891417980194; -0.7092811465263367; 0.947810173034668; 0.02127472124993801; 
90; 0.5398548245429993; -0.6573683619499207; -0.0023801277857273817; -0.7714723944664001; 1.0534803867340088; 0.011335525661706924; 
37; 0.7977970242500305; -0.48137858510017395; -0.17546284198760986; -0.6161684393882751; 1.0673004388809204; -0.047941528260707855; 
7; 0.5828006267547607; -0.47849389910697937; 0.18519710004329681; -0.6608558893203735; 1.0731849670410156; -0.020826246589422226; 
3; 0.5751633644104004; -1.0079399347305298; 0.0386541374027729; -0.615980863571167; 0.9796605110168457; 0.12907767295837402; 
197; 0.956818163394928; -0.6939219832420349; -0.45675718784332275; -0.7885847687721252; 0.9140709638595581; -0.03559815138578415; 
171; 0.6749659180641174; -0.7460727691650391; -0.151778444647789; -0.686284065246582; 1.1649705171585083; -0.0225721076130867; 
155; 0.7093838453292847; -1.0209150314331055; -0.4159688651561737; -0.8235164880752563; 0.9570533633232117; -0.06584224104881287; 
106; 1.0158305168151855; -0.8608815670013428; 0.27209219336509705; -0.7322931289672852; 1.0787867307662964; 0.08086442947387695; 
173; 0.7195621132850647; -0.37544509768486023; -0.06422159075737; -0.6963539719581604; 1.0789681673049927; -0.10141796618700027; 
132; 0.7617716193199158; -0.4582270085811615; -0.046199649572372437; -0.6487436294555664; 1.1311733722686768; 0.1668200045824051; 
170; 0.8712282776832581; -0.8667019009590149; 0.19714301824569702; -0.6128846406936646; 0.9121034145355225; -0.017410874366760254; 
154; 0.6382051110267639; -0.5707974433898926; -0.003330264240503311; -0.7634556293487549; 1.073415994644165; 0.017863305285573006; 
152; 0.8316600322723389; -0.15097039937973022; 0.05145403370261192; -0.7418071627616882; 0.821133553981781; 0.14232859015464783; 
125; 0.7392692565917969; -0.6641122698783875; -0.31193479895591736; -0.6882809400558472; 0.9207469820976257; -0.020243598148226738; 
145; 0.9601378440856934; -0.6278708577156067; -0.2955503761768341; -0.7154294848442078; 1.1043694019317627; 0.007954973727464676; 
104; 0.6388090252876282; -0.5088353753089905; -0.07766461372375488; -0.7494483590126038; 0.9633641839027405; 0.12138425558805466; 
119; 0.8701976537704468; -0.7021560668945312; -0.1340019553899765; -0.7303531169891357; 0.9770209193229675; -0.049058135598897934; 
133; 0.8457488417625427; -0.5394005179405212; 0.12090230733156204; -0.7039468884468079; 0.8829030990600586; -0.01801557093858719; 
186; 0.9156181216239929; -0.9306241273880005; -0.13592539727687836; -0.7201778888702393; 1.064234972000122; -0.0011658300645649433; 
183; 0.6951431632041931; -0.5438488721847534; 0.2985627055168152; -0.7333444356918335; 0.998216986656189; 0.0032460822258144617; 
115; 0.9170629382133484; -0.7543017268180847; 0.07415884733200073; -0.7222026586532593; 1.0425379276275635; -0.03284050524234772; 
135; 0.7956293225288391; -0.6298925876617432; -0.5275635123252869; -0.6555575132369995; 0.9252475500106812; 0.060333073139190674; 
116; 0.6572752594947815; -0.5908496379852295; 0.09801991283893585; -0.6433192491531372; 1.1617196798324585; -0.10343340039253235; 
196; 1.01662015914917; -0.7776747345924377; -0.47211548686027527; -0.6733163595199585; 1.0423479080200195; -0.06737211346626282; 
179; 0.8271088600158691; -0.31186777353286743; 0.13315215706825256; -0.5619478225708008; 1.0316511392593384; 0.14482057094573975; 
159; 0.8091898560523987; -0.3637670576572418; -0.49140796065330505; -0.6987283825874329; 1.0007025003433228; 0.002308846218511462; 
129; 0.6396517157554626; -0.8454539179801941; 0.004042282234877348; -0.8042543530464172; 0.9325858950614929; 0.06750277429819107; 
124; 0.8865987658500671; -0.6660018563270569; 0.04564298316836357; -0.7817279696464539; 1.008151888847351; -0.03332817927002907; 
141; 0.62990802526474; -0.8330395221710205; -0.07630857080221176; -0.5466004610061646; 1.1260952949523926; -0.05255722999572754; 
198; 0.7278151512145996; -0.25742414593696594; 0.1452844887971878; -0.6882973313331604; 0.8481366634368896; 0.10641445964574814; 
127; 0.6916940212249756; -1.0981355905532837; 0.05611300840973854; -0.9166554808616638; 0.9097678661346436; -0.10690728574991226; 
126; 0.7817234396934509; -0.4451104700565338; -0.06523828208446503; -0.7851555347442627; 0.9158139824867249; 0.006053115241229534; 
103; 0.5483720302581787; -0.32360410690307617; -0.1178758293390274; -0.7353927493095398; 1.07314932346344; -0.0756862536072731; 
157; 0.7071656584739685; -0.5668979287147522; 0.01607244461774826; -0.5297291278839111; 1.1087501049041748; -0.09871526807546616; 
181; 0.7684564590454102; -0.532657265663147; -0.2790091037750244; -0.7324385643005371; 1.064138650894165; -0.0871773362159729; 
149; 0.8517867922782898; -0.5370007753372192; -0.02306676097214222; -0.5986568927764893; 1.0486716032028198; -0.022472266107797623; 
156; 0.5516804456710815; -0.572285532951355; -0.11614666134119034; -0.5934612154960632; 1.0088083744049072; -0.06168632209300995; 
112; 0.25075602531433105; -0.22517290711402893; 0.17387184500694275; -0.7579838633537292; 0.8389790058135986; -0.07492571324110031; 
151; 0.4041929841041565; -1.0475314855575562; -0.05238313600420952; -0.7904298901557922; 1.0099766254425049; -0.04287615790963173; 
105; 0.8481582403182983; -0.7679426670074463; 0.25822019577026367; -0.6513539552688599; 0.9918822050094604; -0.013554906472563744; 
108; 0.24578991532325745; -0.6844860315322876; -0.19938689470291138; -0.6923032402992249; 0.9494008421897888; -0.02397288754582405; 
134; 0.5025299191474915; -0.8507770895957947; 0.03501857444643974; -0.6277063488960266; 1.0586198568344116; -0.02464612014591694; 
140; 0.9911900758743286; -0.39479273557662964; -0.07030652463436127; -0.7169660925865173; 1.0660161972045898; -0.17569401860237122; 
164; 0.736168384552002; -0.7501606941223145; -0.15413230657577515; -0.6786149144172668; 1.1015390157699585; -0.00990697368979454; 
199; 0.5274440050125122; -0.3622153401374817; -0.01911420002579689; -0.7723602652549744; 1.121679663658142; -0.07800757139921188; 
111; 0.9146371483802795; -0.8328194618225098; -0.34502536058425903; -0.6591590642929077; 0.9362331628799438; -0.007844997569918633; 
166; 0.8551012277603149; -0.6936904788017273; 0.07733897864818573; -0.6184679865837097; 0.9531443119049072; 0.12203387171030045; 
136; 0.9315145611763; -0.3014647364616394; -0.24626563489437103; -0.844514012336731; 0.9196386337280273; -0.002574262209236622; 
193; 0.5396196246147156; -0.14199523627758026; -0.6554034352302551; -0.8323897123336792; 1.1623399257659912; 0.014381454326212406; 
158; 0.6568250060081482; -0.9140574932098389; 0.20034289360046387; -0.5615796446800232; 1.0092451572418213; 0.008243103511631489; 
153; 0.7922291159629822; -0.5579487681388855; -0.05483159422874451; -0.8340579867362976; 0.9222478270530701; 0.022819144651293755; 
102; 0.5314211845397949; -0.588985800743103; 0.10626385360956192; -0.7184426188468933; 1.1983494758605957; -0.1554710566997528; 
184; 0.9435611963272095; -0.5278510451316833; 0.008061843924224377; -0.7373663783073425; 0.9001821875572205; 0.02728903479874134; 
137; 0.6406185030937195; -0.36499500274658203; -0.13825054466724396; -0.6043205261230469; 0.9574858546257019; -0.04609847813844681; 
200; 1.0709069967269897; -0.5970451235771179; -0.3431447148323059; -0.7863883376121521; 1.0451014041900635; -0.05416623875498772; 
163; 0.5970526933670044; -0.7009975910186768; 0.0694933757185936; -0.7046749591827393; 1.1646186113357544; 0.055271852761507034; 
195; 0.5442365407943726; -0.7921696901321411; -0.09701219201087952; -0.7044607996940613; 1.096910834312439; 0.05481310561299324; 
148; 0.5363031625747681; -0.5474033355712891; -0.21306151151657104; -0.7649642825126648; 1.0285758972167969; 0.006541597191244364; 
139; 0.790681004524231; -0.7912783026695251; -0.3940297067165375; -0.5782461166381836; 1.2067067623138428; 0.0374455489218235; 
114; 0.6403844356536865; -0.39401915669441223; -0.3256329298019409; -0.6682384610176086; 0.9927875995635986; 0.030812783166766167; 
138; 0.6520434617996216; -0.1900971531867981; -0.0010104195680469275; -0.6338162422180176; 1.2031971216201782; 0.06797221302986145; 
178; 0.7977167367935181; -0.9256077408790588; -0.1973528414964676; -0.6475938558578491; 0.88223797082901; 0.013359489850699902; 
191; 0.5733031630516052; -0.7826999425888062; -0.11954311281442642; -0.7862415909767151; 0.9099786877632141; -0.13395869731903076; 
143; 0.7166955471038818; -0.49896740913391113; -0.030517851933836937; -0.7333669662475586; 0.9784650206565857; 0.06450299918651581; 
188; 1.0401408672332764; -0.3671354353427887; 0.21418148279190063; -0.5417603254318237; 0.9846413731575012; 0.1543627679347992; 
117; 0.5283300280570984; -0.3079947233200073; -0.20950745046138763; -0.7600632905960083; 0.9842255711555481; -0.08277755230665207; 
190; 0.6715452075004578; -0.5991523265838623; 0.05153624340891838; -0.6799224615097046; 0.9937773942947388; -0.04242202267050743; 
161; 0.568108320236206; -0.7335572242736816; -0.3003723919391632; -0.7573584914207458; 0.9574665427207947; -0.15039286017417908; 
167; 0.7146355509757996; -0.8497433066368103; -0.2201632261276245; -0.7993523478507996; 1.1312997341156006; 0.10764893889427185; 
180; 0.5122890472412109; -0.691617488861084; -0.12238580733537674; -0.8066641688346863; 1.019940733909607; 0.08339859545230865; 
130; 1.0124573707580566; -0.6833077073097229; -0.15419729053974152; -0.6918328404426575; 1.0079877376556396; -0.006971764378249645; 
187; 0.8470455408096313; -0.4346114993095398; 0.1177697703242302; -0.7220032215118408; 0.8942684531211853; 0.0014131302013993263; 
107; 0.7659723162651062; -0.7225742936134338; -0.39133596420288086; -0.7993475198745728; 1.1530497074127197; -0.14965105056762695; 
109; 0.67160964012146; -0.8905152082443237; -0.3552175462245941; -0.6054120063781738; 0.9802070260047913; 0.035579223185777664; 
142; 0.9678720831871033; -0.7061562538146973; 0.03613052889704704; -0.5932294130325317; 1.2467740774154663; -0.008637463673949242; 
162; 0.6015786528587341; -0.7153668999671936; -0.08722423017024994; -0.6590815782546997; 1.0283074378967285; -0.06392364948987961; 
168; 0.6674386858940125; -0.7509283423423767; -0.14286305010318756; -0.59406977891922; 1.0671160221099854; -0.04426778107881546; 
185; 0.9173091053962708; -0.48364320397377014; -0.10512010008096695; -0.7010961174964905; 0.8779269456863403; -0.13056664168834686; 
121; 0.8604049682617188; -0.8053601980209351; -0.2408008873462677; -0.8176427483558655; 1.000705599784851; -0.04155171290040016; 
144; 0.8194189071655273; -0.42941582202911377; -0.11288555711507797; -0.679929792881012; 1.0131659507751465; -0.10883443057537079; 
194; 0.942517876625061; -0.33236533403396606; 0.20784015953540802; -0.6915524005889893; 1.0069234371185303; -0.020644573494791985; 
160; 0.6580753326416016; -0.5501382350921631; 0.09710033237934113; -0.8434056639671326; 1.0892833471298218; 0.07926228642463684; 
189; 1.2002662420272827; -0.9495488405227661; -0.3978637456893921; -0.6631864309310913; 1.0282230377197266; 0.08056709915399551; 
172; 0.7912732362747192; -0.22969917953014374; -0.05629732087254524; -0.8123674988746643; 1.044590711593628; -0.1723976880311966; 
101; 0.7145976424217224; -0.34201616048812866; -0.06449881941080093; -0.7940127849578857; 1.052246332168579; -0.13087862730026245; 
147; 0.7755778431892395; -0.41846659779548645; 0.13892105221748352; -0.9039281606674194; 0.9901837110519409; 0.027930209413170815; 
123; 0.8891603946685791; -1.204267144203186; 0.12172161042690277; -0.5889015793800354; 0.9481760263442993; 0.0972888320684433; 
175; 0.770698070526123; -0.4011116921901703; 0.08088680356740952; -0.6440183520317078; 0.8313875794410706; -0.01001752819865942; 
118; 0.8228448033332825; -0.4476538300514221; 0.1972956508398056; -0.7168920040130615; 1.0546462535858154; 0.04342297464609146; 
150; 0.7879578471183777; -0.679649293422699; 0.172357439994812; -0.7260744571685791; 0.9757297039031982; -0.024792920798063278; 
113; 0.8245334029197693; -0.9223704934120178; 0.04082896187901497; -0.654802680015564; 0.9652784466743469; 0.04949553310871124; 
128; 0.9794847965240479; -0.7791206240653992; -0.4188183844089508; -0.6677819490432739; 1.0655486583709717; 0.025593873113393784; 
122; 0.6305338144302368; -0.7599328756332397; -0.12275374680757523; -0.7303655743598938; 0.957844614982605; 0.07365475594997406; 
182; 0.7619055509567261; -0.38136520981788635; -0.1328313797712326; -0.8667037487030029; 0.9815071225166321; 0.0546991303563118; 
110; 0.9488685131072998; -0.6698753237724304; -0.19195221364498138; -0.7365545034408569; 1.1710749864578247; -0.037793293595314026; 
131; 0.71719890832901; -0.25995680689811707; -0.2176254540681839; -0.6431660056114197; 1.038925051689148; 0.03971713036298752; 
192; 0.7236093282699585; -0.9327017068862915; -0.3374665379524231; -0.7747513651847839; 0.8579512238502502; 0.1113927960395813; 
120; 0.6506420969963074; -0.9535245895385742; 0.12408929318189621; -0.6263416409492493; 1.0452486276626587; 0.13430948555469513; 
177; 0.5684086680412292; -0.40190041065216064; -0.02416943572461605; -0.6890870928764343; 1.053015947341919; -0.015635931864380836; 
174; 0.42747047543525696; -0.6029893755912781; 0.2590537965297699; -0.7258464097976685; 1.0090669393539429; 0.03201758489012718; 
146; 0.5491182208061218; -0.547432005405426; 0.026708222925662994; -0.6295915246009827; 1.1897525787353516; -0.1311085969209671; 
169; 0.709678590297699; -0.4494202733039856; -0.23847924172878265; -0.6872009038925171; 0.8937374949455261; 0.15623997151851654; 
176; 0.2525704801082611; -0.38278821110725403; -0.23022164404392242; -0.9189960360527039; 1.1002882719039917; 0.08661974966526031; 
165; 0.6986116170883179; -1.005795955657959; -0.013809572905302048; -0.6524549722671509; 0.8149131536483765; -0.06327684968709946; 
