60; 0.4331119656562805; -1.472768783569336; -0.2621540427207947; -0.9924854040145874; 0.7716206312179565; -0.2171306014060974; 
63; 0.24965748190879822; -1.3348649740219116; -0.7063034772872925; -0.9076406955718994; 0.8939534425735474; -0.09944307804107666; 
37; 0.338026762008667; -1.1453129053115845; -0.7198150157928467; -0.8535739779472351; 0.8388698101043701; -0.3038070797920227; 
3; 0.20961123704910278; -1.5702118873596191; -0.4482833743095398; -0.8687049150466919; 0.7826324105262756; -0.04980826377868652; 
7; 0.11325997114181519; -1.1057560443878174; -0.41265976428985596; -0.9132469892501831; 0.8617856502532959; -0.23205889761447906; 
90; 0.102142333984375; -1.4610471725463867; -0.5076715350151062; -1.0109272003173828; 0.8394215106964111; -0.243107870221138; 
72; 0.11865013837814331; -0.8511767983436584; -0.9769691228866577; -1.0972744226455688; 0.7459503412246704; -0.20183081924915314; 
71; 0.09343528747558594; -2.0125441551208496; -1.217489242553711; -1.1156600713729858; 0.8153790235519409; -0.19197259843349457; 
1; 0.4875766634941101; -0.97737056016922; -0.8532826900482178; -1.0175528526306152; 0.7094594240188599; -0.12748198211193085; 
45; 0.41112107038497925; -1.5276637077331543; -0.663992166519165; -0.773901641368866; 0.7839674353599548; -0.21600379049777985; 
38; 0.3274773061275482; -0.9884372353553772; -0.17389072477817535; -0.9541178345680237; 0.8138787150382996; -0.21922416985034943; 
23; 0.27845728397369385; -0.9280869960784912; -0.5898692607879639; -0.9474692344665527; 0.8558923006057739; -0.1579415649175644; 
19; 0.34433889389038086; -1.234678030014038; -1.2439968585968018; -0.9072889089584351; 0.8896093368530273; -0.13232475519180298; 
30; 0.434513658285141; -1.2256929874420166; -0.95372474193573; -1.0349795818328857; 0.7941138744354248; -0.23441213369369507; 
8; 0.2121475338935852; -1.5182594060897827; -1.0699975490570068; -1.0605823993682861; 0.8117777109146118; -0.1830095797777176; 
26; 0.13827577233314514; -0.6503554582595825; -0.651512086391449; -1.1060893535614014; 0.8911013007164001; -0.3757152557373047; 
93; 0.2685154676437378; -1.724886417388916; -0.5990837812423706; -1.0788716077804565; 0.8897690773010254; -0.2275184541940689; 
89; 0.2625562250614166; -1.37015962600708; -0.8075969219207764; -1.0293890237808228; 0.8636088967323303; -0.31451237201690674; 
87; 0.07412859797477722; -1.4861202239990234; -0.7724419236183167; -0.8887149691581726; 0.7951041460037231; -0.1751040369272232; 
67; 0.3482159674167633; -0.8247145414352417; -0.4897163510322571; -0.862189531326294; 0.8952401876449585; -0.19221870601177216; 
74; 0.11971667408943176; -0.8834308981895447; -0.6148124933242798; -1.088632583618164; 0.9095091819763184; -0.1993529349565506; 
69; 0.2427045702934265; -1.4986298084259033; -0.48759016394615173; -0.9026955366134644; 0.8454046845436096; -0.24055001139640808; 
66; 0.4003102779388428; -1.4163750410079956; -0.3177148997783661; -0.9356386065483093; 0.8450732827186584; -0.35223573446273804; 
16; 0.278521329164505; -1.0534987449645996; -0.7663259506225586; -1.0207372903823853; 0.6952628493309021; -0.41541242599487305; 
80; 0.16204795241355896; -1.0165752172470093; -0.554704487323761; -0.7898561954498291; 0.8343806862831116; -0.18583020567893982; 
5; 0.3535049557685852; -1.0973834991455078; -0.6486140489578247; -1.0607681274414062; 0.9003763794898987; -0.23627951741218567; 
94; 0.18039339780807495; -0.8147973418235779; -0.5326607823371887; -0.8630801439285278; 0.8430795669555664; -0.18504300713539124; 
62; 0.28234410285949707; -1.3409013748168945; -0.4549568295478821; -1.1214187145233154; 0.890474259853363; -0.09887498617172241; 
11; 0.260848730802536; -0.7647407054901123; -0.6171814203262329; -0.8710823655128479; 0.8475044965744019; 0.032081738114356995; 
24; 0.46321287751197815; -1.2109405994415283; -0.1818898320198059; -1.0496870279312134; 0.7986224293708801; -0.26165059208869934; 
36; 0.19626587629318237; -1.4192285537719727; -0.7349590063095093; -0.830211877822876; 0.6259580850601196; -0.14827080070972443; 
64; 0.4327945113182068; -1.23325514793396; -0.5957654118537903; -0.7591735124588013; 0.7319682240486145; -0.07071594893932343; 
20; 0.3922555446624756; -0.9938387870788574; -0.5513502359390259; -0.9500962495803833; 0.7923578023910522; -0.10927604138851166; 
29; 0.3787291646003723; -1.5357422828674316; -0.2419678419828415; -0.8640881180763245; 0.777341902256012; -0.21549303829669952; 
99; 0.40912798047065735; -0.8127557039260864; -0.2732698321342468; -1.0746619701385498; 0.6311486959457397; -0.24796849489212036; 
77; 0.1851399540901184; -1.4782214164733887; -0.5115825533866882; -0.9150514602661133; 0.7957693338394165; -0.225846529006958; 
27; 0.2964421510696411; -1.2391791343688965; -0.41376182436943054; -0.9945531487464905; 0.7087477445602417; -0.0511469691991806; 
18; 0.18236678838729858; -0.9096840023994446; -1.099252462387085; -1.0889946222305298; 0.8360229134559631; -0.21434904634952545; 
81; 0.40061110258102417; -1.2300294637680054; -0.565645158290863; -0.9341732263565063; 0.800769567489624; -0.250642329454422; 
44; 0.4654311239719391; -1.5432333946228027; -0.45924994349479675; -0.7388573884963989; 0.8918306231498718; -0.14486849308013916; 
95; 0.4251054525375366; -0.8277974724769592; -0.1922694891691208; -1.0029789209365845; 0.7126355767250061; -0.17430266737937927; 
56; 0.4628668427467346; -1.299747109413147; -0.7287671566009521; -0.9691215753555298; 0.7291117906570435; -0.2423490285873413; 
12; 0.5356330275535583; -1.2265222072601318; -0.5006018280982971; -1.0355249643325806; 0.8368275761604309; -0.26845353841781616; 
17; 0.6381813287734985; -1.3842904567718506; -1.005658507347107; -1.0956143140792847; 0.8763706684112549; -0.2753903269767761; 
28; 0.3958244025707245; -1.0405893325805664; -0.7433075904846191; -1.0326086282730103; 0.6406382322311401; -0.11546602845191956; 
35; 0.48159709572792053; -1.0485461950302124; -0.7545137405395508; -1.1656447649002075; 0.7555596828460693; -0.2335832118988037; 
68; 0.28529226779937744; -1.2355778217315674; -0.617911159992218; -0.8575803637504578; 0.9390909075737; -0.19174693524837494; 
14; 0.408008873462677; -1.7741858959197998; -0.2995259165763855; -1.0279887914657593; 0.9542211890220642; 0.07813043892383575; 
91; 0.2567058503627777; -0.8663513660430908; -0.5060712695121765; -1.0452454090118408; 0.9971076250076294; -0.03747838735580444; 
73; 0.4955257475376129; -0.8467491865158081; -0.7825101613998413; -0.932608962059021; 0.704878568649292; -0.14879122376441956; 
22; 0.7724748849868774; -1.1073973178863525; -0.2895863354206085; -0.9205061197280884; 0.8954843878746033; -0.06929841637611389; 
79; 0.3160480260848999; -1.5160324573516846; -0.933889627456665; -1.099624514579773; 0.7411447763442993; -0.28725892305374146; 
2; 0.03567856550216675; -1.1642032861709595; -0.5366940498352051; -0.7753089666366577; 0.9005934000015259; -0.1322101652622223; 
58; -0.06690314412117004; -1.3379720449447632; -0.42965438961982727; -0.9825911521911621; 0.8085313439369202; -0.15745705366134644; 
98; 0.025375664234161377; -0.8389468193054199; -0.5824685096740723; -0.8866363763809204; 0.5977343320846558; -0.28665754199028015; 
32; 0.3303350508213043; -0.8874732851982117; -0.5791192054748535; -0.9567118883132935; 0.7176066040992737; -0.19548030197620392; 
88; 0.05636036396026611; -1.3082057237625122; -0.2701552212238312; -0.9470618963241577; 0.6814272403717041; -0.25829923152923584; 
59; 0.05180996656417847; -1.7790693044662476; -0.48033446073532104; -1.0364514589309692; 0.8011617660522461; -0.29545825719833374; 
76; 0.22270405292510986; -1.1936900615692139; -1.0935406684875488; -0.9752476215362549; 0.6654277443885803; -0.19841471314430237; 
65; 0.3702072501182556; -2.010514736175537; -0.30924275517463684; -0.9756121635437012; 0.8410156965255737; -0.07652673125267029; 
10; 0.4165925681591034; -1.2706975936889648; -0.5729928016662598; -0.8630631566047668; 0.8982199430465698; -0.17863865196704865; 
46; 0.4387831389904022; -1.6868140697479248; 0.0002779662609100342; -1.0709513425827026; 0.8635572195053101; -0.14865444600582123; 
75; -0.2518932819366455; -1.588573932647705; -0.8637042045593262; -1.0137602090835571; 0.8325377702713013; -0.21068519353866577; 
39; 0.0621526837348938; -1.3277835845947266; -0.8618572950363159; -0.8179152607917786; 0.724103569984436; -0.21140483021736145; 
96; 0.12790915369987488; -0.9426620602607727; -0.7235638499259949; -1.1267307996749878; 0.8043683767318726; -0.4450136423110962; 
97; 0.3947799801826477; -1.2529953718185425; -0.9021639227867126; -0.9471559524536133; 0.8367838859558105; -0.20983731746673584; 
82; 0.7348012924194336; -0.9373231530189514; -0.7907717227935791; -0.8882712125778198; 0.8353253602981567; -0.259562611579895; 
52; 0.0978873074054718; -1.1560535430908203; -0.5616334080696106; -0.8138813972473145; 0.9412786960601807; -0.1737038642168045; 
21; 0.22414815425872803; -1.1416633129119873; -0.8191447257995605; -0.8509868383407593; 0.7293375730514526; -0.026922404766082764; 
41; 0.36229079961776733; -1.0532877445220947; -0.47105759382247925; -0.9145044684410095; 0.6902559399604797; -0.2939472794532776; 
34; 0.49737465381622314; -1.3267902135849; -0.5417420268058777; -1.038941502571106; 0.9616429209709167; -0.22164683043956757; 
13; 0.5219746828079224; -1.1653352975845337; -0.4537432789802551; -1.0113128423690796; 0.8955001831054688; -0.2016165554523468; 
78; 0.5592373013496399; -0.5295281410217285; -0.6121276617050171; -0.9205195903778076; 0.866783618927002; -0.18907618522644043; 
49; 0.44002842903137207; -1.5816800594329834; -0.5628150105476379; -0.9982286691665649; 0.9500572681427002; -0.020467206835746765; 
54; 0.282439261674881; -1.5051002502441406; -0.6110062599182129; -0.8779037594795227; 0.7928981781005859; -0.31938913464546204; 
15; 0.48649609088897705; -1.1731582880020142; -0.6735693216323853; -1.0066125392913818; 0.7495737671852112; -0.21572141349315643; 
31; 0.33057931065559387; -1.2965800762176514; -0.6468467116355896; -0.9744765758514404; 0.9459254741668701; -0.3602530062198639; 
92; 0.23723408579826355; -1.0372306108474731; -0.6953873038291931; -0.8723636865615845; 0.7875800132751465; -0.014891296625137329; 
33; 0.2687961459159851; -0.9854251146316528; -0.4592188000679016; -0.8840329647064209; 0.7131587862968445; -0.23271240293979645; 
83; 0.5794357061386108; -0.9281191825866699; -0.6055872440338135; -0.9448964595794678; 0.7245172262191772; -0.31881242990493774; 
47; 0.23805701732635498; -1.8010551929473877; -0.4545489251613617; -1.0412293672561646; 0.8543548583984375; -0.07328880578279495; 
57; 0.33890101313591003; -1.3725652694702148; -0.3260246813297272; -0.9435148239135742; 0.7315798997879028; -0.12424269318580627; 
43; 0.4248247444629669; -1.0460968017578125; -0.9014259576797485; -1.1413995027542114; 0.8814972639083862; -0.16233541071414948; 
55; 0.3107910752296448; -0.9908604621887207; -0.46955370903015137; -0.7295283079147339; 0.8884546756744385; -0.09488466382026672; 
50; 0.44255727529525757; -1.6444733142852783; -0.21810339391231537; -0.9856781959533691; 0.8760242462158203; -0.06567474454641342; 
9; 0.016016364097595215; -1.2462608814239502; -0.7699254751205444; -0.8882369995117188; 0.8137773275375366; -0.13101547956466675; 
86; -0.008817791938781738; -0.6852257251739502; -0.6947473883628845; -1.1006087064743042; 1.018129825592041; -0.17675580084323883; 
70; 0.33922141790390015; -1.0120759010314941; -0.45493391156196594; -0.9625104069709778; 0.7850601077079773; -0.21917688846588135; 
100; 0.1765151023864746; -1.446036696434021; -0.30158597230911255; -1.0349862575531006; 0.7443301677703857; -0.13439500331878662; 
42; 0.1801462173461914; -0.8117712736129761; -0.7071152329444885; -0.8488021492958069; 0.8779633641242981; -0.2966687083244324; 
61; 0.09323075413703918; -1.1380951404571533; -0.2511160969734192; -0.7981074452400208; 0.9333511590957642; -0.24509041011333466; 
51; 0.2934628129005432; -0.6429930329322815; -0.7889814376831055; -0.8846947550773621; 0.9057483077049255; -0.268635094165802; 
53; 0.5258247256278992; -1.491673231124878; -0.47489336133003235; -0.8369539976119995; 0.7375501990318298; -0.3167246878147125; 
4; 0.2870292365550995; -1.0111249685287476; -0.6953699588775635; -1.1243040561676025; 0.7039179801940918; -0.24830618500709534; 
40; 0.16974034905433655; -1.27091383934021; -0.3160648047924042; -0.8943195939064026; 0.9010993242263794; -0.024095818400382996; 
48; 0.7746709585189819; -0.7397816777229309; -0.2059052586555481; -1.073146939277649; 0.9815059304237366; -0.3277655243873596; 
84; 0.43091118335723877; -1.3963302373886108; -0.5240213871002197; -0.9665402770042419; 0.8046472072601318; -0.24166929721832275; 
85; 0.4267190396785736; -0.8605309724807739; -0.6047500371932983; -0.9308193922042847; 0.8456473350524902; -0.12058360129594803; 
6; 0.4889237582683563; -1.4129791259765625; -0.4107723832130432; -0.863812267780304; 0.922703742980957; -0.17850251495838165; 
25; -0.1683390736579895; -1.4521307945251465; -0.8912691473960876; -1.0190932750701904; 0.7408521175384521; -0.4130370616912842; 
197; 0.38296234607696533; -1.4953136444091797; -1.116344690322876; -1.0541757345199585; 0.6500362157821655; -0.28905171155929565; 
171; 0.25479984283447266; -1.252638578414917; -0.6658008098602295; -0.8557165861129761; 0.9825223684310913; -0.20427194237709045; 
155; 0.3054661452770233; -1.6858546733856201; -0.937535285949707; -1.01606023311615; 0.7707511186599731; -0.29505228996276855; 
173; 0.31260690093040466; -0.6313213109970093; -0.5739340782165527; -0.941054105758667; 0.8974555730819702; -0.27492648363113403; 
132; 0.2947634160518646; -1.0507564544677734; -0.5202626585960388; -0.9020394682884216; 0.9199797511100769; -0.015454307198524475; 
106; 0.534863293170929; -1.4957576990127563; -0.25383061170578003; -0.9441846609115601; 0.8970081806182861; -0.13319696485996246; 
170; 0.484860897064209; -1.480893850326538; -0.32054802775382996; -0.8506520986557007; 0.6685182452201843; -0.23204129934310913; 
152; 0.431180477142334; -0.642234742641449; -0.4272020757198334; -0.9221183061599731; 0.6647602319717407; -0.026476755738258362; 
154; 0.2366923987865448; -1.1640193462371826; -0.566264271736145; -0.9923229217529297; 0.8005772829055786; -0.2288115918636322; 
125; 0.2712843716144562; -1.2976112365722656; -0.8071552515029907; -0.9297626614570618; 0.7406995296478271; -0.23253683745861053; 
145; 0.5142084360122681; -1.2560431957244873; -0.7841150760650635; -0.9280954003334045; 0.9130607843399048; -0.17177771031856537; 
104; 0.2592613399028778; -1.0079606771469116; -0.6976283192634583; -0.9612128734588623; 0.7355720400810242; -0.07124097645282745; 
119; 0.3471725881099701; -1.3257744312286377; -0.6710106730461121; -0.9490448236465454; 0.7793447375297546; -0.25448623299598694; 
133; 0.5040955543518066; -1.1292622089385986; -0.38912880420684814; -0.941017746925354; 0.7218030095100403; -0.24431878328323364; 
183; 0.11601084470748901; -1.1148062944412231; -0.192962646484375; -1.0203416347503662; 0.7329081296920776; -0.21074269711971283; 
186; 0.5786607265472412; -1.5772392749786377; -0.5713676810264587; -0.9408608078956604; 0.9135940074920654; -0.14136695861816406; 
135; 0.44040054082870483; -1.243327021598816; -1.0819880962371826; -0.859972357749939; 0.769018828868866; -0.14589178562164307; 
116; 0.28198590874671936; -1.1916344165802002; -0.2909483015537262; -0.8868855237960815; 1.0503772497177124; -0.31362003087997437; 
196; 0.6086030006408691; -1.4547677040100098; -0.9196451902389526; -0.9514155387878418; 0.8286938667297363; -0.29257678985595703; 
115; 0.5044625997543335; -1.1529450416564941; -0.3758379817008972; -0.9649775624275208; 0.8825734853744507; -0.27728694677352905; 
179; 0.3775295317173004; -0.9938870668411255; -0.4098888635635376; -0.7780400514602661; 0.8081179857254028; -0.0342307984828949; 
159; 0.3050326108932495; -0.9192585349082947; -1.193005084991455; -0.9690173864364624; 0.6869281530380249; -0.23452790081501007; 
129; 0.2171904444694519; -1.4629205465316772; -0.45492976903915405; -1.0614805221557617; 0.7950477600097656; -0.048049598932266235; 
124; 0.5234721899032593; -1.1783599853515625; -0.42646586894989014; -1.0098931789398193; 0.8497344255447388; -0.17390643060207367; 
127; 0.2613377869129181; -1.616823673248291; -0.41976243257522583; -1.162135362625122; 0.7743998765945435; -0.28974035382270813; 
103; -0.04089832305908203; -1.0716296434402466; -0.7743803262710571; -1.086279034614563; 0.833545982837677; -0.38863152265548706; 
198; 0.34557732939720154; -0.7707339525222778; -0.2743256688117981; -0.8497334718704224; 0.6747660636901855; -0.12271329760551453; 
141; 0.01143866777420044; -1.5192513465881348; -0.6705248355865479; -0.8120981454849243; 0.8534505367279053; -0.34558069705963135; 
126; 0.344133198261261; -0.9994094967842102; -0.6373022794723511; -0.9886698722839355; 0.6572648286819458; -0.1546320915222168; 
157; 0.25650542974472046; -1.2391026020050049; -0.5278121829032898; -0.8516765832901001; 0.8795489072799683; -0.374847412109375; 
156; -0.042994678020477295; -1.2118730545043945; -0.5668658018112183; -0.8581228256225586; 0.6923195719718933; -0.32652169466018677; 
105; 0.38887277245521545; -1.1987066268920898; -0.08036676049232483; -0.9046254754066467; 0.7960070371627808; -0.15114769339561462; 
108; -0.2090330868959427; -1.2402632236480713; -0.6941432952880859; -0.8514083027839661; 0.7024857997894287; -0.2338111251592636; 
181; 0.3447399437427521; -1.148454189300537; -0.8029270768165588; -0.9252141714096069; 0.8686991930007935; -0.3778281807899475; 
149; 0.31350481510162354; -1.1322129964828491; -0.5298874974250793; -0.8588051795959473; 0.89013671875; -0.22384589910507202; 
199; -0.01496344804763794; -0.9862817525863647; -0.6890944838523865; -1.0908116102218628; 0.8921523094177246; -0.26533639430999756; 
151; -0.10765606164932251; -1.7623884677886963; -0.5116586089134216; -1.1293127536773682; 0.8576681613922119; -0.23648454248905182; 
112; -0.3318431079387665; -0.8034522533416748; -0.4973442554473877; -1.0126394033432007; 0.6056585311889648; -0.32272768020629883; 
134; 0.009624123573303223; -1.4827375411987305; -0.4411015808582306; -0.8658718466758728; 0.8388246297836304; -0.23921751976013184; 
111; 0.500278651714325; -1.4477052688598633; -0.874908447265625; -0.871374249458313; 0.7473295331001282; -0.19417767226696014; 
140; 0.42121291160583496; -0.9131930470466614; -0.7087101936340332; -0.965461790561676; 0.8346896171569824; -0.4909244179725647; 
164; 0.1849212646484375; -1.4815621376037598; -0.8082154989242554; -0.9744278788566589; 0.8820987939834595; -0.2935403287410736; 
166; 0.3876982629299164; -1.387831449508667; -0.48912450671195984; -0.8909388780593872; 0.7479350566864014; -0.10966087877750397; 
193; 0.11685395240783691; -0.7456138134002686; -1.1374382972717285; -1.1171228885650635; 1.0682700872421265; -0.11943201720714569; 
153; 0.395873099565506; -1.109623908996582; -0.5983157157897949; -0.9961511492729187; 0.76169353723526; -0.16113623976707458; 
158; 0.3127421438694; -1.6501672267913818; -0.24893325567245483; -0.7281895875930786; 0.8807331919670105; -0.2074066400527954; 
136; 0.59656822681427; -0.9061640501022339; -0.8546162843704224; -1.0654345750808716; 0.7316327095031738; -0.21527895331382751; 
102; 0.025773227214813232; -1.2205984592437744; -0.47559332847595215; -0.9929051399230957; 0.9816937446594238; -0.4640105366706848; 
184; 0.6251158714294434; -1.0361475944519043; -0.4591529071331024; -0.9237445592880249; 0.7178840041160583; -0.0709676444530487; 
195; 0.07386559247970581; -1.3728127479553223; -0.5641191005706787; -0.8707543015480042; 0.9239549040794373; -0.15317916870117188; 
148; 0.03552275896072388; -1.1212873458862305; -0.8533692359924316; -1.012753963470459; 0.819640040397644; -0.2250186949968338; 
200; 0.7009827494621277; -1.2057843208312988; -0.9051778316497803; -1.0463751554489136; 0.8587002158164978; -0.2248886674642563; 
137; 0.19750499725341797; -0.887453556060791; -0.6131325960159302; -0.8407528400421143; 0.7096923589706421; -0.2838985025882721; 
163; 0.24480703473091125; -1.305722713470459; -0.4318931996822357; -0.8917132019996643; 0.9736531972885132; -0.1450340449810028; 
138; 0.2576889395713806; -0.723452091217041; -0.38944676518440247; -0.841337263584137; 0.967990517616272; -0.12451047450304031; 
191; 0.11203965544700623; -1.2617299556732178; -0.6247445344924927; -0.9654002785682678; 0.730604350566864; -0.34898966550827026; 
139; 0.2772762179374695; -1.540036916732788; -1.1077313423156738; -0.9275821447372437; 0.9993776082992554; -0.14257138967514038; 
178; 0.34408313035964966; -1.6110117435455322; -0.7056042551994324; -0.8230468034744263; 0.711201012134552; -0.2502622604370117; 
143; 0.3721810579299927; -1.0404458045959473; -0.49775272607803345; -0.9059628844261169; 0.7696695327758789; -0.10070960968732834; 
114; 0.1642465591430664; -1.070563793182373; -0.8853012323379517; -0.8825082182884216; 0.78460693359375; -0.19238123297691345; 
188; 0.5579499006271362; -1.0021374225616455; -0.3381035327911377; -0.7790871858596802; 0.7448221445083618; -0.09445108473300934; 
117; 0.009822726249694824; -0.8269166946411133; -0.7389781475067139; -0.953969419002533; 0.7925187945365906; -0.2376893162727356; 
190; 0.18391260504722595; -1.2179734706878662; -0.5658806562423706; -0.8822214007377625; 0.7105871438980103; -0.29581913352012634; 
180; 0.05270344018936157; -1.1825017929077148; -0.6241913437843323; -1.072993516921997; 0.79233318567276; -0.12244141846895218; 
167; 0.34117165207862854; -1.5998830795288086; -0.7291972041130066; -0.9937478303909302; 0.9342462420463562; -0.07867665588855743; 
161; 0.11845895648002625; -1.224863886833191; -0.8820111751556396; -0.9328179359436035; 0.7936624884605408; -0.26237791776657104; 
187; 0.45289456844329834; -0.9157297611236572; -0.247386172413826; -0.8818895816802979; 0.7824852466583252; -0.12780141830444336; 
130; 0.6487221717834473; -1.2711118459701538; -0.6756563782691956; -0.9480425119400024; 0.8377916216850281; -0.1973913162946701; 
142; 0.5238232612609863; -1.304445505142212; -0.47169119119644165; -0.7748627066612244; 1.0866588354110718; -0.1929657906293869; 
185; 0.531853199005127; -1.0911328792572021; -0.5786501169204712; -0.9041382074356079; 0.7173094749450684; -0.2725760340690613; 
107; 0.25494620203971863; -1.3369553089141846; -1.0405311584472656; -0.9905828237533569; 0.9781401753425598; -0.3673725724220276; 
109; 0.3502556085586548; -1.4382456541061401; -0.8567028045654297; -0.7633234262466431; 0.7649402022361755; -0.160178542137146; 
162; 0.18068495392799377; -1.3758498430252075; -0.5992124676704407; -0.9113221168518066; 0.842303991317749; -0.2693789303302765; 
121; 0.4045732915401459; -1.3144316673278809; -0.7102805376052856; -1.0056531429290771; 0.8388288021087646; -0.2817597985267639; 
168; 0.28480204939842224; -1.3144810199737549; -0.5590955018997192; -0.7912827730178833; 0.8867826461791992; -0.2000260353088379; 
194; 0.4380631446838379; -0.8755769729614258; -0.38423192501068115; -0.8977933526039124; 0.8007221221923828; -0.203892782330513; 
144; 0.21472662687301636; -0.9659391045570374; -0.7184311151504517; -1.021243691444397; 0.7589467763900757; -0.3850935697555542; 
189; 0.8131445050239563; -1.4925463199615479; -0.8714763522148132; -0.8694473505020142; 0.8448512554168701; -0.09170858561992645; 
160; 0.2111021876335144; -1.0495924949645996; -0.36593055725097656; -1.0537198781967163; 0.886454164981842; -0.14319241046905518; 
147; 0.28208500146865845; -0.9306536912918091; -0.42351439595222473; -1.1345068216323853; 0.8060295581817627; -0.1484491527080536; 
172; 0.26267945766448975; -0.8930440545082092; -0.6688840985298157; -1.0775479078292847; 0.7874300479888916; -0.3802444040775299; 
101; 0.29923754930496216; -0.8109679818153381; -0.593453049659729; -1.023589849472046; 0.8347633481025696; -0.2981603145599365; 
123; 0.5158218741416931; -1.8881486654281616; -0.34660547971725464; -0.7970572113990784; 0.7924973368644714; -0.09254838526248932; 
175; 0.2775602638721466; -1.0634081363677979; -0.5263146758079529; -0.9330390691757202; 0.5956844091415405; -0.24962906539440155; 
118; 0.4043639302253723; -1.0581611394882202; -0.24794171750545502; -0.9353078603744507; 0.855600893497467; -0.14083798229694366; 
150; 0.37751996517181396; -1.2389135360717773; -0.214239239692688; -0.9248671531677246; 0.7951213717460632; -0.15982811152935028; 
113; 0.4104820787906647; -1.5021904706954956; -0.467434287071228; -0.9145928621292114; 0.8092311024665833; -0.03546874225139618; 
122; 0.2154768407344818; -1.3429560661315918; -0.6881807446479797; -0.9341211318969727; 0.7656491994857788; -0.24036875367164612; 
128; 0.6094050407409668; -1.2610375881195068; -0.9414424896240234; -0.8487603664398193; 0.9165295362472534; -0.16368399560451508; 
182; 0.4388444721698761; -0.8723323345184326; -0.6041748523712158; -1.1177067756652832; 0.8007879257202148; -0.13343007862567902; 
110; 0.562747597694397; -1.231386423110962; -0.672737717628479; -0.9436652660369873; 0.9458500146865845; -0.27328217029571533; 
192; 0.29273855686187744; -1.4745264053344727; -0.7968649864196777; -0.9562841653823853; 0.6836267113685608; -0.05919090658426285; 
131; 0.3587116599082947; -0.7872178554534912; -0.7057864665985107; -0.8829380869865417; 0.7900760769844055; -0.1499241590499878; 
120; 0.28089192509651184; -1.5365639925003052; -0.28361865878105164; -0.7901612520217896; 0.9534958600997925; -0.11113538593053818; 
174; -0.039944857358932495; -1.2631371021270752; -0.3206462264060974; -0.9911746978759766; 0.7390657663345337; -0.265340656042099; 
177; 0.11780375242233276; -0.8653701543807983; -0.42385876178741455; -0.9001097083091736; 0.8999872803688049; -0.2584954500198364; 
146; -0.011213928461074829; -0.9227112531661987; -0.4688504636287689; -0.8609163165092468; 1.0257512331008911; -0.2982533574104309; 
169; 0.36531296372413635; -0.8717393279075623; -0.7667432427406311; -0.876941442489624; 0.6885905861854553; -0.025952428579330444; 
176; -0.2787913382053375; -1.0237116813659668; -0.9007745981216431; -1.2214128971099854; 0.8720009326934814; -0.14011546969413757; 
165; 0.31660109758377075; -1.5228703022003174; -0.333406925201416; -0.8554113507270813; 0.7157105803489685; -0.23991899192333221; 
