7; 0.9522464275360107; -0.0587162971496582; 0.5006844997406006; -0.53752201795578; 1.2441344261169434; 0.15587255358695984; 
3; 0.8819666504859924; -0.5843222737312317; 0.2718357443809509; -0.5074716210365295; 1.101906657218933; 0.23904959857463837; 
37; 1.1986232995986938; -0.011615902185440063; 0.3548964858055115; -0.440292626619339; 1.1855090856552124; 0.21702751517295837; 
72; 1.1905971765518188; 0.3949815630912781; 0.26149746775627136; -0.5846750736236572; 1.2806376218795776; 0.2573890686035156; 
90; 0.9209388494491577; -0.20387667417526245; 0.4417411684989929; -0.6192779541015625; 1.180440902709961; 0.14306437969207764; 
71; 1.2311242818832397; -0.4354194402694702; 0.13852813839912415; -0.5670065879821777; 1.2711681127548218; 0.25143274664878845; 
1; 1.2943975925445557; -0.15148934721946716; 0.06719419360160828; -0.6208863854408264; 1.07627534866333; 0.22057533264160156; 
30; 1.3318696022033691; 0.15081661939620972; 0.3093075752258301; -0.5803093314170837; 1.2048147916793823; 0.23878535628318787; 
38; 1.0538506507873535; 0.03834548592567444; 0.5847185850143433; -0.547825038433075; 1.1439028978347778; 0.10504089295864105; 
45; 0.9843050241470337; -0.430123895406723; 0.18249285221099854; -0.4828263223171234; 1.1114780902862549; 0.09201981127262115; 
8; 1.1102268695831299; -0.33870846033096313; 0.13662639260292053; -0.7223408222198486; 1.132930874824524; 0.19352084398269653; 
23; 0.9544655680656433; -0.08637359738349915; 0.1371784210205078; -0.5473547577857971; 1.145756721496582; 0.16500335931777954; 
19; 1.0874067544937134; -0.07355198264122009; -0.0452921986579895; -0.4936978816986084; 1.2540807723999023; 0.22832131385803223; 
26; 1.0127716064453125; 0.2715349793434143; 0.2517690062522888; -0.6577160954475403; 1.2637912034988403; 0.08862060308456421; 
93; 1.0906884670257568; -0.484030544757843; 0.25606614351272583; -0.6768614053726196; 1.1828943490982056; 0.12086667120456696; 
87; 0.8785290718078613; -0.27927714586257935; 0.1681281477212906; -0.5956905484199524; 1.139485239982605; 0.15370480716228485; 
89; 1.0263514518737793; -0.41282516717910767; 0.14532673358917236; -0.564332127571106; 1.1121556758880615; 0.0372735857963562; 
69; 0.9584876298904419; -0.4243793487548828; 0.4199050962924957; -0.4649013578891754; 1.1399590969085693; 0.10342064499855042; 
16; 1.2395200729370117; 0.009291529655456543; 0.3131565451622009; -0.5553020238876343; 1.125610113143921; -0.06748524308204651; 
67; 1.1518136262893677; -0.0003617405891418457; 0.2721439599990845; -0.5014922022819519; 1.1898523569107056; 0.16772417724132538; 
74; 0.8901428580284119; 0.14217448234558105; 0.3056640923023224; -0.6601985096931458; 1.2012038230895996; 0.15092583000659943; 
24; 1.257433295249939; -0.04274454712867737; 0.594264805316925; -0.6231697797775269; 1.067956566810608; 0.11936114728450775; 
5; 1.0607795715332031; -0.12677374482154846; 0.13990232348442078; -0.6503291130065918; 1.1205675601959229; 0.12632912397384644; 
36; 1.041738510131836; -0.1528577208518982; 0.22154244780540466; -0.4260164797306061; 1.0756268501281738; 0.21104572713375092; 
62; 1.0274839401245117; -0.1986914873123169; 0.5165798664093018; -0.7185721397399902; 1.207861304283142; 0.25666290521621704; 
66; 1.005112886428833; -0.34255534410476685; 0.43866628408432007; -0.5595958232879639; 1.148942470550537; 0.019711092114448547; 
94; 0.9530456066131592; 0.166014164686203; 0.3941557705402374; -0.4783203601837158; 1.2045097351074219; 0.2393331527709961; 
80; 0.8596289157867432; -0.17603692412376404; 0.1584678739309311; -0.5645183324813843; 1.1048803329467773; 0.15687866508960724; 
11; 1.2686326503753662; 0.284607857465744; 0.42262396216392517; -0.4319015443325043; 1.2321312427520752; 0.3871538043022156; 
64; 1.0128436088562012; -0.17515504360198975; 0.1976718008518219; -0.45804303884506226; 0.9992034435272217; 0.23180684447288513; 
29; 1.1175702810287476; -0.5460934638977051; 0.4627474546432495; -0.6012224555015564; 1.0879790782928467; 0.08315686881542206; 
27; 1.0796922445297241; -0.21611171960830688; 0.5437201261520386; -0.520539402961731; 1.1460390090942383; 0.26409798860549927; 
17; 1.2195289134979248; -0.3051358759403229; -0.023928552865982056; -0.7013627886772156; 1.15769362449646; 0.0293055921792984; 
56; 1.254350185394287; -0.13640886545181274; 0.3064804673194885; -0.5452779531478882; 1.1293278932571411; 0.13762852549552917; 
44; 1.191696047782898; -0.3589588403701782; 0.43330302834510803; -0.3161754012107849; 1.1533218622207642; 0.2713531255722046; 
20; 1.1866798400878906; 0.04908418655395508; 0.32626068592071533; -0.5597015023231506; 1.137547254562378; 0.22144971787929535; 
14; 1.1690466403961182; -0.4189184308052063; 0.5264178514480591; -0.5934088230133057; 1.2440025806427002; 0.318670392036438; 
99; 1.2567875385284424; 0.05715179443359375; 0.48351436853408813; -0.682288646697998; 0.983416736125946; 0.15759548544883728; 
77; 0.9100300073623657; -0.4414650499820709; 0.26239603757858276; -0.5971190333366394; 1.0997527837753296; 0.0992845669388771; 
18; 0.8708635568618774; 0.0014002323150634766; -0.024138569831848145; -0.6493692398071289; 1.1856160163879395; 0.06948152929544449; 
95; 1.1874918937683105; 0.07345348596572876; 0.6302701234817505; -0.5331509709358215; 1.0249052047729492; 0.15549235045909882; 
68; 0.928328812122345; -0.29114922881126404; 0.16280604898929596; -0.45557907223701477; 1.1233762502670288; 0.027345992624759674; 
81; 1.245253324508667; -0.08298569917678833; 0.3254711627960205; -0.3853095769882202; 1.228476881980896; 0.1317286342382431; 
35; 1.1891143321990967; -0.11179977655410767; 0.21251802146434784; -0.7110223174095154; 1.1591322422027588; 0.08713398873806; 
12; 1.2828571796417236; -0.2299990952014923; 0.3494400382041931; -0.7163873910903931; 1.2082034349441528; 0.134269580245018; 
91; 0.8551090955734253; 0.04232737421989441; 0.23983779549598694; -0.6252509355545044; 1.2809441089630127; 0.2852745056152344; 
28; 1.0066132545471191; -0.0016553699970245361; 0.20580366253852844; -0.7320698499679565; 1.000852108001709; 0.1771039217710495; 
73; 1.2970068454742432; 0.17847296595573425; 0.23871177434921265; -0.5265542268753052; 1.0842158794403076; 0.24583515524864197; 
32; 1.2136571407318115; 0.18163594603538513; 0.6096449494361877; -0.40013331174850464; 1.1582789421081543; 0.3052213191986084; 
22; 1.3207275867462158; -0.14750757813453674; 0.5029670000076294; -0.5335084199905396; 1.174983024597168; 0.23154480755329132; 
58; 0.8042736053466797; -0.1465320587158203; 0.5240475535392761; -0.5319118499755859; 1.2076023817062378; 0.22923099994659424; 
98; 0.9298803806304932; 0.06713852286338806; 0.33952558040618896; -0.43918657302856445; 1.056605577468872; 0.10932305455207825; 
65; 1.0562856197357178; -0.5877243280410767; 0.5771286487579346; -0.6033687591552734; 1.176837682723999; 0.2526124119758606; 
76; 1.0785212516784668; -0.19276392459869385; -0.05688723921775818; -0.5755939483642578; 1.0635309219360352; 0.1801716387271881; 
79; 1.2002384662628174; -0.365578293800354; 0.15719233453273773; -0.6465677618980408; 1.1146888732910156; 0.1449253112077713; 
10; 1.0166079998016357; -0.3126515746116638; 0.2512524127960205; -0.5658791065216064; 1.1757830381393433; 0.12058836221694946; 
96; 0.8642483949661255; -0.0963025689125061; 0.04277905821800232; -0.7336583137512207; 1.1321678161621094; -0.08130569756031036; 
2; 0.8096144199371338; -0.24747782945632935; 0.18382114171981812; -0.43708109855651855; 1.1745421886444092; 0.19681882858276367; 
75; 0.8408145904541016; -0.35447967052459717; 0.2376978099346161; -0.5312904119491577; 1.2445710897445679; 0.18519490957260132; 
88; 0.8339155912399292; -0.1682308316230774; 0.4926699995994568; -0.4386032819747925; 1.1178401708602905; 0.22856459021568298; 
46; 1.0677680969238281; -0.6406419277191162; 0.593938946723938; -0.6441562175750732; 1.2208061218261719; 0.19609710574150085; 
97; 1.2349110841751099; -0.2848294973373413; 0.16043537855148315; -0.5915794372558594; 1.1759968996047974; 0.18161922693252563; 
59; 0.9669188857078552; -0.28368401527404785; 0.4900561273097992; -0.560644805431366; 1.2346277236938477; 0.16999326646327972; 
21; 0.9260752201080322; -0.1315433382987976; 0.15900838375091553; -0.4775044918060303; 1.1402910947799683; 0.31005769968032837; 
39; 0.9029253721237183; -0.17360883951187134; 0.2688230276107788; -0.4510277509689331; 1.1170403957366943; 0.1528387814760208; 
52; 0.8478461503982544; -0.3862980008125305; 0.2343214750289917; -0.5697913765907288; 1.1542267799377441; 0.09630877524614334; 
34; 1.3286185264587402; -0.21057671308517456; 0.46393314003944397; -0.5419504642486572; 1.2358778715133667; 0.05356037616729736; 
82; 1.32230544090271; -0.11324051022529602; 0.0003878176212310791; -0.4881284832954407; 1.1498360633850098; 0.10126694291830063; 
54; 1.1977473497390747; -0.2791304588317871; 0.32314157485961914; -0.5050432085990906; 1.1696041822433472; 0.14494924247264862; 
31; 1.1765339374542236; -0.2074160873889923; 0.3664824962615967; -0.5189666152000427; 1.284104347229004; 0.10755948722362518; 
49; 1.1970152854919434; -0.5171870589256287; 0.34113451838493347; -0.5940146446228027; 1.200334906578064; 0.23691798746585846; 
41; 1.223067283630371; 0.013772457838058472; 0.33422863483428955; -0.6001169085502625; 1.1339231729507446; 0.04689759016036987; 
13; 1.1433525085449219; -0.2500644028186798; 0.33136671781539917; -0.6073136925697327; 1.1726683378219604; 0.0797060877084732; 
78; 1.2932053804397583; 0.3347043991088867; 0.4713987112045288; -0.468740850687027; 1.2232691049575806; 0.17877571284770966; 
92; 0.9812390804290771; -0.09441891312599182; 0.15527334809303284; -0.5414325594902039; 1.1194868087768555; 0.25977373123168945; 
15; 1.1439117193222046; -0.12022221088409424; 0.3366278111934662; -0.5352275371551514; 1.1588876247406006; 0.22347450256347656; 
47; 1.2086490392684937; -0.3218960762023926; 0.44826555252075195; -0.5458204746246338; 1.2634356021881104; 0.3270837664604187; 
83; 1.1630897521972656; 0.10657933354377747; 0.2657107412815094; -0.5589615106582642; 1.0818718671798706; 0.07151727378368378; 
57; 1.0722696781158447; -0.3493477702140808; 0.543005108833313; -0.5340746641159058; 1.1022611856460571; 0.24189753830432892; 
33; 1.121267318725586; -0.06454834342002869; 0.31486544013023376; -0.5200207233428955; 1.1167664527893066; 0.2139076590538025; 
43; 1.2048454284667969; 0.15795481204986572; 0.17661359906196594; -0.5619717836380005; 1.2533977031707764; 0.20905014872550964; 
50; 1.1482694149017334; -0.543104350566864; 0.5439806580543518; -0.6134735345840454; 1.1331837177276611; 0.16509464383125305; 
9; 0.9013027548789978; -0.2009463608264923; 0.1904909461736679; -0.4853229522705078; 1.0945870876312256; 0.16242697834968567; 
55; 0.9211990833282471; -0.13005858659744263; 0.34206289052963257; -0.37901973724365234; 1.1378047466278076; 0.12194867432117462; 
86; 0.9036277532577515; 0.10139431059360504; 0.2524280846118927; -0.6403258442878723; 1.3154593706130981; 0.0908830314874649; 
100; 0.8639824390411377; -0.4308593273162842; 0.3928108215332031; -0.6241174936294556; 1.1305725574493408; 0.2565317749977112; 
70; 1.1820957660675049; 0.09268376231193542; 0.42321330308914185; -0.5222897529602051; 1.179466724395752; 0.13598741590976715; 
51; 1.0816935300827026; 0.31825482845306396; 0.12143266201019287; -0.4930129051208496; 1.3020977973937988; 0.11696459352970123; 
61; 0.8575137257575989; -0.2483765184879303; 0.6092091798782349; -0.4650076627731323; 1.3362953662872314; 0.12850704789161682; 
4; 1.1204698085784912; -0.06850025057792664; 0.19088803231716156; -0.6219465732574463; 1.147243857383728; 0.12282893061637878; 
42; 0.8734608888626099; 0.09229022264480591; 0.269612193107605; -0.48958149552345276; 1.1914793252944946; 0.07753882557153702; 
53; 1.270392656326294; -0.3749903440475464; 0.25980645418167114; -0.5046072006225586; 1.0449583530426025; 0.005814477801322937; 
48; 1.3901323080062866; 0.27110445499420166; 0.5798764228820801; -0.6015546321868896; 1.2642791271209717; -0.0059210509061813354; 
40; 0.8802825808525085; -0.30571845173835754; 0.40616700053215027; -0.5816923975944519; 1.1582728624343872; 0.2627545893192291; 
84; 1.0198359489440918; -0.4572015702724457; 0.17929470539093018; -0.5927789211273193; 1.0937501192092896; 0.029377669095993042; 
6; 1.1799390316009521; -0.3013179302215576; 0.5214588642120361; -0.5063998699188232; 1.2408939599990845; 0.166873499751091; 
85; 1.242536187171936; 0.21489408612251282; 0.3438539206981659; -0.5433302521705627; 1.1749900579452515; 0.22057655453681946; 
25; 0.8488520979881287; -0.1723172664642334; 0.26727962493896484; -0.5227267742156982; 1.160321593284607; -0.0675230622291565; 
71; 1.2311244010925293; -0.43541932106018066; 0.13852816820144653; -0.5670067071914673; 1.2711679935455322; 0.25143277645111084; 
72; 1.1905971765518188; 0.39498171210289; 0.26149752736091614; -0.5846750140190125; 1.2806376218795776; 0.2573890686035156; 
63; 1.0704247951507568; -0.12111139297485352; 0.3873410224914551; -0.4630448818206787; 1.2743828296661377; 0.17477039992809296; 
60; 1.2183103561401367; -0.22620058059692383; 0.5047488212585449; -0.5163960456848145; 1.0646984577178955; 0.1797192096710205; 
90; 0.9209389686584473; -0.20387664437294006; 0.4417411983013153; -0.6192780137062073; 1.180440902709961; 0.14306437969207764; 
37; 1.1986231803894043; -0.011615842580795288; 0.3548964858055115; -0.44029250741004944; 1.1855090856552124; 0.21702741086483002; 
7; 0.9522464275360107; -0.05871635675430298; 0.5006845593452454; -0.53752201795578; 1.244134545326233; 0.15587250888347626; 
3; 0.8819665908813477; -0.5843223333358765; 0.27183568477630615; -0.5074716210365295; 1.1019067764282227; 0.23904958367347717; 
197; 1.3406875133514404; -0.11018809676170349; 0.057122647762298584; -0.6291980743408203; 1.1345642805099487; 0.12146613001823425; 
171; 0.9229857921600342; -0.389349102973938; 0.22154545783996582; -0.5318174362182617; 1.2879095077514648; 0.120540089905262; 
106; 1.3413746356964111; -0.3662688136100769; 0.5921027660369873; -0.537289023399353; 1.1781604290008545; 0.23066288232803345; 
155; 1.1837334632873535; -0.29652005434036255; 0.16030743718147278; -0.558781623840332; 1.1215975284576416; 0.12232842296361923; 
173; 1.003766417503357; -0.15383896231651306; 0.2888973653316498; -0.5601624846458435; 1.219743251800537; 0.004520125687122345; 
132; 0.9996221661567688; -0.1360866129398346; 0.26427558064460754; -0.5109093189239502; 1.2181906700134277; 0.27322080731391907; 
125; 1.1488765478134155; 0.010149598121643066; 0.28580760955810547; -0.47299277782440186; 1.1448168754577637; 0.19980648159980774; 
154; 1.0276577472686768; -0.06927663087844849; 0.417854368686676; -0.595025897026062; 1.2325267791748047; 0.19031915068626404; 
170; 1.2850311994552612; -0.305747926235199; 0.5990995764732361; -0.5123351812362671; 1.1058827638626099; 0.1392391324043274; 
152; 1.210886836051941; 0.35242828726768494; 0.5244595408439636; -0.5560380816459656; 1.0349845886230469; 0.3081192672252655; 
145; 1.2277588844299316; -0.20205217599868774; 0.049257516860961914; -0.5358607769012451; 1.1896027326583862; 0.13007530570030212; 
119; 1.2613496780395508; -0.1899511218070984; 0.3324417471885681; -0.591022253036499; 1.1952641010284424; 0.16778674721717834; 
104; 0.962385892868042; -0.10085761547088623; 0.2529161870479584; -0.6420629024505615; 1.1055305004119873; 0.21634477376937866; 
133; 1.1480305194854736; -0.2403143048286438; 0.46117618680000305; -0.5881867408752441; 1.0651743412017822; 0.13388453423976898; 
115; 1.136642336845398; -0.4128605127334595; 0.4523039758205414; -0.559372067451477; 1.1666514873504639; 0.11373680084943771; 
186; 1.23770010471344; -0.3088005781173706; 0.28557372093200684; -0.5841091871261597; 1.189038634300232; 0.14812690019607544; 
183; 1.1625992059707642; 0.03227865695953369; 0.7678743600845337; -0.5360928177833557; 1.1914687156677246; 0.16079315543174744; 
116; 0.8870922327041626; -0.19832590222358704; 0.37382280826568604; -0.5224616527557373; 1.2429553270339966; 0.010205954313278198; 
135; 1.1441329717636108; -0.24644571542739868; -0.19336208701133728; -0.5307018160820007; 1.1497169733047485; 0.1642768383026123; 
159; 1.183931827545166; 0.026401996612548828; -0.0775715708732605; -0.4911823570728302; 1.09823739528656; 0.18839119374752045; 
196; 1.2793805599212646; -0.40037572383880615; -0.04524463415145874; -0.5294542908668518; 1.1654644012451172; 0.07754484564065933; 
179; 1.145766019821167; 0.2174564003944397; 0.5106374025344849; -0.39800500869750977; 1.2043375968933105; 0.262016236782074; 
129; 0.9626659154891968; -0.49466636776924133; 0.3504842519760132; -0.6789635419845581; 1.0419737100601196; 0.20388087630271912; 
141; 1.0301450490951538; -0.3313567638397217; 0.2862991690635681; -0.3774012327194214; 1.266982078552246; 0.08387156575918198; 
198; 1.0488642454147339; 0.09470376372337341; 0.4999786615371704; -0.5335237979888916; 1.014528512954712; 0.24102094769477844; 
124; 1.2031996250152588; -0.23431441187858582; 0.4471035897731781; -0.5908220410346985; 1.1447467803955078; 0.10231676697731018; 
181; 1.1240042448043823; -0.0010615289211273193; 0.13022753596305847; -0.5504910945892334; 1.258459210395813; 0.07681348919868469; 
126; 1.1636171340942383; -0.02990296483039856; 0.3413434326648712; -0.5875514149665833; 1.1246410608291626; 0.17562726140022278; 
112; 0.627168595790863; 0.14178350567817688; 0.5141464471817017; -0.5467678904533386; 0.9652585983276367; 0.08763845264911652; 
149; 1.1533987522125244; -0.17301490902900696; 0.35265403985977173; -0.46426844596862793; 1.180178165435791; 0.1241125836968422; 
151; 0.8658361434936523; -0.47068578004837036; 0.3224964737892151; -0.5929667353630066; 1.1801003217697144; 0.04516293853521347; 
127; 1.001079797744751; -0.4604060649871826; 0.496841162443161; -0.7463951110839844; 1.061103105545044; 0.09872527420520782; 
157; 0.9790813326835632; -0.10127755999565125; 0.3289151191711426; -0.38245874643325806; 1.2520301342010498; 0.04849027097225189; 
103; 0.9747506380081177; 0.08514171838760376; 0.390768826007843; -0.49311983585357666; 1.2047760486602783; 0.10425024479627609; 
105; 1.130415439605713; -0.24894285202026367; 0.5891505479812622; -0.5092017650604248; 1.1468231678009033; 0.14890587329864502; 
156; 1.0115387439727783; -0.07131767272949219; 0.3847241997718811; -0.4264439344406128; 1.2225356101989746; 0.12013918161392212; 
134; 0.8205703496932983; -0.3922886550426483; 0.36839503049850464; -0.4639386534690857; 1.161099910736084; 0.11609497666358948; 
140; 1.2593412399291992; -0.0009612441062927246; 0.3445641100406647; -0.5649800896644592; 1.190367341041565; -0.04246482253074646; 
111; 1.195174217224121; -0.35375458002090454; 0.08089254796504974; -0.585987389087677; 1.0937093496322632; 0.13420931994915009; 
164; 1.1537021398544312; -0.13434255123138428; 0.3052358627319336; -0.45578765869140625; 1.2898207902908325; 0.10890275239944458; 
108; 0.7603530883789062; -0.20717748999595642; 0.22905535995960236; -0.5516278147697449; 1.1337896585464478; 0.1193622499704361; 
136; 1.1793687343597412; 0.05322185158729553; 0.16663357615470886; -0.6922881603240967; 1.0877375602722168; 0.10355627536773682; 
199; 1.020129680633545; 0.18461018800735474; 0.5010352730751038; -0.48637884855270386; 1.353417158126831; 0.10574748367071152; 
166; 1.207521677017212; -0.09124571084976196; 0.5436039566993713; -0.4517684578895569; 1.0853345394134521; 0.2569096088409424; 
158; 0.9548239707946777; -0.43896520137786865; 0.46334728598594666; -0.40540894865989685; 1.1234322786331177; 0.1259698122739792; 
193; 0.9947819709777832; 0.34345024824142456; -0.08251142501831055; -0.5929551124572754; 1.3357971906661987; 0.23411798477172852; 
153; 1.2263150215148926; 0.04983144998550415; 0.41243815422058105; -0.6158023476600647; 1.1485552787780762; 0.15712550282478333; 
102; 0.8818848133087158; -0.1504654586315155; 0.4488368630409241; -0.5534690618515015; 1.3177748918533325; 0.018954157829284668; 
114; 1.0308538675308228; 0.15054529905319214; 0.10568159818649292; -0.5184965133666992; 1.1071146726608276; 0.20893774926662445; 
163; 1.0302951335906982; -0.05595165491104126; 0.5804644227027893; -0.48760712146759033; 1.302877426147461; 0.27322250604629517; 
137; 0.9897913932800293; 0.07584214210510254; 0.17916220426559448; -0.43587803840637207; 1.2069306373596191; 0.12462923675775528; 
184; 1.2358314990997314; -0.07109445333480835; 0.350420206785202; -0.5860735177993774; 1.0297744274139404; 0.20137310028076172; 
195; 0.9670742750167847; -0.24243339896202087; 0.31937119364738464; -0.5044218301773071; 1.229537010192871; 0.23652517795562744; 
139; 1.1967607736587524; -0.24563312530517578; 0.13512027263641357; -0.3671146333217621; 1.349554419517517; 0.21711163222789764; 
200; 1.3394043445587158; -0.2319854199886322; 0.18075263500213623; -0.581585168838501; 1.1815404891967773; 0.059141770005226135; 
138; 0.9416956901550293; -0.01711934804916382; 0.263988733291626; -0.4908672571182251; 1.263167381286621; 0.2123771607875824; 
143; 1.0033791065216064; -0.09691402316093445; 0.25643062591552734; -0.5909367203712463; 1.1517844200134277; 0.2086743414402008; 
148; 0.8932542204856873; -0.08316409587860107; 0.23579879105091095; -0.6046149730682373; 1.1632840633392334; 0.20081937313079834; 
178; 1.1772489547729492; -0.3561210632324219; 0.2977272570133209; -0.4926375150680542; 1.0816586017608643; 0.22085659205913544; 
191; 0.8775219917297363; -0.3359478712081909; 0.3246752619743347; -0.6520942449569702; 1.0369489192962646; 0.0016841590404510498; 
117; 0.9283843636512756; 0.14335814118385315; 0.26119524240493774; -0.5843701362609863; 1.1523373126983643; 0.10673739016056061; 
188; 1.376882791519165; 0.02813851833343506; 0.5688457489013672; -0.33796948194503784; 1.1708028316497803; 0.29321667551994324; 
161; 0.8479249477386475; -0.24879297614097595; 0.2131282240152359; -0.6094719171524048; 1.1243656873703003; 0.030111223459243774; 
190; 0.9704128503799438; -0.30208107829093933; 0.3881635367870331; -0.5567337870597839; 1.0980356931686401; 0.09822411835193634; 
130; 1.2791430950164795; -0.2262817621231079; 0.19394274055957794; -0.5646967887878418; 1.138048768043518; 0.13695938885211945; 
167; 1.0353375673294067; -0.337519109249115; 0.1691666692495346; -0.6450109481811523; 1.2729023694992065; 0.2599791884422302; 
180; 0.8557788729667664; -0.17448091506958008; 0.3202537000179291; -0.5974193811416626; 1.1847870349884033; 0.21234583854675293; 
162; 0.9159619808197021; -0.17837399244308472; 0.290283739566803; -0.4856197237968445; 1.1819937229156494; 0.10237187147140503; 
187; 1.0932947397232056; -0.04856574535369873; 0.428969144821167; -0.605349063873291; 1.0444742441177368; 0.16660550236701965; 
168; 1.0564866065979004; -0.10760006308555603; 0.24549061059951782; -0.4562843441963196; 1.2063474655151367; 0.0959622710943222; 
107; 1.0658246278762817; -0.33885467052459717; -0.04349321126937866; -0.6916351318359375; 1.2306405305862427; -0.004460833966732025; 
109; 1.1011303663253784; -0.3432020843029022; 0.10544708371162415; -0.4706587791442871; 1.1840786933898926; 0.14956079423427582; 
142; 1.2824828624725342; -0.2090265452861786; 0.381038635969162; -0.47783327102661133; 1.360365867614746; 0.12100285291671753; 
185; 1.1335856914520264; -0.07096388936042786; 0.24487294256687164; -0.5439735651016235; 0.9732010960578918; 0.004218548536300659; 
121; 1.0909119844436646; -0.25879138708114624; 0.06342002749443054; -0.6432394981384277; 1.1494336128234863; 0.12162314355373383; 
144; 1.1500871181488037; -0.01641830801963806; 0.31917381286621094; -0.5301638841629028; 1.140117883682251; 0.12633880972862244; 
160; 0.9801760315895081; -0.06783896684646606; 0.47849327325820923; -0.6689688563346863; 1.239997386932373; 0.24968783557415009; 
194; 1.2693936824798584; 0.05052298307418823; 0.5860834121704102; -0.5685187578201294; 1.1484761238098145; 0.13182994723320007; 
189; 1.4323954582214355; -0.6546709537506104; -0.10027575492858887; -0.5160443186759949; 1.1710485219955444; 0.21488770842552185; 
172; 1.1217997074127197; 0.16624698042869568; 0.32920125126838684; -0.6566703915596008; 1.1878201961517334; -0.043330177664756775; 
101; 1.0752731561660767; -0.0323161780834198; 0.22124019265174866; -0.624110996723175; 1.1861774921417236; 0.0007372722029685974; 
123; 1.1807280778884888; -0.6252800226211548; 0.5192463994026184; -0.42898064851760864; 1.0409760475158691; 0.22936242818832397; 
118; 1.1058911085128784; -0.12515008449554443; 0.49376168847084045; -0.6059601902961731; 1.1273771524429321; 0.1410328596830368; 
147; 1.093422293663025; 0.0020131468772888184; 0.41779133677482605; -0.7376925945281982; 1.1606987714767456; 0.15735366940498352; 
175; 1.0964845418930054; 0.041056156158447266; 0.39712053537368774; -0.5146558284759521; 0.9710111021995544; 0.15313388407230377; 
113; 1.0576359033584595; -0.5893253684043884; 0.3486007750034332; -0.596050500869751; 1.082649827003479; 0.19097429513931274; 
128; 1.3168083429336548; -0.21897482872009277; 0.1289818286895752; -0.47669804096221924; 1.2457542419433594; 0.18489408493041992; 
150; 1.005434513092041; -0.36711370944976807; 0.3716052770614624; -0.5850217938423157; 1.1053017377853394; 0.06962435692548752; 
122; 0.9049053192138672; -0.32890117168426514; 0.2823324501514435; -0.565253496170044; 1.1055803298950195; 0.1956196427345276; 
110; 1.223247766494751; -0.2604333758354187; 0.17267799377441406; -0.5868056416511536; 1.3085088729858398; 0.0611715167760849; 
182; 1.1099594831466675; 0.004943042993545532; 0.33262401819229126; -0.6576305031776428; 1.187874674797058; 0.256510853767395; 
131; 0.9032753109931946; 0.08366440236568451; 0.17497585713863373; -0.5176331400871277; 1.0756314992904663; 0.19372433423995972; 
192; 0.9516797065734863; -0.5822460055351257; -0.04128488898277283; -0.6290243864059448; 0.9413096308708191; 0.1904921531677246; 
120; 0.9254138469696045; -0.5117424130439758; 0.4223005175590515; -0.48562556505203247; 1.1293197870254517; 0.23795747756958008; 
177; 0.8128113746643066; -0.11184808611869812; 0.26708975434303284; -0.5476764440536499; 1.1371686458587646; 0.11124549061059952; 
174; 0.9970598220825195; 0.05446648597717285; 0.7376352548599243; -0.48952263593673706; 1.2741073369979858; 0.24715237319469452; 
146; 0.8027533292770386; -0.16708791255950928; 0.32268452644348145; -0.50959712266922; 1.2777167558670044; -0.002588510513305664; 
169; 0.9592580795288086; -0.08538821339607239; 0.06832124292850494; -0.5899400115013123; 1.0004520416259766; 0.27570027112960815; 
176; 0.8300902843475342; 0.107811838388443; 0.1833338886499405; -0.6936824321746826; 1.2677308320999146; 0.309099018573761; 
165; 0.9819655418395996; -0.5275207757949829; 0.3105067014694214; -0.5315151214599609; 1.0085636377334595; 0.06198357790708542; 
