0.000000000000000000e+00 1.406432499842578972e-11
4.300000000000000000e+02 2.155468036388423515e-07
1.157000000000000000e+03 2.864531506783902416e-07
3.019000000000000000e+03 1.103700952317602179e-06
4.156000000000000000e+03 1.752500672422198337e-06
4.932000000000000000e+03 1.843193636414945755e-06
5.842000000000000000e+03 2.531708750481358258e-06
7.850000000000000000e+03 2.540478176125658287e-06
8.463000000000000000e+03 2.826628888451794182e-06
9.104000000000000000e+03 2.959875699554499816e-06
1.050000000000000000e+04 3.509531408878514230e-06
1.209800000000000000e+04 3.736855232077822403e-06
1.306600000000000000e+04 4.173394959177439598e-06
1.415200000000000000e+04 4.276475406358338546e-06
1.483900000000000000e+04 4.340361202263401474e-06
1.538900000000000000e+04 8.672234035906983040e-06
1.570600000000000000e+04 9.134493249915496852e-06
1.593400000000000000e+04 1.028970714690296191e-05
1.619200000000000000e+04 1.171263709364794048e-05
1.804200000000000000e+04 1.513241866350522952e-05
1.931700000000000000e+04 1.778502199866069538e-05
2.019500000000000000e+04 1.887942442978308410e-05
2.032200000000000000e+04 1.987482825559895941e-05
2.067600000000000000e+04 2.079336485037005855e-05
2.091200000000000000e+04 2.087410356824500427e-05
2.153100000000000000e+04 2.287716955425899090e-05
2.236400000000000000e+04 2.406811055269545064e-05
2.348500000000000000e+04 2.434106945627085989e-05
2.411900000000000000e+04 2.579381562286694963e-05
2.505500000000000000e+04 2.577628419728805661e-05
2.572000000000000000e+04 2.535545501416966349e-05
2.674300000000000000e+04 2.449846984385659862e-05
2.723300000000000000e+04 2.397263209890171062e-05
2.786800000000000000e+04 2.373361260945096158e-05
2.826900000000000000e+04 2.319448764942824207e-05
2.974400000000000000e+04 2.230309123197380501e-05
3.000000000000000000e+04 2.120912346695963765e-05
