55; 1.271619200706482; -1.1516097784042358; 0.10171733051538467; -0.7438098788261414; 0.8780189752578735; 0.04068826511502266; 
74; 0.5554568767547607; -0.41892459988594055; -0.19905102252960205; -0.9681881666183472; 0.9599657654762268; -0.042770665138959885; 
71; 0.36273816227912903; -0.5941835641860962; -1.5167649984359741; -0.6219975352287292; 1.0126959085464478; 0.18675728142261505; 
93; 1.1276808977127075; -0.43467268347740173; -0.21061623096466064; -0.38486164808273315; 0.642058253288269; -0.0385071262717247; 
30; 0.7742565274238586; -0.8883122801780701; 0.05631750077009201; -0.4990158677101135; 1.0951136350631714; 0.02808048576116562; 
63; 0.7581872940063477; -0.457776814699173; -0.016101611778140068; -0.5535184144973755; 1.291361689567566; -0.0021491339430212975; 
95; 0.5757971405982971; 0.07331526279449463; 0.3929254710674286; -0.42543819546699524; 1.0530003309249878; -0.0007047874969430268; 
56; 0.9147998094558716; -0.560804545879364; 0.20227684080600739; -0.7317399978637695; 1.029416799545288; -0.0814577117562294; 
70; 0.5870407819747925; -0.31210702657699585; 0.17940816283226013; -0.6825206875801086; 0.8807033896446228; 0.3131347894668579; 
8; 0.6731053590774536; -1.331793189048767; -0.02540874481201172; -0.5119162201881409; 0.8542929291725159; 0.2901723384857178; 
96; 0.85338294506073; -0.6063418388366699; -0.18713593482971191; -0.5845655202865601; 0.9966530203819275; -0.19037412106990814; 
45; 0.4422524571418762; -0.17251180112361908; 0.06257748603820801; -0.5673604011535645; 0.7042167782783508; 0.2928234934806824; 
97; 0.5167195796966553; -0.010863401927053928; -0.25969037413597107; -0.984239935874939; 1.0733473300933838; -0.1726372092962265; 
18; 1.078678011894226; -0.31391724944114685; -0.32908982038497925; -0.6231898069381714; 1.1943633556365967; -0.11366614699363708; 
32; 0.8682098388671875; -0.06399182975292206; -0.10177993774414062; -0.5868369340896606; 0.972389280796051; 0.26967740058898926; 
39; 0.7157992720603943; 0.04755934700369835; -0.22294379770755768; -0.6510620713233948; 0.9594223499298096; 0.021376676857471466; 
98; 0.1920449137687683; -0.5522395968437195; 0.06674898415803909; -0.7172845005989075; 0.9310901761054993; 0.03815755248069763; 
44; 0.804105818271637; -0.7997006177902222; 0.3767523169517517; -0.6097537875175476; 0.9898050427436829; -0.021037854254245758; 
20; 0.8067192435264587; -0.109390489757061; -0.36622726917266846; -0.8370481729507446; 1.0603121519088745; -0.10786709934473038; 
94; 0.7165639996528625; -0.37604790925979614; 0.19108988344669342; -0.7702592611312866; 1.2580029964447021; -0.00026663870085030794; 
92; 0.4652717709541321; -0.26877954602241516; 0.4164995551109314; -0.9672002792358398; 0.8255921006202698; -0.17706650495529175; 
99; 0.5238428711891174; 0.22741256654262543; -0.31118130683898926; -0.7888432145118713; 0.85121750831604; -0.017086289823055267; 
58; 0.6433015465736389; -0.5408471822738647; 0.23040993511676788; -0.7490453124046326; 1.0206224918365479; -0.13663339614868164; 
10; 0.8705739974975586; -1.436496376991272; -0.11799877882003784; -0.6023101210594177; 1.1937977075576782; 0.22607171535491943; 
6; 0.553257942199707; -0.7508395910263062; -0.34130969643592834; -0.9789142608642578; 1.0738660097122192; -0.12499670684337616; 
1; 0.8919665813446045; -0.4426344931125641; -0.0184270441532135; -0.7891331911087036; 1.213460922241211; -0.09234638512134552; 
75; 0.7991088628768921; -0.6854199171066284; -0.021525273099541664; -0.7456125617027283; 0.9878093600273132; 0.01561013888567686; 
43; 1.2758066654205322; -0.6404375433921814; 0.037131860852241516; -0.7041979432106018; 1.1317294836044312; 0.20302793383598328; 
69; 0.7266231775283813; -0.37138307094573975; 0.018045853823423386; -0.6237073540687561; 1.0197503566741943; -0.12677307426929474; 
31; 0.6266286969184875; -0.649700939655304; 0.3099289834499359; -0.790885865688324; 0.8678886890411377; 0.12368285655975342; 
2; 0.6033807396888733; -0.19131413102149963; 0.11605020612478256; -0.7381476759910583; 0.9641132354736328; -0.2105233520269394; 
4; 0.6146625876426697; -0.9857892990112305; -0.23951543867588043; -0.6277368068695068; 1.1433753967285156; -0.08525517582893372; 
29; 1.1087385416030884; -1.015926718711853; -0.012850666418671608; -0.4276828467845917; 1.0839892625808716; -0.12788888812065125; 
66; -0.005791566334664822; -0.34116074442863464; -0.03774638846516609; -0.8053314089775085; 1.0488837957382202; 0.16373766958713531; 
40; 0.8207176923751831; -0.22949320077896118; 0.10827238857746124; -0.7572587132453918; 1.1459882259368896; -0.07497277110815048; 
7; 0.6490981578826904; -1.3641475439071655; 0.24873384833335876; -0.5334608554840088; 0.8119727969169617; -0.026779780164361; 
61; 0.49392181634902954; -0.5563973784446716; -0.22864706814289093; -0.8148902058601379; 1.201484203338623; 0.017209693789482117; 
3; 0.5339296460151672; -0.07160311192274094; 0.15140609443187714; -0.6344382762908936; 0.9773493409156799; -0.05157783627510071; 
67; 1.2937800884246826; -0.2742302417755127; 0.08450965583324432; -0.8829799890518188; 0.9140251874923706; 0.028040623292326927; 
19; 0.5744091272354126; -0.06991969794034958; -0.0038182490970939398; -0.7683494687080383; 1.0407979488372803; 0.14281292259693146; 
26; 0.7497591972351074; -0.20103825628757477; -0.19928422570228577; -0.5920844674110413; 0.8929024934768677; 0.0872248187661171; 
72; 0.7964923977851868; -0.8965324759483337; 0.32941797375679016; -0.702461838722229; 1.1206445693969727; -0.14783208072185516; 
9; 0.5007472634315491; -0.4213114380836487; -0.7897512316703796; -0.5385281443595886; 1.1210217475891113; 0.028572948649525642; 
37; 0.5577858686447144; -0.5139188766479492; -0.4532322287559509; -0.7465607523918152; 1.0449566841125488; -0.11460617929697037; 
36; 0.5487581491470337; 0.05914534628391266; -0.7245625853538513; -0.4441196620464325; 1.0501940250396729; -0.052108656615018845; 
41; 0.6119675040245056; -0.21781015396118164; -0.1306772083044052; -0.7315647006034851; 0.7434250712394714; -0.05415743961930275; 
65; 0.9559823870658875; -0.2943994104862213; -0.18035489320755005; -0.6266690492630005; 0.7358907461166382; -0.11984602361917496; 
59; 0.8240918517112732; -0.6038030982017517; -0.24824531376361847; -0.5519989728927612; 0.871825635433197; 0.032843489199876785; 
57; 0.6419605016708374; -0.25412049889564514; 0.02668866701424122; -0.7944427132606506; 0.9351391792297363; -0.17932897806167603; 
49; 1.1834063529968262; -0.6904453039169312; 0.16574303805828094; -0.7826891541481018; 0.8001575469970703; -0.1414026916027069; 
24; 0.9438463449478149; -0.3301720917224884; 0.4525398313999176; -0.7213270664215088; 0.7513369917869568; 0.11177647113800049; 
54; 0.8969921469688416; -0.04542026296257973; -0.18786682188510895; -0.6991289854049683; 1.169901967048645; 0.1363879144191742; 
23; 0.7687886357307434; 0.10603414475917816; -0.1555665284395218; -0.7039548754692078; 1.1908563375473022; -0.15697157382965088; 
47; 0.1265324503183365; -0.5927963256835938; 0.14735208451747894; -0.6916940808296204; 0.7509293556213379; -0.03244121000170708; 
80; 0.7762731313705444; -0.4940592348575592; 0.1869373619556427; -0.74063640832901; 0.9197419285774231; -0.02468050830066204; 
84; 1.036312222480774; -0.5084943771362305; -0.012286131270229816; -0.43395930528640747; 1.034407615661621; -0.10153190791606903; 
52; 1.1000216007232666; -1.0674940347671509; 0.2936290502548218; -0.8767163157463074; 0.975317120552063; 0.1119644045829773; 
46; 0.7803412079811096; -0.1392345130443573; -0.6111975312232971; -0.8658739328384399; 0.9667351245880127; -0.015764761716127396; 
68; 0.24035656452178955; -0.7522926330566406; 0.5630273818969727; -0.8136554956436157; 1.042293906211853; 0.16226057708263397; 
64; 1.1052652597427368; -0.6815557479858398; 0.0575626902282238; -0.619721531867981; 1.1516984701156616; 0.08373641222715378; 
42; 0.6905600428581238; -0.376238077878952; -0.16239377856254578; -0.5078130960464478; 1.0424730777740479; 0.13948553800582886; 
60; 0.7385860681533813; -0.07124707847833633; 0.07379788905382156; -0.8901739120483398; 1.0857150554656982; 0.05196915194392204; 
81; 0.9940237998962402; -0.6189138889312744; -0.4347389042377472; -0.9293927550315857; 0.9014160633087158; -0.009416681714355946; 
21; 0.7462607622146606; -0.20515888929367065; -0.4402780532836914; -0.5259042382240295; 0.856057345867157; -0.18664781749248505; 
51; 0.8461294174194336; -0.4572449028491974; 0.019384637475013733; -0.7229564785957336; 1.0787489414215088; -0.001679739449173212; 
100; 0.1458265632390976; -0.03899369388818741; 0.07236872613430023; -0.49532705545425415; 0.756301760673523; 0.1398579180240631; 
89; 1.0595885515213013; -0.4553469121456146; -1.1462303400039673; -0.5705583691596985; 0.8416358828544617; 0.12317381799221039; 
22; 0.752036452293396; -0.16051533818244934; -0.12695439159870148; -0.7384828925132751; 0.81727135181427; -0.03738321736454964; 
77; 0.8129864931106567; -1.1718965768814087; 0.12190031260251999; -0.6865034699440002; 1.1507309675216675; -0.1235259547829628; 
34; 0.106124147772789; -0.6437650322914124; -0.1666461080312729; -0.6007157564163208; 0.8662199974060059; -0.14007098972797394; 
25; 0.5511775016784668; -1.0294904708862305; 0.20991915464401245; -0.7671230435371399; 0.8478524088859558; 0.2248782366514206; 
38; 0.7292047739028931; -0.08792223036289215; -0.20036961138248444; -0.7639849781990051; 1.2175379991531372; -0.22264233231544495; 
88; 0.7949889302253723; -0.47083404660224915; 0.5553460121154785; -0.6493879556655884; 0.9750089049339294; -0.03761231154203415; 
87; 1.119802713394165; -0.48055002093315125; -0.3348834216594696; -0.8006130456924438; 0.933154284954071; -0.15221461653709412; 
82; 0.6961210370063782; -0.4041740298271179; -0.06699338555335999; -0.6618741154670715; 1.0667972564697266; 0.11453136801719666; 
35; 0.45344215631484985; -0.34202808141708374; 0.035094648599624634; -0.5398876667022705; 0.8836550116539001; -0.04574968293309212; 
17; 0.9678038954734802; -0.003578567411750555; -0.1615309864282608; -0.7584369778633118; 0.857384979724884; -0.028261683881282806; 
28; 0.23322127759456635; -0.5308986902236938; -0.1143113374710083; -0.7855624556541443; 0.8468713760375977; 0.09535148739814758; 
15; 0.38482052087783813; -0.5558382868766785; 0.29625973105430603; -0.9058062434196472; 0.9446431398391724; -0.11089740693569183; 
33; 0.4985515773296356; -1.0487782955169678; 0.051946233958005905; -0.622418224811554; 1.0085389614105225; 0.030829187482595444; 
13; 0.5290117859840393; -0.7919252514839172; -0.07623454928398132; -0.8233668208122253; 1.0702180862426758; -0.10765204578638077; 
12; 0.5059895515441895; 0.12312699109315872; -0.36587807536125183; -0.6852590441703796; 0.9607927203178406; -0.08121418952941895; 
85; 0.4033981263637543; -0.7980903387069702; -0.02044793590903282; -0.7285276651382446; 0.7455835938453674; 0.05341702699661255; 
50; 0.39702802896499634; -0.6905746459960938; -0.2938735783100128; -0.4590020477771759; 0.9875774383544922; 0.05323445051908493; 
16; 0.581092894077301; -0.9110996723175049; 0.08323871344327927; -0.6880323886871338; 0.9136033654212952; -0.05968575179576874; 
14; 1.2787963151931763; -0.7047272324562073; -0.008758298121392727; -0.7608156204223633; 1.016161322593689; 0.3363773226737976; 
76; 0.5346888303756714; -0.653184175491333; 0.23948661983013153; -0.7299561500549316; 0.9267979264259338; -0.06836172938346863; 
90; 0.19604846835136414; -0.4664437770843506; -0.19210311770439148; -0.6646982431411743; 0.8526048064231873; 0.07503808289766312; 
27; 0.8788440823554993; -0.8860825300216675; -0.12975585460662842; -0.6529287695884705; 1.091771125793457; 0.11636701226234436; 
11; 0.5297487378120422; -0.629936695098877; 0.11976905167102814; -0.6599329113960266; 0.8954992890357971; 0.09921251982450485; 
79; 0.8286683559417725; -0.7365555763244629; 0.6720923185348511; -0.6692861318588257; 1.2674840688705444; 0.07038400322198868; 
62; 0.5069929361343384; -0.25843027234077454; 0.3849952816963196; -0.6675558090209961; 1.061580777168274; 0.08484716713428497; 
78; 0.7276085615158081; -0.09126456081867218; -0.05893667787313461; -0.567610502243042; 1.101192593574524; -0.06608901172876358; 
73; 0.18564018607139587; -1.19147789478302; 0.634199321269989; -0.6635082364082336; 1.1846646070480347; -0.05281037464737892; 
86; 0.5922597646713257; -0.9324111938476562; -0.09703481197357178; -0.8111257553100586; 0.7818459868431091; 0.11597547680139542; 
53; 0.6825334429740906; -0.10094809532165527; 0.04714605212211609; -0.5463403463363647; 0.795635461807251; 0.04986578971147537; 
83; 1.3599865436553955; 0.2935265600681305; 0.004417035263031721; -0.5559497475624084; 0.8979702591896057; -0.09750081598758698; 
91; 0.6134762763977051; -0.862173855304718; 0.36727288365364075; -0.8061292171478271; 1.2959524393081665; 0.08296182751655579; 
48; 0.7543897032737732; 0.006400054320693016; -0.011587350629270077; -0.814639687538147; 1.0191025733947754; -0.20229163765907288; 
5; 0.5267733335494995; -0.3432193696498871; -0.2063581943511963; -0.5565990805625916; 0.7333253026008606; 8.919904939830303e-05; 
