0.000000000000000000e+00 1.609247411150999803e-11
6.920000000000000000e+02 1.479187193164308650e-07
8.740000000000000000e+02 9.735105280636290584e-07
1.349000000000000000e+03 1.145953755941540625e-06
1.707000000000000000e+03 1.265329698864029012e-06
2.958000000000000000e+03 1.389216607764951400e-06
3.346000000000000000e+03 1.623941277901249774e-06
4.314000000000000000e+03 1.861740639711734292e-06
5.075000000000000000e+03 1.907353769517972562e-06
6.204000000000000000e+03 2.274530877041793536e-06
7.304000000000000000e+03 2.837536291838349988e-06
7.986000000000000000e+03 2.947999891400412918e-06
8.761000000000000000e+03 4.387534572382129143e-06
1.033700000000000000e+04 4.800043216374695883e-06
1.103100000000000000e+04 5.001944977939718168e-06
1.232400000000000000e+04 5.311742773360379005e-06
1.302200000000000000e+04 5.615450510799622082e-06
1.346300000000000000e+04 6.135277369902935331e-06
1.425600000000000000e+04 6.283789990518884957e-06
1.468600000000000000e+04 6.558320078325014745e-06
1.536900000000000000e+04 9.803190564420230494e-06
1.573700000000000000e+04 1.068759901021969279e-05
1.637700000000000000e+04 1.173052886905502175e-05
1.729300000000000000e+04 1.253071575969971977e-05
1.810900000000000000e+04 1.661029985180851202e-05
1.889100000000000000e+04 1.865523955206413228e-05
1.936100000000000000e+04 1.869898830392813599e-05
2.052900000000000000e+04 1.915620538844785780e-05
2.154900000000000000e+04 2.026655333770719595e-05
2.278300000000000000e+04 2.037414597659860857e-05
2.320300000000000000e+04 2.603017541967734272e-05
2.481600000000000000e+04 2.768628357123113174e-05
2.547200000000000000e+04 2.765800990900901284e-05
2.601300000000000000e+04 2.734184798945849302e-05
2.645900000000000000e+04 2.220115935017894616e-05
2.710900000000000000e+04 2.049987511442547583e-05
2.756700000000000000e+04 2.014775221358443898e-05
2.887500000000000000e+04 1.592122318956296041e-05
2.968000000000000000e+04 1.589635462335878643e-05
3.000000000000000000e+04 1.383144190165727522e-05
