0.000000000000000000e+00 3.944845436735994064e-11
1.465000000000000000e+03 4.609774556032860035e-07
2.579000000000000000e+03 1.627715453975228568e-06
3.531000000000000000e+03 2.310896432483233515e-06
4.399000000000000000e+03 2.515114502791202623e-06
4.954000000000000000e+03 3.391787518422107973e-06
5.459000000000000000e+03 3.529910544322882603e-06
5.811000000000000000e+03 5.326706683071453968e-06
6.231000000000000000e+03 7.068117499464871360e-06
6.495000000000000000e+03 7.632664488299928997e-06
7.143000000000000000e+03 9.517407502821116313e-06
8.372000000000000000e+03 1.181596717067675069e-05
9.334000000000000000e+03 1.248180878667247976e-05
1.001800000000000000e+04 1.370692164755007449e-05
1.180500000000000000e+04 1.416508196472873159e-05
1.212600000000000000e+04 1.521497670350572176e-05
1.272200000000000000e+04 1.607880066045530178e-05
1.347200000000000000e+04 1.639459450850288484e-05
1.507400000000000000e+04 1.679980015321379418e-05
1.571000000000000000e+04 1.920295001289114910e-05
1.601800000000000000e+04 2.434485501274049517e-05
1.710500000000000000e+04 2.664867076552399243e-05
1.771500000000000000e+04 2.899250364300242464e-05
1.832800000000000000e+04 3.157340189219926582e-05
1.877200000000000000e+04 3.355372004659013755e-05
2.006300000000000000e+04 3.478959242080603042e-05
2.079400000000000000e+04 4.336452407247973543e-05
2.233800000000000000e+04 4.348082009947308298e-05
2.362100000000000000e+04 4.389007858707998750e-05
2.461700000000000000e+04 4.464747461359964341e-05
2.568800000000000000e+04 4.422977906599199523e-05
2.652500000000000000e+04 4.027730447309301289e-05
2.751300000000000000e+04 3.935675992016940080e-05
2.825100000000000000e+04 3.902460247381222397e-05
2.872300000000000000e+04 3.418933223771407305e-05
2.958000000000000000e+04 3.203155288042948661e-05
3.000000000000000000e+04 3.142840399451757901e-05
