3; -0.4165757894515991; 0.7144023180007935; 0.11285865306854248; -0.18430104851722717; 1.2124146223068237; 0.038692325353622437; 
1; -0.4026099443435669; 0.5051229596138; 0.10191534459590912; -0.35392269492149353; 1.263873815536499; 0.15881840884685516; 
4; -0.5223696231842041; 0.34708359837532043; 0.36868011951446533; -0.2169400453567505; 1.3395297527313232; 0.10117623209953308; 
6; -0.07767271995544434; 0.71746426820755; 0.33803144097328186; -0.21351055800914764; 1.2147548198699951; 0.171628937125206; 
9; -0.45847392082214355; 0.5198447704315186; 0.1325109302997589; -0.18016892671585083; 1.1629525423049927; 0.08702918887138367; 
10; -0.2400776445865631; 0.4463578462600708; 0.0802668035030365; -0.2539278268814087; 1.1912288665771484; 0.14887191355228424; 
5; -0.4695621132850647; 0.6395041346549988; 0.4785959720611572; -0.27343857288360596; 1.3371484279632568; 0.09011814743280411; 
15; -0.9563083052635193; 0.5254354476928711; 0.4660067558288574; -0.3015332520008087; 1.1324849128723145; 0.12345927953720093; 
2; -0.6059848666191101; 0.8066022992134094; 0.3874109983444214; -0.19949749112129211; 1.1938810348510742; 0.1508825421333313; 
8; -0.14021968841552734; 0.44898125529289246; 0.39847493171691895; -0.1533770114183426; 1.507098913192749; 0.1846000701189041; 
11; -0.5684874653816223; 0.33138614892959595; 0.31930431723594666; -0.18476468324661255; 1.0368413925170898; 0.061353929340839386; 
7; -0.8804146647453308; 0.4421670436859131; 0.3693658113479614; -0.2359112650156021; 1.201467514038086; 0.114845409989357; 
13; -0.4485059380531311; 0.2650592029094696; 0.7559808492660522; -0.32472825050354004; 1.2265082597732544; 0.1940506100654602; 
26; -0.2797113060951233; 0.8468310832977295; 0.5925244092941284; -0.21683306992053986; 1.2511265277862549; 0.23172414302825928; 
14; -0.2720162272453308; 0.47112831473350525; 0.5950191020965576; -0.15485340356826782; 1.2536420822143555; 0.08014500886201859; 
19; -0.5770677328109741; 0.36075329780578613; 0.27426379919052124; -0.20016078650951385; 1.4362068176269531; 0.19987930357456207; 
20; -0.33929672837257385; 0.5247070789337158; 0.2471628487110138; -0.23360450565814972; 1.28355073928833; 0.19159819185733795; 
16; -0.4966079890727997; 0.712066650390625; 0.3706905245780945; -0.2889552414417267; 1.3270334005355835; 0.1305633783340454; 
24; -0.2164263129234314; 0.6006085276603699; 0.4722296893596649; -0.256529837846756; 1.2805488109588623; 0.26384100317955017; 
38; -0.4112703502178192; 0.5964968204498291; 0.08869199454784393; -0.2601085603237152; 1.378676176071167; 0.029970429837703705; 
18; -0.477115273475647; 0.5973984003067017; -0.0340275764465332; -0.23157870769500732; 1.2463927268981934; 0.14390501379966736; 
25; -0.18287354707717896; 0.7398419380187988; 0.24875539541244507; -0.27992522716522217; 1.2302323579788208; 0.06236632168292999; 
23; -0.21831822395324707; 0.3525119125843048; 0.27398431301116943; -0.2335897982120514; 1.4476031064987183; 0.26606205105781555; 
17; -0.40538081526756287; 0.6447113752365112; 0.12187512218952179; -0.2829434275627136; 1.1144154071807861; 0.21301493048667908; 
36; -0.40577682852745056; 0.528417706489563; 0.30518341064453125; -0.1677902191877365; 1.1267069578170776; 0.15483325719833374; 
22; -0.3634229600429535; 0.34874770045280457; 0.20921951532363892; -0.14780005812644958; 1.1001346111297607; 0.19180086255073547; 
32; -0.2269291877746582; 0.4199175238609314; 0.41286712884902954; -0.19946016371250153; 1.2947514057159424; 0.005382552742958069; 
28; -0.2278035283088684; 0.7397085428237915; 0.5135438442230225; -0.1712666153907776; 1.2160900831222534; 0.13668587803840637; 
27; -0.7435742616653442; 0.6498171091079712; 0.3209163546562195; -0.045420557260513306; 1.3548970222473145; 0.2820327877998352; 
30; -0.3097984194755554; 0.30028948187828064; 0.12768861651420593; -0.13424086570739746; 1.3769540786743164; 0.21936354041099548; 
37; -0.922658383846283; 0.4438953995704651; 0.222817063331604; -0.2536880373954773; 1.1483566761016846; 0.22406257688999176; 
31; -0.33043742179870605; 0.6263919472694397; 0.21589404344558716; -0.3143683075904846; 1.236086368560791; 0.025181367993354797; 
49; -0.5711929798126221; 0.6671825647354126; 0.327121764421463; -0.33056721091270447; 1.2922685146331787; 0.21793264150619507; 
48; -0.7225873470306396; 0.4407409727573395; 0.46077781915664673; -0.26948970556259155; 1.2653312683105469; 0.031581811606884; 
21; -0.25762951374053955; 0.4213321805000305; 0.5101142525672913; -0.19792982935905457; 1.1820976734161377; 0.24791380763053894; 
46; -0.8700312376022339; 0.49148041009902954; 0.6458778977394104; -0.28299927711486816; 1.232669711112976; 0.13392071425914764; 
39; -0.37900257110595703; 0.48795440793037415; 0.4464653432369232; -0.1463150978088379; 1.3205981254577637; 0.2122175097465515; 
47; -0.37869003415107727; 0.5471721887588501; 0.48018908500671387; -0.19640374183654785; 1.1962287425994873; 0.09265181422233582; 
51; -0.4746813476085663; 0.5329387784004211; 0.11147940158843994; -0.15802493691444397; 1.1482853889465332; 0.15828678011894226; 
35; -0.5386838912963867; 0.6811071634292603; 0.2196348011493683; -0.12914729118347168; 1.2104300260543823; 0.06277673691511154; 
33; -0.4137100875377655; 0.5412236452102661; 0.4858894944190979; -0.27526095509529114; 1.1396005153656006; 0.18511012196540833; 
34; -0.3750424087047577; 0.6718173623085022; 0.30408090353012085; -0.30870750546455383; 1.1249635219573975; 0.09774608910083771; 
44; -0.22449234127998352; 0.6662143468856812; 0.5526676177978516; -0.1730411946773529; 1.3262264728546143; 0.19546589255332947; 
29; -0.19760975241661072; 0.5453510284423828; 0.4906851053237915; -0.23401899635791779; 1.295083999633789; 0.13294358551502228; 
41; -0.4489699602127075; 0.7079756259918213; 0.5381183624267578; -0.23029260337352753; 1.0944830179214478; 0.21569007635116577; 
54; -0.50645512342453; 0.35745206475257874; 0.256833553314209; -0.24104800820350647; 1.1782487630844116; 0.06618621945381165; 
52; -0.23359113931655884; 0.6309282779693604; 0.21499967575073242; -0.1393204778432846; 1.2363266944885254; 0.14690488576889038; 
42; -0.5961850881576538; 0.42066454887390137; 0.05870965123176575; -0.16626577079296112; 1.184306025505066; 0.11744937300682068; 
61; -0.11463862657546997; 0.411253422498703; 0.6067201495170593; -0.3606210947036743; 1.340267300605774; 0.15324540436267853; 
40; -0.6836130619049072; 0.49593469500541687; 0.20340758562088013; -0.21918880939483643; 1.1088792085647583; 0.15404221415519714; 
57; -0.5275701284408569; 0.28076207637786865; 0.19479337334632874; -0.2690637707710266; 1.2443552017211914; 0.11684107780456543; 
62; -0.30705025792121887; 0.39578190445899963; 0.35086777806282043; -0.2293880134820938; 1.2363001108169556; 0.13927656412124634; 
53; -0.4633064568042755; 0.23447342216968536; 0.28116247057914734; -0.10254545509815216; 1.3526026010513306; 0.06056143343448639; 
63; -0.44359028339385986; 0.8880621194839478; 0.4821071922779083; -0.329454243183136; 1.4840251207351685; 0.16002009809017181; 
45; -0.19511276483535767; 0.9199708700180054; 0.5312663316726685; -0.16548959910869598; 1.2780722379684448; 0.2609306573867798; 
43; -0.3486984372138977; 0.6464439630508423; 0.5105676651000977; -0.3105784058570862; 1.1015598773956299; 0.07734369486570358; 
59; -0.4626263976097107; 0.4735308885574341; 0.43626993894577026; -0.26204097270965576; 1.3993589878082275; 0.19703418016433716; 
56; -0.5243589282035828; 0.28513792157173157; 0.19549071788787842; -0.23772478103637695; 1.2874526977539062; 0.20615705847740173; 
60; -0.5386760830879211; 0.498287558555603; 0.6383705139160156; -0.28807613253593445; 1.3331104516983032; 0.20649006962776184; 
58; -0.24581390619277954; 0.5821723937988281; 0.3573119640350342; -0.3673282265663147; 1.223283290863037; 0.09500011801719666; 
72; -0.5773671269416809; 0.35923629999160767; 0.11970323324203491; -0.25896549224853516; 1.252827763557434; 0.08832884579896927; 
65; -0.21537622809410095; 0.7234711647033691; 0.39842525124549866; -0.17477597296237946; 1.3719340562820435; 0.05580390989780426; 
64; -0.20481282472610474; 0.6295948624610901; 0.43027299642562866; -0.247711643576622; 1.357779622077942; 0.26422861218452454; 
73; -0.5479978919029236; 0.18399614095687866; 0.4995231032371521; -0.32377707958221436; 1.2492636442184448; 0.048987872898578644; 
50; -0.2318638563156128; 0.7412077188491821; 0.37718355655670166; -0.32001885771751404; 1.2138038873672485; 0.23459099233150482; 
70; -0.4949497878551483; 0.720189094543457; -0.06304299831390381; -0.2597562074661255; 1.1759846210479736; 0.0776936411857605; 
75; -0.4108765125274658; 0.29566702246665955; 0.06382665038108826; -0.152027428150177; 1.437891960144043; 0.15785405039787292; 
12; -0.3501776158809662; 0.7522331476211548; 0.37590542435646057; -0.24470171332359314; 1.173069715499878; 0.3348941206932068; 
69; -0.4183814227581024; 0.6288217902183533; 0.10883833467960358; -0.17045192420482635; 1.127027988433838; 0.3064318001270294; 
66; -0.6383152604103088; 0.5088276267051697; 0.2278953194618225; -0.3102605640888214; 1.3563638925552368; 0.20919090509414673; 
76; -0.32004421949386597; 0.4776431918144226; 0.5065274834632874; -0.23531730473041534; 1.2591819763183594; 0.20138007402420044; 
68; -0.20887383818626404; 0.3677959144115448; 0.4057314395904541; -0.23631662130355835; 1.444149374961853; 0.08447964489459991; 
83; -0.4095115661621094; 0.4068983495235443; 0.04557669162750244; -0.22313657402992249; 1.233614444732666; 0.1622929871082306; 
80; -0.17198634147644043; 0.5834102630615234; 0.46583929657936096; -0.24831345677375793; 1.1944152116775513; 0.10969275236129761; 
79; -0.19323065876960754; 0.5179423093795776; 0.36081424355506897; -0.32146257162094116; 1.317848563194275; 0.32260429859161377; 
89; -0.6659244298934937; 0.5301080346107483; 0.19281542301177979; -0.24174176156520844; 1.261484980583191; 0.12808535993099213; 
55; -0.7691743969917297; 0.792202353477478; 0.3925507068634033; -0.37062719464302063; 1.2449332475662231; 0.2111593782901764; 
78; -0.3387972116470337; 0.18405956029891968; 0.5920330286026001; -0.04763166606426239; 1.2198432683944702; 0.10837522894144058; 
71; -0.5516853928565979; 0.7192939519882202; 0.32521677017211914; -0.2505565881729126; 1.1821324825286865; 0.3046138882637024; 
77; -0.4004562199115753; 0.42280152440071106; 0.3203069269657135; -0.17634688317775726; 1.255975604057312; 0.14816980063915253; 
82; -0.5266715288162231; 0.6009240746498108; 0.6708403825759888; -0.231369286775589; 1.4243674278259277; 0.22085633873939514; 
90; -0.29380297660827637; 0.20631368458271027; 0.37660759687423706; -0.17709606885910034; 1.1021770238876343; 0.20461595058441162; 
84; -0.5778173208236694; 0.5661054849624634; 0.26273664832115173; -0.2567882537841797; 1.2395389080047607; 0.10784020274877548; 
88; -0.5927003026008606; 0.5916082859039307; 0.21679607033729553; -0.1615869700908661; 1.304235577583313; 0.24553030729293823; 
87; -0.4975906014442444; 0.5243222713470459; 0.4812089800834656; -0.28542596101760864; 1.4522784948349; 0.18471229076385498; 
74; -0.37128114700317383; 0.6593353152275085; 0.3780193626880646; -0.29705342650413513; 1.357741117477417; 0.1915118545293808; 
98; -0.35661375522613525; 0.38694900274276733; 0.37244507670402527; -0.24322998523712158; 1.3264639377593994; 0.1871916651725769; 
67; -0.6026300191879272; 0.377492755651474; 0.5678262710571289; -0.20151673257350922; 1.2267839908599854; 0.05285755544900894; 
85; -0.11206129193305969; 0.5658978223800659; 0.23631379008293152; -0.15179306268692017; 1.30241858959198; 0.12215270102024078; 
81; -0.16802072525024414; 0.7574817538261414; 0.35761559009552; -0.20620517432689667; 1.3717877864837646; 0.1536637395620346; 
94; -0.03186449408531189; 0.4549189805984497; 0.4827764630317688; -0.14537973701953888; 1.291810393333435; 0.03246472775936127; 
96; -0.44215530157089233; 0.5585498213768005; 0.2066822350025177; -0.29659533500671387; 1.1683249473571777; 0.17776425182819366; 
91; -0.4801371395587921; 0.7410982847213745; 0.2823469638824463; -0.307894766330719; 1.131943941116333; 0.10471034049987793; 
97; -0.7354456186294556; 0.6062706112861633; 0.16736182570457458; -0.26372388005256653; 1.133940577507019; 0.198857843875885; 
86; -0.5349940061569214; 0.8971742391586304; 0.16255199909210205; -0.15046289563179016; 1.3410841226577759; 0.10052435100078583; 
95; -0.21467000246047974; 0.3293021023273468; 0.600023090839386; -0.27487120032310486; 1.3451411724090576; 0.14490050077438354; 
92; -0.045433759689331055; 0.7761180996894836; 0.5126203298568726; -0.16894756257534027; 1.1474605798721313; 0.22287459671497345; 
99; -0.44102743268013; 0.5050207376480103; 0.3161458969116211; -0.3202846348285675; 1.182222604751587; 0.1892894208431244; 
100; -0.2188347578048706; 0.4538922905921936; 0.7136999368667603; -0.22089500725269318; 1.1538002490997314; 0.19421666860580444; 
93; -0.278242826461792; 0.6139294505119324; 0.5974445343017578; -0.14156262576580048; 1.2690473794937134; 0.22591352462768555; 
106; -0.9132959842681885; 0.5187458395957947; 0.4486406743526459; -0.20668910443782806; 1.4868501424789429; 0.24507485330104828; 
101; -0.20860061049461365; 0.41119930148124695; 0.6420814990997314; -0.25208067893981934; 1.1997816562652588; 0.22223302721977234; 
103; -0.3156387209892273; 0.7573505640029907; 0.2703772187232971; -0.2146332561969757; 1.1750518083572388; 0.18051031231880188; 
104; -0.16587907075881958; 0.6512143611907959; 0.42662084102630615; -0.1417580246925354; 1.2935017347335815; 0.025977015495300293; 
102; -0.5413957238197327; 0.6601550579071045; 0.4109984338283539; -0.07298046350479126; 1.3239879608154297; 0.23186317086219788; 
111; -0.5677813291549683; 0.4416903853416443; 0.3744754493236542; -0.2113484889268875; 1.2300238609313965; 0.18491283059120178; 
107; -0.0011379718780517578; 0.5443684458732605; 0.4539353847503662; -0.23223674297332764; 1.36142897605896; 0.1830172836780548; 
118; -0.38859790563583374; 0.7563894987106323; 0.4042487144470215; -0.2838764786720276; 1.1849573850631714; 0.10858672112226486; 
112; -0.46105802059173584; 0.23187804222106934; -0.21529942750930786; -0.25039568543434143; 1.209534764289856; 0.018371209502220154; 
109; -0.39974159002304077; 0.4987325966358185; 0.5073049068450928; -0.19533856213092804; 1.3264846801757812; 0.1262328177690506; 
120; -0.3260987102985382; 0.6684317588806152; 0.18757185339927673; -0.2443944811820984; 1.332605004310608; 0.13368947803974152; 
105; -0.1797095239162445; 0.4105221927165985; 0.38366395235061646; -0.3163537383079529; 1.1717206239700317; 0.10066854953765869; 
114; -0.7130313515663147; 0.6066480278968811; 0.22797781229019165; -0.17811058461666107; 1.2885160446166992; 0.3017174005508423; 
110; -0.07168900966644287; 0.4611889123916626; 0.2549373507499695; -0.16811154782772064; 1.3844642639160156; 0.29965412616729736; 
123; -0.5754538178443909; 0.5225472450256348; 0.578563392162323; -0.2450990378856659; 1.1420968770980835; 0.0834893137216568; 
113; -0.4322263300418854; 0.41842639446258545; 0.5417568683624268; -0.2834645211696625; 1.2490133047103882; 0.22000998258590698; 
119; -0.8102830648422241; 0.49016597867012024; 0.14973129332065582; -0.30769091844558716; 1.143338680267334; 0.11084648221731186; 
117; -0.5148157477378845; 0.4968849718570709; -0.01586151123046875; -0.2482166290283203; 1.196840763092041; 0.24508628249168396; 
126; -0.9652566313743591; 0.7022536993026733; 0.27162933349609375; -0.31599995493888855; 1.153108835220337; 0.15496578812599182; 
125; -0.6166908144950867; 1.0492368936538696; 0.4826100170612335; -0.16589704155921936; 1.2937028408050537; 0.30238428711891174; 
116; -0.3614109754562378; 0.6450918316841125; 0.5328789949417114; -0.19923296570777893; 1.2855050563812256; 0.007778823375701904; 
108; -0.5209616422653198; 0.7549431324005127; 0.4477887749671936; -0.2808012366294861; 1.2648000717163086; 0.1722138524055481; 
135; -0.4458920359611511; 0.5566408634185791; 0.3222821056842804; -0.20679518580436707; 1.2840791940689087; 0.14999066293239594; 
121; -0.5144864320755005; 0.3998321294784546; 0.04563266038894653; -0.4004836976528168; 1.2244477272033691; 0.1144290566444397; 
127; -0.9310426115989685; 0.4232708811759949; 0.22021923959255219; -0.2194114774465561; 1.202940583229065; 0.18875740468502045; 
128; -0.4840049743652344; 0.5474529266357422; -0.005601972341537476; -0.28966766595840454; 1.2147259712219238; 0.15050244331359863; 
130; -0.5367531180381775; 0.7379997372627258; 0.317518025636673; -0.23222769796848297; 1.2260318994522095; 0.06906753778457642; 
136; -0.5911524295806885; 0.6323074102401733; 0.5637585520744324; -0.1862667053937912; 1.3044312000274658; 0.10142655670642853; 
124; -0.4972066879272461; 0.7049673795700073; 0.42839932441711426; -0.11206252872943878; 1.2593830823898315; 0.08275406807661057; 
142; -0.21966955065727234; 0.6573399901390076; 0.5476127862930298; -0.31141528487205505; 1.1986993551254272; 0.23025093972682953; 
122; -0.28695154190063477; 0.480779230594635; 0.1393619179725647; -0.26475661993026733; 1.2857393026351929; 0.1765277236700058; 
132; -0.09259605407714844; 0.306426465511322; 0.07898232340812683; -0.27907606959342957; 1.456612467765808; 0.19738301634788513; 
115; -0.32210737466812134; 0.39577385783195496; 0.3976931869983673; -0.2449198216199875; 1.3481183052062988; 0.2733041048049927; 
131; -0.36723068356513977; 0.43858039379119873; 0.5332908630371094; -0.1525348424911499; 1.166909098625183; 0.19023378193378448; 
143; -0.46163061261177063; 0.2855260968208313; 0.33334046602249146; -0.1685098111629486; 1.1272023916244507; 0.22606201469898224; 
141; -0.26990577578544617; 0.45646798610687256; 0.36391907930374146; -0.16233789920806885; 1.2602293491363525; 0.27296915650367737; 
134; -0.4851379096508026; 0.28303444385528564; 0.5468633770942688; -0.26177436113357544; 1.260749340057373; 0.15124087035655975; 
138; -0.19121286273002625; 0.5620912909507751; 0.3839529752731323; -0.14140774309635162; 1.2661348581314087; 0.1927526742219925; 
140; -0.2650218605995178; 0.6839975714683533; 0.15908870100975037; -0.37044596672058105; 1.3787386417388916; 0.22490906715393066; 
151; 0.08419707417488098; 0.8632118701934814; 0.6413707137107849; -0.2557843327522278; 1.3919172286987305; 0.3502862751483917; 
137; -0.4677940607070923; 0.6146302223205566; 0.3495235741138458; -0.22306935489177704; 1.283095359802246; 0.16992473602294922; 
139; -0.21528607606887817; 0.5133441686630249; 0.28569650650024414; -0.16350428760051727; 1.320950984954834; 0.08653987944126129; 
153; -0.691493570804596; 0.49038881063461304; 0.40304750204086304; -0.19658976793289185; 1.149651288986206; 0.25145721435546875; 
145; -0.37167638540267944; 0.7365551590919495; 0.43790531158447266; -0.1923082023859024; 1.139626383781433; 0.24664990603923798; 
133; -0.5535509586334229; 0.2895246148109436; 0.16680701076984406; -0.31276485323905945; 1.2195630073547363; 0.23909345269203186; 
150; 0.07963567972183228; 0.4956373870372772; 0.3551194667816162; -0.2273542284965515; 1.3970324993133545; 0.21037070453166962; 
148; -0.20024913549423218; 0.5439537763595581; 0.37021753191947937; -0.13543276488780975; 1.2131145000457764; 0.19975842535495758; 
144; -0.38560259342193604; 0.6212043762207031; 0.2741175591945648; -0.17916226387023926; 1.3367221355438232; 0.23429051041603088; 
129; -0.8622245788574219; 0.4171125590801239; 0.18183186650276184; -0.24881449341773987; 1.3190711736679077; 0.16962698101997375; 
157; -0.3456684350967407; 0.4547216594219208; 0.05521228909492493; -0.2835731506347656; 1.219290852546692; 0.18898916244506836; 
152; -0.31119605898857117; 0.739507794380188; 0.126347154378891; -0.3092215657234192; 1.2048808336257935; 0.08333078026771545; 
163; -0.364602655172348; 0.30608856678009033; 0.22898364067077637; -0.35368484258651733; 1.4036113023757935; 0.13253779709339142; 
155; -0.3911411464214325; 0.3850207030773163; 0.5175759196281433; -0.27363789081573486; 1.2765352725982666; 0.2525748014450073; 
149; -0.4077330529689789; 0.45559436082839966; 0.6160026788711548; -0.2926425337791443; 1.2969590425491333; 0.20533394813537598; 
156; -0.26513880491256714; 0.565369725227356; 0.11747857928276062; -0.17869651317596436; 1.3118324279785156; 0.1228354275226593; 
147; -0.3732061982154846; 0.6521391868591309; 0.4939298629760742; -0.20109759271144867; 1.3744364976882935; 0.18124601244926453; 
146; -0.45025646686553955; 0.600728452205658; 0.10804158449172974; -0.16465553641319275; 1.2800250053405762; 0.18764200806617737; 
159; -0.24685359001159668; 0.2914663255214691; 0.40390241146087646; -0.22931928932666779; 1.3141685724258423; 0.10935964435338974; 
162; -0.28211545944213867; 0.5877675414085388; 0.3741622269153595; -0.2049512416124344; 1.2171735763549805; 0.15175685286521912; 
154; -0.14703220129013062; 0.5647128820419312; 0.47192639112472534; -0.2004317343235016; 1.4056384563446045; 0.3527781069278717; 
165; -0.6594349145889282; 0.5095452666282654; 0.11774736642837524; -0.2225414663553238; 1.2602062225341797; 0.17421692609786987; 
164; -0.29255640506744385; 0.835383415222168; 0.2249067723751068; -0.21831870079040527; 1.385042667388916; 0.10513118654489517; 
158; -0.04549792408943176; 0.38087567687034607; 0.335330069065094; -0.2201511114835739; 1.4806036949157715; 0.15901942551136017; 
170; -0.6130776405334473; 0.8285425901412964; 0.5112958550453186; -0.2611216902732849; 1.3927667140960693; 0.07713733613491058; 
167; -0.306914746761322; 0.5882461667060852; 0.45259228348731995; -0.29238754510879517; 1.3217660188674927; 0.20172835886478424; 
176; -0.271522581577301; 0.6037956476211548; 0.25372314453125; -0.20837897062301636; 1.1187652349472046; 0.2098759263753891; 
174; -0.32096755504608154; 0.8278948068618774; 0.38970494270324707; -0.2219543755054474; 1.3340654373168945; 0.1319824904203415; 
177; -0.3015095591545105; 0.7639098763465881; 0.3863157629966736; -0.28444188833236694; 1.3315249681472778; 0.18273505568504333; 
172; -0.3872493505477905; 0.6211052536964417; 0.2719062268733978; -0.2263271063566208; 1.210815668106079; 0.21690881252288818; 
168; -0.3736467957496643; 0.7963230609893799; 0.6628032922744751; -0.12901119887828827; 1.236269474029541; 0.19696255028247833; 
160; -0.3717331290245056; 0.34517163038253784; 0.2861962914466858; -0.18721243739128113; 1.2600072622299194; 0.2191280573606491; 
166; -0.41047757863998413; 0.2986077666282654; 0.4718815088272095; -0.38356906175613403; 1.283935546875; 0.16898901760578156; 
171; -0.39106327295303345; 0.44003427028656006; 0.5199456214904785; -0.18485307693481445; 1.1805270910263062; 0.18881173431873322; 
179; -0.5687682628631592; 0.5858244895935059; 0.5592268109321594; -0.32538965344429016; 1.3440752029418945; 0.20721562206745148; 
161; -0.4740791320800781; 0.7826738953590393; 0.317504346370697; -0.03460322320461273; 1.2016074657440186; 0.27994757890701294; 
175; -0.5272549986839294; 0.6305981278419495; 0.07499587535858154; -0.2350299060344696; 1.1674745082855225; 0.17144852876663208; 
181; -0.19742166996002197; 0.5324503779411316; 0.21007326245307922; -0.2427321821451187; 1.3223975896835327; 0.2150321751832962; 
182; -0.1983119249343872; 0.9673985242843628; 0.7439497113227844; -0.2346183806657791; 1.2507660388946533; 0.01157119870185852; 
169; -0.9095395803451538; 0.4758962094783783; 0.3434337377548218; -0.2610265016555786; 1.2207201719284058; 0.17342858016490936; 
188; -0.16194340586662292; 0.698268473148346; 0.39339056611061096; -0.265397846698761; 1.2899938821792603; 0.12646298110485077; 
173; -0.12937498092651367; 0.6726268529891968; 0.45079827308654785; -0.23222148418426514; 1.3171461820602417; 0.028397753834724426; 
184; -0.5996707677841187; 0.45368263125419617; 0.44954583048820496; -0.23606804013252258; 1.251085638999939; 0.14487671852111816; 
180; 0.05209583044052124; 0.426261842250824; 0.6024579405784607; -0.2965261936187744; 1.3093775510787964; 0.06296829879283905; 
193; -0.5487921237945557; 0.27142614126205444; 0.5371494293212891; -0.18777166306972504; 1.1883435249328613; 0.18721944093704224; 
185; -0.29274144768714905; 0.2763638496398926; 0.300224632024765; -0.26207101345062256; 1.0780965089797974; 0.18408310413360596; 
178; 0.07802215218544006; 0.5631482601165771; 0.12355825304985046; -0.28389424085617065; 1.2362109422683716; 0.1486140787601471; 
191; -0.5746163129806519; 0.24566501379013062; 0.21632863581180573; -0.09817196428775787; 1.2336227893829346; 0.14140501618385315; 
183; -0.369942307472229; 0.7709015011787415; 0.31995677947998047; -0.30459386110305786; 1.2763131856918335; 0.19534063339233398; 
192; -0.29692375659942627; 0.49860453605651855; 0.21639564633369446; -0.08027039468288422; 1.230141043663025; 0.072665274143219; 
200; -0.5996174216270447; 0.43020567297935486; 0.5566941499710083; -0.3466326594352722; 1.1347450017929077; 0.14258235692977905; 
190; -0.5021647214889526; 0.7067519426345825; 0.32648032903671265; -0.32138532400131226; 1.1851074695587158; 0.20129136741161346; 
199; -0.3563078045845032; 0.4366154968738556; 0.3389853835105896; -0.11011499166488647; 1.254997968673706; 0.15795965492725372; 
194; -0.3945613503456116; 0.7283029556274414; 0.3700081408023834; -0.27445584535598755; 1.2066212892532349; 0.15958331525325775; 
186; -0.3291857838630676; 0.7431265711784363; 0.4444567561149597; -0.1922580599784851; 1.273998737335205; 0.2692512273788452; 
198; -0.41152089834213257; 0.6232647895812988; 0.3821871876716614; -0.1815093606710434; 1.2194631099700928; 0.15001092851161957; 
197; -0.5498769283294678; 0.8244014978408813; 0.26083654165267944; -0.36561888456344604; 1.1441375017166138; 0.03588049113750458; 
196; -0.2829830050468445; 0.5264406204223633; 0.20756895840168; -0.24878661334514618; 1.3232331275939941; 0.08795665949583054; 
189; -0.23907196521759033; 0.5019463300704956; 0.2890414595603943; -0.2801068425178528; 1.2784616947174072; 0.1106017604470253; 
195; -0.5538887977600098; 0.7441017031669617; 0.520715594291687; -0.26140594482421875; 1.238386631011963; 0.10880344361066818; 
187; -0.45777732133865356; 0.7720738053321838; 0.19099462032318115; -0.04557354748249054; 1.177308201789856; 0.19040243327617645; 
