3; -1.211502194404602; 0.08219054341316223; -0.6178483963012695; -0.48431122303009033; 0.8896562457084656; -0.2289966344833374; 
1; -1.1911232471466064; -0.15274524688720703; -0.44081783294677734; -0.5977448225021362; 0.9231421947479248; -0.12289920449256897; 
4; -1.3046152591705322; -0.3217778503894806; -0.23924897611141205; -0.5138656497001648; 1.023685336112976; -0.20201528072357178; 
6; -1.1208974123001099; 0.008715599775314331; -0.4870452284812927; -0.5217697024345398; 0.8642035126686096; -0.16249418258666992; 
9; -1.2517781257629395; -0.08837626874446869; -0.45907062292099; -0.397091805934906; 0.8919177055358887; -0.12446315586566925; 
5; -1.7323250770568848; -0.03566983342170715; -0.2791665196418762; -0.6051273941993713; 0.9759250283241272; -0.21977311372756958; 
10; -1.3226604461669922; -0.35026830434799194; -0.9262092113494873; -0.607250452041626; 0.8260676860809326; -0.22528083622455597; 
2; -1.7925910949707031; 0.02710816264152527; -0.5321158170700073; -0.5562217831611633; 0.7891740798950195; -0.20518505573272705; 
15; -2.0052340030670166; -0.15440604090690613; -0.2541511654853821; -0.5660709738731384; 0.8310193419456482; -0.1865871697664261; 
8; -1.2516577243804932; -0.551332414150238; -0.6038996577262878; -0.5716634392738342; 1.0577882528305054; -0.23020794987678528; 
11; -1.4751794338226318; -0.4003579318523407; -0.3152344226837158; -0.4399521052837372; 0.7525697946548462; -0.21561096608638763; 
7; -1.865775465965271; -0.05050720274448395; -0.18416841328144073; -0.44364339113235474; 0.9302541017532349; -0.11066377907991409; 
13; -1.2867093086242676; -0.3671838045120239; 0.12589794397354126; -0.6140344738960266; 0.9739159345626831; -0.0915103629231453; 
26; -1.3791656494140625; -0.008773654699325562; -0.38262414932250977; -0.5850098729133606; 0.8557044267654419; -0.12342234700918198; 
14; -1.3475126028060913; -0.39805638790130615; -0.2354433238506317; -0.4842056632041931; 0.8453145027160645; -0.24836990237236023; 
19; -1.551183819770813; -0.35185006260871887; -0.4075874090194702; -0.4895392656326294; 1.0812764167785645; -0.08390016853809357; 
20; -1.150403380393982; -0.07252584397792816; -0.4013349711894989; -0.4360724687576294; 0.968943178653717; -0.10568677634000778; 
16; -1.465688705444336; 0.0033355355262756348; -0.44159743189811707; -0.5659254193305969; 1.0138896703720093; -0.14290232956409454; 
24; -1.2513072490692139; -0.156023308634758; -0.36204198002815247; -0.5637780427932739; 0.8947228789329529; -0.07669378072023392; 
18; -1.5719096660614014; -0.23474343121051788; -1.1145259141921997; -0.5724934935569763; 0.8899794816970825; -0.17607735097408295; 
38; -1.1279470920562744; 0.05245780944824219; -0.4477570056915283; -0.5029748678207397; 1.0658109188079834; -0.22223490476608276; 
25; -1.1904871463775635; -0.024665147066116333; -0.713713526725769; -0.6052833199501038; 0.8542702198028564; -0.304485559463501; 
23; -1.08250093460083; -0.2599293291568756; -0.45690563321113586; -0.5351952314376831; 1.0684709548950195; -0.04878189414739609; 
17; -1.2843127250671387; 0.0195046067237854; -0.5944280624389648; -0.5343266725540161; 0.8371451497077942; -0.06780099123716354; 
22; -1.3727689981460571; -0.3749080002307892; -0.6098991632461548; -0.46412408351898193; 0.7550326585769653; -0.13497470319271088; 
36; -1.3432024717330933; -0.1366765946149826; -0.4267798960208893; -0.42986756563186646; 0.806569516658783; -0.14569130539894104; 
32; -1.1436771154403687; -0.38073182106018066; -0.38562220335006714; -0.5272083282470703; 0.8974294662475586; -0.29587775468826294; 
28; -1.2356995344161987; -0.07849982380867004; -0.2941437363624573; -0.5220369100570679; 0.8468978404998779; -0.2617514133453369; 
27; -1.7148972749710083; -0.05002790689468384; -0.39733171463012695; -0.31509119272232056; 1.0331380367279053; -0.06010653078556061; 
30; -1.1498310565948486; -0.40956589579582214; -0.6799211502075195; -0.41265687346458435; 1.0613653659820557; -0.05983968824148178; 
37; -1.8983451128005981; -0.19104637205600739; -0.4498390555381775; -0.5751856565475464; 0.8677144050598145; -0.01387166976928711; 
31; -1.2146074771881104; -0.014241784811019897; -0.53453528881073; -0.6305688619613647; 0.9311802387237549; -0.25928932428359985; 
21; -1.1654119491577148; -0.4109513759613037; -0.24337926506996155; -0.5403294563293457; 0.8497810363769531; -0.07025864720344543; 
49; -1.3808581829071045; 0.049905866384506226; -0.3519212007522583; -0.5840672254562378; 1.0078006982803345; -0.051207028329372406; 
48; -1.5250370502471924; -0.12438078224658966; -0.09187544882297516; -0.5254782438278198; 0.9954100847244263; -0.22882121801376343; 
39; -1.49712073802948; -0.3686271905899048; -0.3799571394920349; -0.5099674463272095; 0.9260652661323547; -0.13550089299678802; 
34; -1.1849220991134644; -0.001379549503326416; -0.3510400652885437; -0.5646346211433411; 0.8849294781684875; -0.1879556030035019; 
46; -1.8280647993087769; -0.16880005598068237; 0.031011492013931274; -0.5906614065170288; 0.9499577283859253; -0.16159462928771973; 
33; -1.277194619178772; -0.08479781448841095; -0.2555672824382782; -0.5853068232536316; 0.8746642470359802; -0.12456217408180237; 
35; -1.383272647857666; 0.10747703909873962; -0.4372623860836029; -0.376420259475708; 0.9633054733276367; -0.21317869424819946; 
47; -1.2541700601577759; -0.09349527955055237; -0.23353973031044006; -0.48584017157554626; 0.863912045955658; -0.18199998140335083; 
29; -1.1050872802734375; -0.25951600074768066; -0.24722492694854736; -0.4698696732521057; 1.0042823553085327; -0.15383948385715485; 
51; -1.230271339416504; -0.08729276061058044; -0.6222965717315674; -0.46621406078338623; 0.8607462644577026; -0.12424582242965698; 
44; -1.197928786277771; 0.014815807342529297; -0.20905257761478424; -0.4844515025615692; 0.9649247527122498; -0.12697312235832214; 
41; -1.4980000257492065; -0.0759926438331604; -0.24628756940364838; -0.5976579785346985; 0.7148303389549255; -0.1439809650182724; 
42; -1.5781443119049072; -0.30416181683540344; -0.7119784355163574; -0.4806653559207916; 0.8671681880950928; -0.18725913763046265; 
52; -1.10356605052948; -0.05291375517845154; -0.4941866993904114; -0.43901705741882324; 0.9554640650749207; -0.10583183169364929; 
54; -1.3443406820297241; -0.26025933027267456; -0.42009395360946655; -0.522202730178833; 0.8847571611404419; -0.18113312125205994; 
40; -1.5833182334899902; -0.1541944444179535; -0.48676738142967224; -0.4691110849380493; 0.8280655741691589; -0.10259132832288742; 
61; -1.2136579751968384; -0.43932080268859863; -0.2237638235092163; -0.6764371395111084; 0.9657142162322998; -0.15980744361877441; 
57; -1.2513654232025146; -0.33358797430992126; -0.4316560924053192; -0.5487940907478333; 0.949824869632721; -0.11976376920938492; 
53; -1.2280592918395996; -0.446471631526947; -0.48565107583999634; -0.41000476479530334; 0.9944900274276733; -0.18162193894386292; 
45; -1.3950512409210205; 0.020030945539474487; -0.4151056706905365; -0.5357311964035034; 0.8305804133415222; -0.1354747861623764; 
62; -1.1004199981689453; -0.1564333438873291; -0.3784908056259155; -0.5007187724113464; 0.9384890794754028; -0.09005366265773773; 
43; -1.247973918914795; -0.10820335149765015; -0.17690712213516235; -0.5882896184921265; 0.814092218875885; -0.26553478837013245; 
56; -1.5632481575012207; -0.473264217376709; -0.6017165780067444; -0.5470333695411682; 0.9492070078849792; -0.1301855444908142; 
63; -1.4156674146652222; 0.1083463728427887; -0.2564203143119812; -0.6297532320022583; 1.1003687381744385; -0.12690410017967224; 
59; -1.4831546545028687; -0.25569233298301697; -0.3921404182910919; -0.5936002135276794; 1.0458590984344482; -0.14735256135463715; 
58; -1.1738262176513672; -0.25007909536361694; -0.3580906093120575; -0.6920394897460938; 0.9081544876098633; -0.22178032994270325; 
60; -1.6639201641082764; -0.24910035729408264; -0.1320810317993164; -0.6188352108001709; 0.9748312830924988; -0.09127318859100342; 
12; -1.304675579071045; -0.02938947081565857; -0.47529590129852295; -0.5739113688468933; 0.8197621703147888; 0.015817314386367798; 
72; -1.670856237411499; -0.40015798807144165; -0.678541362285614; -0.5675713419914246; 0.8975167274475098; -0.2695503234863281; 
64; -1.2179372310638428; -0.06143215298652649; -0.457929790019989; -0.583855926990509; 0.9888084530830383; -0.12162056565284729; 
50; -1.1267449855804443; 0.00835561752319336; -0.4618442952632904; -0.6667572259902954; 0.9252200126647949; -0.10135234147310257; 
65; -1.1846098899841309; 0.003910064697265625; -0.39541423320770264; -0.5231963396072388; 1.0223920345306396; -0.28373557329177856; 
70; -1.4627364873886108; 0.0028756558895111084; -0.8459969758987427; -0.5784381628036499; 0.8284704685211182; -0.18556907773017883; 
73; -1.3510252237319946; -0.4263688921928406; -0.035608500242233276; -0.546350359916687; 0.9681138396263123; -0.1437389850616455; 
75; -1.1949431896209717; -0.39904654026031494; -0.6278102397918701; -0.42433789372444153; 1.1589237451553345; -0.06733763217926025; 
66; -1.668726921081543; -0.24204041063785553; -0.605747640132904; -0.652777910232544; 0.9833945631980896; -0.09252955764532089; 
69; -1.2279725074768066; -0.02421194314956665; -0.6330099105834961; -0.4485490322113037; 0.8754425048828125; 0.05726394057273865; 
76; -1.2598458528518677; -0.16226263344287872; -0.21934497356414795; -0.5926744937896729; 0.9153185486793518; -0.09026618301868439; 
68; -1.0913300514221191; -0.26509806513786316; -0.3711564838886261; -0.5560080409049988; 1.0955032110214233; -0.19745229184627533; 
55; -1.777195692062378; 0.12789863348007202; -0.39891812205314636; -0.7089525461196899; 0.9258291721343994; -0.07559073716402054; 
71; -1.7436611652374268; -0.04604673385620117; -0.400063693523407; -0.6149342060089111; 0.7916824221611023; -0.09336292743682861; 
80; -0.9281174540519714; -0.06525389850139618; -0.15781931579113007; -0.5278582572937012; 0.9368842840194702; -0.1695723831653595; 
79; -1.1641719341278076; -0.16981646418571472; -0.3717465102672577; -0.6174100637435913; 0.9655656218528748; 0.044788897037506104; 
83; -1.157287359237671; -0.07403035461902618; -0.4751679301261902; -0.4471621811389923; 0.9617854952812195; -0.02922539785504341; 
78; -1.3452306985855103; -0.5983171463012695; -0.060162514448165894; -0.35298866033554077; 0.8778253197669983; -0.19983725249767303; 
89; -1.457719326019287; -0.12260264158248901; -0.4422328770160675; -0.47116756439208984; 1.0204349756240845; -0.1249818280339241; 
77; -1.3181281089782715; -0.18922357261180878; -0.3559103012084961; -0.4358954429626465; 0.9677297472953796; -0.11995475739240646; 
82; -1.827483892440796; -0.2896178960800171; -0.2563844621181488; -0.5994620323181152; 0.9552258253097534; -0.10528739541769028; 
90; -1.1018660068511963; -0.5021593570709229; -0.2383626103401184; -0.47245264053344727; 0.8437837958335876; -0.05359700322151184; 
74; -1.365734338760376; -0.04689893126487732; -0.45533236861228943; -0.6338911652565002; 0.9851047396659851; -0.1718938648700714; 
84; -1.5043296813964844; -0.13183142244815826; -0.4724937081336975; -0.5700374841690063; 0.9491281509399414; -0.15387630462646484; 
88; -1.7406628131866455; -0.18088974058628082; -0.5511127710342407; -0.47855931520462036; 1.0042399168014526; -0.05001203715801239; 
67; -1.4701977968215942; -0.30764102935791016; -0.13219089806079865; -0.4921870827674866; 0.9100730419158936; -0.21390759944915771; 
87; -1.4147913455963135; -0.08761250972747803; -0.20385700464248657; -0.5828887224197388; 1.1326086521148682; -0.09031810611486435; 
81; -1.031086802482605; 0.06155425310134888; -0.522783637046814; -0.5418732166290283; 1.0215543508529663; -0.18396106362342834; 
85; -1.120983362197876; -0.1824083924293518; -0.6407405734062195; -0.5437571406364441; 0.9179608225822449; -0.2072606086730957; 
98; -1.4425327777862549; -0.43149232864379883; -0.4477860629558563; -0.6192787289619446; 0.9617287516593933; -0.1796964555978775; 
94; -0.9643654823303223; -0.30879610776901245; -0.32317569851875305; -0.46728450059890747; 0.9154065251350403; -0.28084874153137207; 
91; -1.3538737297058105; 0.13988327980041504; -0.36983156204223633; -0.5708338022232056; 0.8688058853149414; -0.19007474184036255; 
86; -1.6757314205169678; 0.09307432174682617; -0.6532825827598572; -0.4718066453933716; 0.958135724067688; -0.2144303172826767; 
96; -1.4691030979156494; -0.24901928007602692; -0.4903718829154968; -0.6250001788139343; 0.8146640062332153; -0.1519370973110199; 
97; -1.7043300867080688; -0.11494842171669006; -0.4948074221611023; -0.5622916221618652; 0.8218441605567932; -0.10283749550580978; 
95; -1.0972142219543457; -0.3955756425857544; -0.08797553181648254; -0.5851805210113525; 1.0060992240905762; -0.12261079251766205; 
92; -1.2365028858184814; -0.11126410961151123; -0.3361499607563019; -0.5300540924072266; 0.7513933181762695; -0.15036672353744507; 
99; -1.2896445989608765; -0.27260464429855347; -0.318167120218277; -0.5703927278518677; 0.8697367906570435; -0.08952371776103973; 
100; -1.1170616149902344; -0.22104227542877197; -0.09919428825378418; -0.5086113214492798; 0.8303453326225281; -0.1284293532371521; 
93; -1.3151984214782715; -0.07412388920783997; -0.16762009263038635; -0.4438786208629608; 0.945872962474823; -0.09049054980278015; 
101; -0.9198225140571594; -0.17474627494812012; 0.02541518211364746; -0.5025819540023804; 0.9003278017044067; -0.008229076862335205; 
106; -2.0865113735198975; -0.1452694982290268; -0.31110885739326477; -0.51557457447052; 1.1025930643081665; -0.0582001730799675; 
103; -1.231467604637146; 0.08716633915901184; -0.48529911041259766; -0.49046266078948975; 0.8627727627754211; -0.07960313558578491; 
104; -1.0257468223571777; -0.08548954129219055; -0.3535749018192291; -0.5090411305427551; 0.931172251701355; -0.3024895191192627; 
102; -1.7068959474563599; -0.13759952783584595; -0.4886015057563782; -0.4248364567756653; 0.9543987512588501; -0.12606775760650635; 
111; -1.657855749130249; -0.4028121829032898; -0.4922996461391449; -0.5319569706916809; 0.8842177987098694; -0.11910766363143921; 
107; -0.8402740955352783; -0.21166203916072845; -0.2491474151611328; -0.5439394116401672; 1.0106252431869507; -0.12539494037628174; 
118; -1.5192337036132812; 0.009357839822769165; -0.343655526638031; -0.5922791361808777; 0.8334776759147644; -0.22558318078517914; 
109; -1.4180511236190796; -0.24924062192440033; -0.3305765390396118; -0.4866766333580017; 0.9741944670677185; -0.2158372551202774; 
112; -1.1271058320999146; -0.31063586473464966; -0.8680751323699951; -0.5398737192153931; 1.0074281692504883; -0.20037254691123962; 
120; -1.172281265258789; 0.003159075975418091; -0.5464272499084473; -0.5145210027694702; 1.032278060913086; -0.12629032135009766; 
114; -1.670413613319397; -0.06525114178657532; -0.5043548941612244; -0.4684218466281891; 0.9611973762512207; -0.00938078761100769; 
105; -0.8254863023757935; -0.1927136331796646; -0.22341834008693695; -0.590389609336853; 0.9532541632652283; -0.147951140999794; 
110; -1.0560576915740967; -0.41582372784614563; -0.5309090614318848; -0.564591109752655; 1.002626895904541; -0.033879607915878296; 
113; -1.3067501783370972; -0.34337055683135986; -0.06690901517868042; -0.5838441848754883; 0.9409230351448059; -0.047040052711963654; 
123; -1.4269553422927856; -0.16510140895843506; -0.2555147111415863; -0.5579180717468262; 0.8473684787750244; -0.22476574778556824; 
117; -1.4151325225830078; -0.15058523416519165; -0.6766347885131836; -0.5339756608009338; 0.8617281913757324; -0.000698573887348175; 
116; -1.3818693161010742; -0.20959921181201935; -0.20019854605197906; -0.5537588000297546; 0.9412060976028442; -0.28468790650367737; 
119; -1.7121384143829346; -0.1534741073846817; -0.5254399180412292; -0.5531659126281738; 0.8546584844589233; -0.1904139220714569; 
126; -2.0327000617980957; 0.06212639808654785; -0.49226289987564087; -0.5826131701469421; 0.875686526298523; -0.14906999468803406; 
108; -1.4747061729431152; -0.10026752948760986; -0.35209569334983826; -0.6427246332168579; 0.9459299445152283; -0.1592075526714325; 
125; -1.676929235458374; 0.2743378281593323; -0.29010143876075745; -0.5289406180381775; 0.9344848990440369; -0.054675355553627014; 
121; -1.226871132850647; -0.13577094674110413; -0.5960416197776794; -0.628365159034729; 0.9642645120620728; -0.12611186504364014; 
135; -1.5092811584472656; -0.27944985032081604; -0.5313345789909363; -0.565193235874176; 0.8904807567596436; -0.198974609375; 
127; -2.153107166290283; -0.3943069875240326; -0.5683693289756775; -0.5493489503860474; 0.8710987567901611; -0.10342070460319519; 
124; -1.6258435249328613; -0.02411055564880371; -0.45807361602783203; -0.47238755226135254; 0.8717357516288757; -0.236359640955925; 
130; -1.6427316665649414; 0.028571724891662598; -0.522634744644165; -0.5699719190597534; 0.8694604635238647; -0.21391160786151886; 
122; -1.1975963115692139; -0.2077668309211731; -0.6845603585243225; -0.5852288007736206; 0.9713637828826904; -0.12182522565126419; 
128; -1.4435932636260986; -0.09216737747192383; -0.7686693072319031; -0.5770679712295532; 0.911471962928772; -0.14192265272140503; 
136; -1.5434292554855347; -0.16824540495872498; -0.13176289200782776; -0.4890115261077881; 0.942374050617218; -0.16381433606147766; 
132; -0.9707516431808472; -0.4785923659801483; -0.7342069149017334; -0.5798108577728271; 1.081142783164978; -0.10452072322368622; 
142; -1.1216082572937012; 0.0711146891117096; -0.13605238497257233; -0.5519149303436279; 0.8719196319580078; -0.02522812783718109; 
115; -1.3037060499191284; -0.2918933033943176; -0.3070637285709381; -0.5472123026847839; 0.9869194030761719; -0.03908181190490723; 
131; -1.1114180088043213; -0.24015314877033234; -0.19284720718860626; -0.45201075077056885; 0.8398644924163818; -0.07003551721572876; 
138; -1.1143264770507812; -0.33407333493232727; -0.36206984519958496; -0.475938618183136; 0.8914167284965515; -0.07887077331542969; 
141; -1.1878005266189575; -0.29728424549102783; -0.38664600253105164; -0.5065339803695679; 0.8777531981468201; -0.04215971380472183; 
140; -1.2923802137374878; -0.03328695893287659; -0.6957558989524841; -0.7056771516799927; 0.9696736335754395; -0.06192526966333389; 
143; -1.4163678884506226; -0.3322867155075073; -0.3703182339668274; -0.46971219778060913; 0.8018515110015869; -0.05623374134302139; 
134; -1.416901707649231; -0.4706481695175171; -0.10315170884132385; -0.532431960105896; 0.9469799995422363; -0.09084640443325043; 
137; -1.3388794660568237; -0.17295612394809723; -0.4364071488380432; -0.5320590734481812; 0.9214985370635986; -0.09005020558834076; 
139; -0.9490562081336975; -0.21172280609607697; -0.380883127450943; -0.4751410484313965; 1.0185264348983765; -0.17349225282669067; 
151; -0.8830515146255493; 0.10317721962928772; -0.2191401720046997; -0.5337223410606384; 1.0312427282333374; 0.03789722919464111; 
133; -1.3793914318084717; -0.3820835053920746; -0.5566972494125366; -0.5647408962249756; 0.933203935623169; -0.022758357226848602; 
129; -1.8189871311187744; -0.2717794179916382; -0.6435919404029846; -0.5689114332199097; 0.9944249391555786; -0.15850111842155457; 
153; -1.9213436841964722; -0.40146058797836304; -0.38640397787094116; -0.5407408475875854; 0.79637211561203; -0.07260245829820633; 
145; -1.2625713348388672; 0.041196972131729126; -0.23670059442520142; -0.49111080169677734; 0.8288847804069519; -0.050658032298088074; 
150; -1.033751368522644; -0.3655487895011902; -0.4838234782218933; -0.5748246908187866; 1.0152164697647095; -0.13290393352508545; 
148; -1.3008131980895996; -0.1562080681324005; -0.43029001355171204; -0.4150960445404053; 0.8909332156181335; -0.1561432182788849; 
144; -1.4216639995574951; -0.08604010939598083; -0.582557201385498; -0.5268073678016663; 0.9684622287750244; -0.15295349061489105; 
157; -1.504866123199463; -0.33458951115608215; -0.950455904006958; -0.6469050645828247; 0.8865722417831421; -0.18866769969463348; 
156; -1.1750483512878418; -0.15608899295330048; -0.6276350021362305; -0.5281948447227478; 0.9932582378387451; -0.1789129376411438; 
155; -1.2439137697219849; -0.25154921412467957; -0.16664235293865204; -0.5609567165374756; 0.9540953040122986; -0.038718849420547485; 
152; -1.2580605745315552; -0.104716956615448; -0.708289623260498; -0.6596000790596008; 0.8302517533302307; -0.23328028619289398; 
149; -1.2974132299423218; -0.28663545846939087; -0.07983922958374023; -0.5604712963104248; 1.005214810371399; -0.08910633623600006; 
147; -1.5755856037139893; -0.1964653730392456; -0.2699252963066101; -0.5509241223335266; 0.9590083956718445; -0.1687258929014206; 
163; -1.199874758720398; -0.31346648931503296; -0.4087076485157013; -0.5967723727226257; 1.110139012336731; -0.11819519102573395; 
146; -1.4757227897644043; -0.055457621812820435; -0.6620734930038452; -0.4796767234802246; 0.9843357801437378; -0.12167380005121231; 
159; -1.3505401611328125; -0.5613391399383545; -0.4327775537967682; -0.5675026178359985; 0.9704122543334961; -0.23308509588241577; 
154; -1.007939100265503; -0.114300936460495; -0.18243446946144104; -0.47745341062545776; 1.006874918937683; 0.031925708055496216; 
162; -1.2711656093597412; -0.14409032464027405; -0.5113404989242554; -0.5555208325386047; 0.8880597352981567; -0.1746392548084259; 
165; -1.6179633140563965; -0.2140120267868042; -0.7224656343460083; -0.5374263525009155; 0.9124734401702881; -0.146433487534523; 
164; -1.2440884113311768; 0.1613711416721344; -0.5223578214645386; -0.5166134834289551; 1.0393328666687012; -0.1926288604736328; 
158; -0.8526079654693604; -0.337620347738266; -0.39873653650283813; -0.5258887410163879; 1.1180353164672852; -0.13740742206573486; 
170; -1.7213915586471558; -0.040901750326156616; -0.3729730546474457; -0.6071721315383911; 1.006255865097046; -0.2593064606189728; 
176; -1.1329708099365234; -0.1020260751247406; -0.4924113154411316; -0.48995596170425415; 0.8119627237319946; -0.10084336996078491; 
167; -1.3048231601715088; -0.22820425033569336; -0.3051653504371643; -0.6557972431182861; 0.9707779884338379; -0.14197242259979248; 
174; -1.4117594957351685; -0.042368292808532715; -0.5718326568603516; -0.6245622634887695; 0.9405834674835205; -0.295190691947937; 
177; -1.3834166526794434; -0.05265110731124878; -0.553904116153717; -0.5959314107894897; 0.9752568602561951; -0.12804484367370605; 
172; -1.338653802871704; -0.1907920092344284; -0.5159961581230164; -0.5598992705345154; 0.8669623732566833; -0.07146646082401276; 
168; -1.3624494075775146; 0.0466708242893219; -0.12835901975631714; -0.48253297805786133; 0.8743789792060852; -0.17182132601737976; 
160; -1.2728040218353271; -0.3260161876678467; -0.4740256667137146; -0.4877780079841614; 0.9435940980911255; -0.09476122260093689; 
161; -1.5259580612182617; 0.07961156964302063; -0.526902437210083; -0.3449101448059082; 0.85889732837677; -0.06858795881271362; 
166; -1.360103726387024; -0.3850780725479126; -0.3159593343734741; -0.6868743896484375; 0.9470884203910828; -0.15860314667224884; 
171; -1.2895630598068237; -0.3265078365802765; -0.24566730856895447; -0.46074074506759644; 0.8451623320579529; -0.10149045288562775; 
179; -1.347211241722107; -0.08899685740470886; -0.10304783284664154; -0.5619659423828125; 1.042323350906372; -0.05804629623889923; 
175; -1.6022560596466064; -0.23136146366596222; -0.782878041267395; -0.5315213203430176; 0.8254235982894897; -0.1598542183637619; 
181; -1.254659652709961; -0.30907392501831055; -0.7196928262710571; -0.5806388258934021; 0.9197632670402527; -0.1191529780626297; 
182; -1.3092074394226074; 0.16341841220855713; -0.08751556277275085; -0.5730005502700806; 0.8605985045433044; -0.32470792531967163; 
169; -1.9602463245391846; -0.20717737078666687; -0.45982807874679565; -0.5406756401062012; 0.9127143621444702; -0.13862814009189606; 
188; -1.099537968635559; -0.02270945906639099; -0.38075077533721924; -0.5772708058357239; 0.9316050410270691; -0.13934870064258575; 
180; -0.8257739543914795; -0.3705870509147644; -0.15939970314502716; -0.6088282465934753; 0.9407054781913757; -0.261343389749527; 
173; -1.1753802299499512; -0.0717187225818634; -0.4590800702571869; -0.5948569774627686; 0.942923903465271; -0.35181042551994324; 
178; -0.7183979749679565; -0.09122191369533539; -0.6683793067932129; -0.548797070980072; 0.939677357673645; -0.09178654849529266; 
184; -1.548886775970459; -0.2440325766801834; -0.3059876561164856; -0.5942535400390625; 0.8779297471046448; -0.17886295914649963; 
185; -0.9901435375213623; -0.25768423080444336; -0.27018994092941284; -0.5202268362045288; 0.8222805261611938; -0.04364326596260071; 
193; -1.3750982284545898; -0.4212281405925751; -0.11937487125396729; -0.445941686630249; 0.8692843914031982; -0.07407635450363159; 
183; -1.3143470287322998; 0.1250813901424408; -0.422073632478714; -0.6324787139892578; 0.8968889117240906; -0.12439022213220596; 
191; -1.400771975517273; -0.47115254402160645; -0.5554643869400024; -0.36099129915237427; 0.96826171875; -0.14323343336582184; 
190; -1.4737932682037354; 0.03984984755516052; -0.30111056566238403; -0.5833587646484375; 0.9129979610443115; -0.08175802230834961; 
192; -1.1589653491973877; -0.1757076382637024; -0.5440963506698608; -0.3859066963195801; 0.9277158975601196; -0.21171405911445618; 
186; -1.5408871173858643; -0.1542855203151703; -0.5133124589920044; -0.5606354475021362; 0.8297288417816162; -0.18886473774909973; 
200; -1.5796210765838623; -0.30594396591186523; -0.08335429430007935; -0.6427486538887024; 0.8239875435829163; -0.12741701304912567; 
194; -1.1518187522888184; 0.16016769409179688; -0.2586870491504669; -0.5531161427497864; 0.975380539894104; -0.048740215599536896; 
199; -1.6161742210388184; -0.4477583169937134; -0.6393721103668213; -0.49167829751968384; 0.8678651452064514; -0.20864248275756836; 
198; -1.426897406578064; -0.0882035344839096; -0.39125633239746094; -0.46051692962646484; 0.9025411605834961; -0.14637714624404907; 
197; -1.2939567565917969; 0.24460908770561218; -0.31205493211746216; -0.6191617846488953; 0.8552639484405518; -0.1641530841588974; 
189; -1.2103030681610107; -0.31432315707206726; -0.4890271723270416; -0.6239024996757507; 0.934106707572937; -0.21070489287376404; 
196; -1.0608065128326416; -0.10324229300022125; -0.6535886526107788; -0.5184125900268555; 0.9872061610221863; -0.21812136471271515; 
195; -1.36759352684021; 0.08053785562515259; -0.11144092679023743; -0.5030844807624817; 0.9573900699615479; -0.10011617839336395; 
187; -1.1576919555664062; 0.1678098738193512; -0.4529818892478943; -0.3212306499481201; 0.9261546730995178; -0.10239441692829132; 
