0.000000000000000000e+00 1.054824374881934269e-11
4.300000000000000000e+02 1.616601027291317636e-07
1.157000000000000000e+03 2.148398630087926944e-07
3.019000000000000000e+03 8.277757142382015814e-07
4.156000000000000000e+03 1.314375504316648806e-06
4.932000000000000000e+03 1.382395227311209475e-06
5.842000000000000000e+03 1.898781562861018905e-06
7.850000000000000000e+03 1.905358632094243715e-06
8.463000000000000000e+03 2.119971666338845742e-06
9.104000000000000000e+03 2.219906774665874968e-06
1.050000000000000000e+04 2.632148556658885884e-06
1.209800000000000000e+04 2.802641424058366908e-06
1.306600000000000000e+04 3.130046219383080122e-06
1.415200000000000000e+04 3.207356554768754121e-06
1.483900000000000000e+04 3.255270901697551317e-06
1.538900000000000000e+04 6.504175526930237704e-06
1.570600000000000000e+04 6.850869937436623062e-06
1.593400000000000000e+04 7.717280360177221856e-06
1.619200000000000000e+04 8.784477820235954510e-06
1.804200000000000000e+04 1.134931399762892257e-05
1.931700000000000000e+04 1.333876649899552238e-05
2.019500000000000000e+04 1.415956832233731393e-05
2.032200000000000000e+04 1.490612119169922125e-05
2.067600000000000000e+04 1.559502363777754560e-05
2.091200000000000000e+04 1.565557767618375575e-05
2.153100000000000000e+04 1.715787716569424487e-05
2.236400000000000000e+04 1.805108291452158967e-05
2.348500000000000000e+04 1.825580209220314576e-05
2.411900000000000000e+04 1.934536171715021223e-05
2.505500000000000000e+04 1.933221314796604415e-05
2.572000000000000000e+04 1.901659126062724931e-05
2.674300000000000000e+04 1.837385238289245066e-05
2.723300000000000000e+04 1.797947407417628296e-05
2.786800000000000000e+04 1.780020945708822203e-05
2.826900000000000000e+04 1.739586573707118240e-05
2.974400000000000000e+04 1.672731842398035375e-05
3.000000000000000000e+04 1.590684260021972993e-05
