0.000000000000000000e+00 1.537848924047320519e-12
5.680000000000000000e+02 5.267244195173072110e-08
1.337000000000000000e+03 9.119624724405668916e-08
1.896000000000000000e+03 1.074890681468998511e-07
2.388000000000000000e+03 1.292308015285392090e-07
3.365000000000000000e+03 1.938517431913826493e-07
4.511000000000000000e+03 2.097515080273058538e-07
4.987000000000000000e+03 2.408951524537038110e-07
5.838000000000000000e+03 3.221873175196988749e-07
6.652000000000000000e+03 3.303124260933399175e-07
7.092000000000000000e+03 3.465665580568503306e-07
8.642000000000000000e+03 3.698879338013141371e-07
9.770000000000000000e+03 3.924587474403591044e-07
1.051200000000000000e+04 4.002607672148901296e-07
1.138000000000000000e+04 4.119205955129915679e-07
1.171400000000000000e+04 4.309382486814581928e-07
1.258500000000000000e+04 4.422040843793148739e-07
1.318400000000000000e+04 4.950104108187880928e-07
1.406200000000000000e+04 5.283544371153656669e-07
1.438400000000000000e+04 5.516239328378830144e-07
1.540200000000000000e+04 5.827841855556724287e-07
1.606900000000000000e+04 8.108146712238031470e-07
1.668900000000000000e+04 8.249144263385399654e-07
1.804400000000000000e+04 1.054738667702423474e-06
1.863300000000000000e+04 1.501330817764673826e-06
1.896700000000000000e+04 1.607509581543369295e-06
1.953800000000000000e+04 1.690483679118208039e-06
2.055600000000000000e+04 1.813864036723353743e-06
2.123700000000000000e+04 1.934055169923750568e-06
2.260900000000000000e+04 1.998912422223822522e-06
2.362400000000000000e+04 2.454516153489844242e-06
2.495800000000000000e+04 2.913005937989625585e-06
2.538000000000000000e+04 2.768607524401092367e-06
2.630100000000000000e+04 2.750267035397210715e-06
2.778200000000000000e+04 2.706978105846748522e-06
2.842600000000000000e+04 2.683616234749444841e-06
2.870100000000000000e+04 2.536330544362669454e-06
3.000000000000000000e+04 2.513596537073833314e-06
