58
13
6
14
65
24
17
48
30
90
64
4
15
66
19
33
93
91
99
95
26
57
68
49
92
16
60
88
23
94
32
22
40
21
20
56
18
3
89
82
39
59
37
81
97
72
29
25
70
69
67
9
27
2
63
0
43
61
35
42
10
1
8
11
98
74
12
87
75
7
55
77
47
44
51
36
73
80
38
62
85
34
83
28
76
78
50
52
46
5
53
45
96
54
84
79
41
31
86
71
163
162
176
164
111
104
171
157
103
100
106
170
112
156
107
123
145
129
122
181
121
127
161
168
114
180
148
117
169
105
110
183
102
182
185
167
195
153
197
184
188
126
128
125
133
196
165
155
174
175
186
198
108
151
173
113
142
150
109
130
124
194
132
119
118
115
149
131
193
135
137
159
101
192
166
146
120
199
147
189
144
136
139
187
116
154
143
152
172
190
160
178
134
179
158
138
140
141
191
177
249
242
280
222
219
223
281
279
282
238
251
218
217
202
215
205
248
241
250
266
234
245
212
207
214
260
206
203
265
252
216
239
231
230
232
244
228
233
267
229
276
204
246
278
236
274
247
225
227
296
270
277
297
275
224
271
273
258
289
259
292
237
257
272
288
208
287
290
285
262
295
286
213
254
200
291
220
221
255
253
264
284
243
235
201
298
240
268
283
209
294
211
263
256
269
210
261
293
299
354
316
302
353
304
305
337
385
384
301
320
386
321
322
387
309
383
326
311
303
310
339
318
325
390
338
399
307
323
382
335
334
368
355
356
331
333
360
364
373
362
361
340
314
374
351
398
380
329
300
357
391
327
388
396
369
367
330
324
352
393
371
336
348
394
328
332
350
372
346
349
347
366
392
359
379
381
306
397
344
342
389
395
358
319
365
308
315
363
312
341
376
317
377
378
370
313
343
375
345
420
403
400
401
433
402
424
422
423
404
409
453
419
407
421
408
446
405
411
410
412
476
498
469
468
475
406
494
478
449
454
472
460
459
455
471
470
495
447
467
428
448
473
474
427
488
462
450
489
487
482
429
456
413
418
416
438
426
443
483
417
439
491
425
465
431
432
493
496
461
430
466
437
481
490
492
463
451
435
485
457
436
479
445
414
440
444
477
441
442
452
458
497
480
434
415
464
486
499
484
501
500
503
502
505
504
