0.000000000000000000e+00 4.897870569418205360e-12
7.600000000000000000e+02 1.886587735739623026e-07
1.386000000000000000e+03 2.766546501120739590e-07
2.090000000000000000e+03 3.178720686790273083e-07
2.385000000000000000e+03 4.662418449418236535e-07
3.146000000000000000e+03 5.504504460030038821e-07
3.683000000000000000e+03 6.001743152604983019e-07
4.136000000000000000e+03 9.342575325412809434e-07
5.842000000000000000e+03 9.597198282064799826e-07
6.455000000000000000e+03 1.073285826143991787e-06
7.687000000000000000e+03 1.123930255810849293e-06
8.074000000000000000e+03 1.311605008884100618e-06
9.585000000000000000e+03 1.517970354848021375e-06
1.037200000000000000e+04 1.555612373859285778e-06
1.094900000000000000e+04 1.587176522751633729e-06
1.192100000000000000e+04 1.764060694809418237e-06
1.235700000000000000e+04 1.813910821907535328e-06
1.363200000000000000e+04 1.946386362572493461e-06
1.412400000000000000e+04 2.206993496204760812e-06
1.489500000000000000e+04 2.509000959766161860e-06
1.547400000000000000e+04 2.964090196667845812e-06
1.640100000000000000e+04 3.521668811912563794e-06
1.761100000000000000e+04 3.954085085412350009e-06
1.824900000000000000e+04 4.360382706097126252e-06
1.862200000000000000e+04 5.430674804137322701e-06
1.900200000000000000e+04 5.533233117763972454e-06
1.956400000000000000e+04 5.555129952101271039e-06
2.017600000000000000e+04 6.002194370861739568e-06
2.060900000000000000e+04 6.253375282690901946e-06
2.133900000000000000e+04 6.402482979949353986e-06
2.271200000000000000e+04 6.449385076533104009e-06
2.326000000000000000e+04 6.449513997800430564e-06
2.401300000000000000e+04 6.717574615789089744e-06
2.525300000000000000e+04 6.615914416665708855e-06
2.668000000000000000e+04 6.580710878933388186e-06
2.723000000000000000e+04 5.995988880850400075e-06
2.810200000000000000e+04 5.923369475625407864e-06
2.979500000000000000e+04 5.843022221421365681e-06
3.000000000000000000e+04 5.658847598111959975e-06
