4; 8203; 72.0
3; 8128; 69.0
17; 8111; 62.0
14; 8145; 60.0
15; 8347; 66.0
13; 8120; 59.0
16; 8174; 75.0
24; 8236; 64.0
25; 8115; 77.0
23; 8318; 54.0
26; 8429; 76.0
18; 7934; 73.0
20; 8147; 62.0
12; 7899; 78.0
21; 8091; 74.0
22; 8159; 61.0
19; 8032; 63.0
11; 8359; 76.0
2; 8323; 67.0
0; 8173; 68.0
1; 8142; 72.0
6; 8021; 64.0
60; 8044; 72.0
61; 7987; 79.0
65; 7975; 48.0
51; 8003; 67.0
64; 8157; 62.0
68; 8106; 65.0
66; 8197; 57.0
47; 8063; 67.0
52; 8122; 62.0
46; 8295; 61.0
67; 8217; 76.0
9; 8342; 61.0
10; 8239; 57.0
8; 8100; 70.0
45; 8203; 67.0
69; 8480; 71.0
48; 7801; 62.0
49; 8346; 62.0
55; 8127; 49.0
53; 8237; 75.0
58; 7961; 50.0
50; 8292; 61.0
7; 8374; 84.0
72; 7946; 65.0
57; 7883; 66.0
56; 8141; 69.0
70; 8161; 67.0
54; 8030; 70.0
59; 8340; 69.0
5; 8049; 68.0
62; 8023; 63.0
63; 8118; 54.0
43; 8092; 63.0
33; 8200; 62.0
81; 8379; 71.0
37; 8177; 71.0
27; 8173; 77.0
42; 7996; 87.0
29; 8384; 61.0
74; 8123; 51.0
80; 8015; 67.0
73; 8336; 62.0
78; 8020; 79.0
30; 8325; 53.0
76; 8251; 78.0
40; 8282; 62.0
32; 8444; 59.0
75; 8187; 60.0
88; 7908; 66.0
44; 8086; 56.0
89; 8189; 53.0
99; 8050; 64.0
91; 8076; 60.0
92; 8230; 64.0
93; 7981; 65.0
94; 8246; 71.0
95; 8122; 60.0
90; 8216; 57.0
97; 8324; 50.0
28; 8194; 75.0
83; 8238; 78.0
87; 8198; 63.0
79; 8161; 60.0
38; 8258; 67.0
35; 7915; 64.0
34; 8266; 74.0
85; 8160; 81.0
84; 8081; 68.0
98; 8131; 41.0
36; 8207; 67.0
96; 8478; 65.0
41; 8295; 68.0
31; 8351; 80.0
71; 8315; 62.0
86; 8092; 55.0
106; 8133; 66.0
104; 8182; 60.0
105; 8085; 76.0
110; 8277; 69.0
109; 8197; 72.0
108; 8055; 77.0
117; 8342; 64.0
111; 7991; 66.0
112; 8041; 59.0
101; 8263; 63.0
122; 8234; 67.0
121; 8197; 74.0
123; 8383; 61.0
127; 8094; 56.0
128; 8094; 78.0
126; 8304; 71.0
125; 8331; 74.0
124; 7868; 62.0
120; 8240; 74.0
118; 8148; 61.0
119; 8130; 73.0
100; 8005; 85.0
145; 8080; 65.0
133; 8101; 55.0
130; 8159; 60.0
142; 8192; 64.0
131; 8436; 79.0
132; 8175; 60.0
135; 8153; 75.0
137; 7983; 72.0
144; 8388; 65.0
139; 8059; 76.0
136; 8244; 63.0
146; 8421; 63.0
143; 8269; 68.0
163; 8003; 66.0
162; 8206; 56.0
129; 8016; 67.0
147; 8146; 58.0
156; 7951; 69.0
103; 8131; 75.0
164; 8015; 65.0
114; 8081; 68.0
115; 8065; 81.0
102; 8110; 72.0
170; 8178; 45.0
153; 8079; 72.0
167; 8072; 65.0
169; 8201; 57.0
165; 8094; 69.0
168; 8160; 70.0
159; 8229; 65.0
155; 8401; 81.0
174; 7953; 67.0
180; 8501; 71.0
154; 8160; 67.0
186; 7803; 72.0
185; 8219; 57.0
175; 8427; 75.0
183; 8145; 69.0
171; 8180; 64.0
182; 7912; 70.0
181; 8031; 60.0
166; 8226; 50.0
184; 8114; 72.0
192; 8126; 86.0
160; 7911; 65.0
152; 8313; 63.0
195; 7942; 69.0
196; 8051; 73.0
148; 8202; 74.0
197; 8113; 60.0
193; 8133; 76.0
198; 8221; 74.0
187; 8407; 61.0
158; 8303; 63.0
189; 8148; 65.0
178; 8219; 62.0
176; 7881; 58.0
134; 8143; 61.0
199; 8154; 74.0
173; 8220; 71.0
138; 8260; 63.0
151; 8182; 51.0
149; 8180; 66.0
150; 8125; 55.0
190; 8193; 73.0
140; 7995; 69.0
194; 8082; 59.0
141; 8157; 68.0
191; 8165; 62.0
177; 8177; 70.0
203; 8235; 72.0
206; 8097; 63.0
204; 8062; 81.0
202; 8009; 64.0
205; 8433; 61.0
207; 8104; 76.0
212; 8148; 61.0
218; 7872; 70.0
219; 8176; 55.0
213; 8032; 54.0
200; 8272; 75.0
217; 8160; 67.0
234; 7990; 59.0
228; 8131; 69.0
231; 8150; 62.0
215; 8181; 58.0
216; 8598; 66.0
232; 8325; 62.0
214; 8201; 67.0
229; 8273; 73.0
233; 8341; 70.0
226; 8169; 81.0
225; 8209; 58.0
227; 8281; 66.0
224; 8277; 67.0
236; 8360; 70.0
208; 8068; 55.0
201; 8119; 71.0
242; 8136; 58.0
235; 8421; 70.0
248; 8028; 75.0
245; 8223; 73.0
244; 8044; 67.0
247; 8230; 76.0
209; 8279; 67.0
246; 8266; 74.0
259; 8151; 77.0
257; 8233; 80.0
258; 8419; 72.0
260; 8119; 63.0
262; 8325; 67.0
223; 8006; 69.0
243; 8226; 73.0
222; 8224; 66.0
265; 7964; 60.0
270; 8145; 71.0
267; 8015; 63.0
266; 8059; 63.0
264; 8229; 64.0
276; 8084; 68.0
274; 8057; 70.0
275; 8236; 66.0
277; 8124; 63.0
272; 8189; 76.0
273; 8304; 67.0
241; 7944; 63.0
239; 8235; 66.0
210; 8169; 56.0
238; 8087; 53.0
289; 8073; 56.0
288; 8159; 70.0
292; 8231; 61.0
271; 8154; 70.0
297; 8312; 75.0
291; 8396; 78.0
290; 8334; 74.0
221; 8078; 69.0
255; 8378; 63.0
237; 8144; 60.0
268; 8018; 60.0
296; 8225; 70.0
254; 8376; 60.0
253; 8157; 68.0
220; 8157; 56.0
295; 8028; 71.0
286; 8011; 61.0
287; 8114; 61.0
285; 8063; 63.0
256; 8300; 59.0
240; 8267; 47.0
263; 8001; 57.0
284; 8347; 74.0
298; 8202; 71.0
249; 8201; 53.0
250; 8016; 65.0
252; 8242; 66.0
251; 7977; 56.0
294; 8099; 71.0
281; 8079; 63.0
279; 8075; 62.0
282; 8239; 62.0
280; 8385; 50.0
278; 8043; 66.0
269; 7908; 57.0
283; 8344; 66.0
261; 8239; 76.0
293; 8047; 74.0
299; 8260; 58.0
301; 8195; 85.0
302; 8234; 71.0
304; 8148; 58.0
305; 8215; 63.0
316; 8126; 69.0
300; 8420; 58.0
303; 8079; 84.0
309; 8016; 65.0
311; 8154; 66.0
310; 7963; 67.0
314; 8151; 70.0
320; 8149; 56.0
321; 8031; 69.0
318; 8306; 73.0
337; 8171; 66.0
334; 8116; 72.0
335; 8130; 69.0
354; 8057; 61.0
339; 8019; 60.0
353; 8383; 63.0
307; 8005; 57.0
338; 8074; 63.0
356; 7881; 71.0
355; 8350; 62.0
340; 8110; 58.0
359; 8097; 83.0
357; 8169; 80.0
336; 8202; 69.0
315; 8243; 64.0
308; 8224; 58.0
360; 7863; 51.0
312; 8071; 69.0
344; 8210; 68.0
367; 8153; 57.0
319; 8176; 69.0
364; 8033; 68.0
346; 7780; 73.0
366; 8217; 74.0
349; 8114; 59.0
350; 8040; 60.0
387; 8006; 83.0
385; 8375; 59.0
386; 8164; 74.0
348; 7862; 59.0
384; 8299; 61.0
374; 8051; 81.0
347; 8306; 60.0
342; 8189; 68.0
361; 8185; 61.0
373; 8253; 73.0
390; 8137; 64.0
322; 7974; 62.0
325; 8200; 76.0
358; 8297; 61.0
368; 7853; 56.0
396; 8067; 67.0
313; 8037; 65.0
323; 8206; 68.0
372; 8156; 55.0
399; 8240; 60.0
306; 8265; 48.0
369; 8090; 65.0
388; 7952; 68.0
394; 8019; 75.0
398; 8022; 56.0
392; 8187; 79.0
324; 8086; 78.0
393; 8235; 63.0
341; 8271; 64.0
331; 8075; 66.0
333; 8013; 63.0
382; 8202; 68.0
329; 8097; 69.0
332; 8367; 68.0
381; 8129; 74.0
328; 8067; 74.0
330; 8049; 58.0
327; 8236; 69.0
365; 8207; 65.0
389; 8035; 77.0
397; 8146; 52.0
395; 8213; 82.0
343; 8334; 56.0
352; 7885; 67.0
351; 8158; 62.0
371; 8028; 59.0
379; 8285; 73.0
370; 8119; 75.0
377; 8186; 73.0
376; 8003; 45.0
378; 8133; 57.0
375; 8364; 76.0
402; 8101; 71.0
400; 8007; 66.0
401; 8471; 59.0
404; 8002; 56.0
403; 8099; 61.0
412; 8211; 63.0
407; 8064; 59.0
411; 8122; 63.0
408; 8073; 59.0
409; 8185; 57.0
405; 8191; 69.0
406; 8112; 82.0
424; 8097; 65.0
423; 8063; 74.0
422; 7879; 76.0
419; 8143; 81.0
420; 8150; 56.0
410; 8266; 67.0
421; 7867; 71.0
433; 8198; 61.0
418; 7928; 68.0
413; 8087; 62.0
426; 8132; 56.0
427; 8153; 76.0
425; 8125; 67.0
417; 8077; 71.0
428; 8130; 49.0
416; 8303; 59.0
432; 7974; 55.0
431; 8037; 75.0
429; 7953; 60.0
430; 7908; 61.0
414; 8241; 64.0
449; 7921; 60.0
447; 8144; 64.0
448; 8321; 66.0
450; 8369; 71.0
454; 8275; 56.0
456; 8292; 78.0
455; 8112; 63.0
459; 8052; 62.0
437; 8105; 63.0
451; 8155; 58.0
460; 7778; 66.0
435; 8091; 76.0
468; 7866; 54.0
475; 8189; 65.0
469; 8228; 60.0
471; 8248; 78.0
462; 7904; 62.0
473; 8205; 79.0
472; 8071; 61.0
474; 8062; 74.0
467; 8368; 71.0
470; 8106; 67.0
476; 8106; 69.0
461; 8134; 60.0
465; 7945; 69.0
415; 8012; 61.0
463; 8039; 68.0
478; 8072; 75.0
434; 8048; 72.0
487; 8038; 68.0
488; 8153; 71.0
494; 7952; 70.0
489; 8188; 69.0
495; 8037; 49.0
457; 8274; 71.0
481; 8073; 68.0
483; 8056; 64.0
439; 8162; 74.0
443; 8132; 71.0
438; 8075; 69.0
482; 7963; 53.0
491; 8172; 67.0
492; 7990; 71.0
496; 7952; 68.0
490; 8152; 62.0
498; 8077; 61.0
479; 7855; 44.0
485; 8069; 61.0
453; 7854; 66.0
446; 8240; 76.0
458; 8161; 66.0
493; 8317; 67.0
466; 8242; 53.0
445; 8048; 68.0
477; 8035; 56.0
444; 8178; 78.0
440; 8320; 78.0
442; 8377; 59.0
441; 8067; 67.0
480; 8337; 67.0
452; 8280; 68.0
497; 8096; 73.0
486; 8328; 71.0
464; 8303; 51.0
484; 7823; 63.0
499; 8256; 66.0
500; 8165; 62.0
501; 8138; 65.0
503; 8009; 67.0
505; 8051; 54.0
504; 8000; 71.0
502; 8373; 67.0
