6; 0.6353188753128052; -0.828393816947937; -0.3691614866256714; -0.8513086438179016; 1.089139461517334; -0.11043988913297653; 
58; 0.7951144576072693; -0.532210648059845; 0.14666281640529633; -0.8190966844558716; 1.0529122352600098; -0.12202470004558563; 
13; 0.5739459991455078; -0.8399068713188171; 0.16789670288562775; -0.701051652431488; 1.0335370302200317; -0.07515700906515121; 
14; 1.2287348508834839; -0.6289315223693848; 0.1442212164402008; -0.704113781452179; 0.968968391418457; 0.25676587224006653; 
17; 1.1059917211532593; -0.02592899464070797; -0.07183621823787689; -0.7687093019485474; 0.8911860585212708; -0.0478564091026783; 
65; 0.9614784121513367; -0.16169409453868866; -0.12426532059907913; -0.6540334820747375; 0.7433680295944214; -0.13181781768798828; 
19; 0.7235208749771118; -0.01723036915063858; 0.010500254109501839; -0.712774932384491; 0.952547550201416; 0.06291675567626953; 
24; 0.9496608972549438; -0.29191404581069946; 0.5778515934944153; -0.6653603911399841; 0.8083938360214233; 0.15120829641819; 
4; 0.5205550193786621; -1.086543083190918; -0.2806222438812256; -0.5593785047531128; 1.1463751792907715; -0.018702179193496704; 
15; 0.33377209305763245; -0.5243600606918335; 0.3359873592853546; -0.8833263516426086; 0.9767304062843323; -0.05939289927482605; 
22; 0.8001195788383484; -0.13879680633544922; -0.08210557699203491; -0.7087136507034302; 0.7618987560272217; -0.02530313841998577; 
20; 0.7495458126068115; -0.20560938119888306; -0.22351665794849396; -0.729450523853302; 0.9800582528114319; -0.06691461056470871; 
30; 0.8389369249343872; -0.8312261700630188; 0.0032145041041076183; -0.45795223116874695; 1.0953400135040283; 0.049368008971214294; 
48; 0.7019574046134949; -0.13757891952991486; 0.033659931272268295; -0.7816705107688904; 1.036186695098877; -0.1138816773891449; 
90; 0.39729899168014526; -0.3685976564884186; -0.22044484317302704; -0.6599249839782715; 0.8365116119384766; 0.12284183502197266; 
3; 0.5441604852676392; -0.1576879769563675; 0.3571225106716156; -0.6468400359153748; 1.0565624237060547; -0.056675054132938385; 
21; 0.7831021547317505; -0.18304438889026642; -0.26638293266296387; -0.5317450761795044; 0.8174160718917847; -0.19011305272579193; 
23; 0.9108644127845764; 0.06898963451385498; -0.360659122467041; -0.6463749408721924; 1.0991787910461426; -0.14199069142341614; 
64; 1.0374882221221924; -0.7156056761741638; 0.12233637273311615; -0.562291145324707; 1.1903060674667358; 0.129311203956604; 
66; -0.009954724460840225; -0.15719957649707794; -0.07804030179977417; -0.7029228210449219; 0.9680243134498596; 0.25349971652030945; 
18; 1.0437184572219849; -0.2434329092502594; -0.2716049253940582; -0.65436851978302; 1.1254582405090332; -0.05550926551222801; 
91; 0.6209503412246704; -0.9811486601829529; 0.4316462576389313; -0.7348625659942627; 1.0282536745071411; 0.07710029929876328; 
95; 0.7479168772697449; -0.04593203589320183; 0.358381062746048; -0.3860290050506592; 0.970041811466217; 0.06670065224170685; 
93; 0.9673003554344177; -0.4538436233997345; -0.016155172139406204; -0.3943553864955902; 0.675698459148407; -0.04200311750173569; 
49; 1.1923770904541016; -0.6996864676475525; 0.22934646904468536; -0.6630538702011108; 0.9444868564605713; -0.10995495319366455; 
33; 0.499581515789032; -1.0307356119155884; -0.009924819692969322; -0.5204493403434753; 1.0772625207901; 0.06262213736772537; 
 
26; 0.7575607299804688; -0.14129647612571716; -0.18240658938884735; -0.6274188160896301; 0.9526098966598511; 0.04284841939806938; 
57; 0.7281099557876587; -0.2591490149497986; 0.09920107573270798; -0.7801573872566223; 1.0022644996643066; -0.22045384347438812; 
29; 1.10948646068573; -0.9324721097946167; -0.15178659558296204; -0.47544407844543457; 1.1745141744613647; -0.09476960450410843; 
99; 0.5695193409919739; 0.16128772497177124; -0.24405990540981293; -0.8319861888885498; 0.9255667328834534; -0.06238635629415512; 
60; 0.7750067114830017; -0.11474914848804474; 0.2975013852119446; -0.8418676853179932; 1.1179580688476562; 0.09864092618227005; 
32; 0.79001784324646; -0.053968481719493866; -0.1502334326505661; -0.5741671323776245; 1.1009008884429932; 0.24778729677200317; 
88; 0.8552591800689697; -0.33913835883140564; 0.5438521504402161; -0.6139858961105347; 0.8843790292739868; -0.0368867889046669; 
89; 1.1306136846542358; -0.37835562229156494; -1.1031379699707031; -0.5813438296318054; 0.8861007690429688; 0.1052672415971756; 
92; 0.5867915749549866; -0.13181163370609283; 0.5514519810676575; -0.9609735608100891; 0.7568842768669128; -0.1585635542869568; 
2; 0.6239970326423645; -0.2336953729391098; 0.1863487809896469; -0.7647319436073303; 0.9529678821563721; -0.22716093063354492; 
72; 0.8949151039123535; -0.6384719610214233; 0.423775315284729; -0.665961742401123; 1.1557705402374268; -0.03686998784542084; 
68; 0.1745716780424118; -0.761748194694519; 0.5837178230285645; -0.7620391249656677; 0.987579882144928; 0.1212940514087677; 
40; 0.8148752450942993; -0.0910123735666275; 0.054200027137994766; -0.736111581325531; 1.158166766166687; -0.03387909755110741; 
63; 0.8226111531257629; -0.33895406126976013; 0.10063184052705765; -0.5336738228797913; 1.1680421829223633; -0.1007157415151596; 
9; 0.538863480091095; -0.40116453170776367; -0.814797043800354; -0.5649149417877197; 1.134061336517334; 0.043461546301841736; 
97; 0.4990302622318268; -0.1541856974363327; -0.31421583890914917; -0.9710289835929871; 1.1190202236175537; -0.1713293343782425; 
10; 0.6392205357551575; -1.154697299003601; -0.15016242861747742; -0.4893172085285187; 1.0693981647491455; 0.1993609517812729; 
56; 0.7573506832122803; -0.5818421244621277; 0.3319147229194641; -0.6795322299003601; 0.9920623898506165; -0.1566450148820877; 
82; 0.7400163412094116; -0.4090104401111603; -0.16008125245571136; -0.5963746905326843; 1.0538297891616821; -0.012538475915789604; 
0; 0.6451708674430847; -0.6498474478721619; 0.3492876887321472; -0.6460790038108826; 1.0876823663711548; -0.04318922758102417; 
94; 0.7996774911880493; -0.3522617816925049; -0.06880377978086472; -0.6730719804763794; 1.2078014612197876; -0.07706295698881149; 
59; 0.9092166423797607; -0.7038675546646118; -0.235886350274086; -0.5821430683135986; 0.9151242971420288; -0.06113417446613312; 
70; 0.7061444520950317; -0.3066241145133972; 0.10313235968351364; -0.6206759214401245; 0.8749276399612427; 0.3763776421546936; 
37; 0.7545089721679688; -0.5042188763618469; -0.3742862641811371; -0.6588643789291382; 0.9572538137435913; -0.0331261083483696; 
39; 0.7170552015304565; -0.08190912753343582; -0.08135434985160828; -0.6169856190681458; 0.9019323587417603; 0.08104070276021957; 
35; 0.660760223865509; -0.20301119983196259; -0.021275267004966736; -0.590937614440918; 0.9477182030677795; 0.023919466882944107; 
1; 0.9851126074790955; -0.451931357383728; 0.009988628327846527; -0.7152690291404724; 1.1675879955291748; -0.06808063387870789; 
43; 1.1569184064865112; -0.5265977382659912; -0.10726046562194824; -0.7552978992462158; 1.1332517862319946; 0.2189352661371231; 
81; 0.9534457921981812; -0.4214911162853241; -0.297934889793396; -0.9385038018226624; 0.9799765348434448; 0.01695888862013817; 
55; 1.2185688018798828; -1.1979495286941528; 0.0999237596988678; -0.6769573092460632; 1.0277642011642456; 0.155391663312912; 
8; 0.7780425548553467; -1.1528619527816772; -0.04452089965343475; -0.5643412470817566; 0.8784312009811401; 0.3175366222858429; 
12; 0.6218388080596924; 0.17695188522338867; -0.3100880980491638; -0.6793926954269409; 0.9818330407142639; -0.01737569272518158; 
98; 0.2659868001937866; -0.5667462944984436; 0.33727243542671204; -0.7719678282737732; 0.8640503883361816; 0.018084701150655746; 
69; 0.8702117204666138; -0.33190497756004333; 0.008327447809278965; -0.6337738633155823; 0.9609221816062927; -0.10538926720619202; 
11; 0.5830352306365967; -0.5483092665672302; 0.217288076877594; -0.5753973722457886; 0.8883872628211975; 0.09447892010211945; 
27; 0.8452757000923157; -0.8139459490776062; -0.203176349401474; -0.6775456070899963; 1.0681676864624023; 0.09538113325834274; 
67; 1.1879490613937378; -0.24025048315525055; -0.11044055968523026; -0.8158462047576904; 0.9378653168678284; 0.017889773473143578; 
25; 0.5632694959640503; -0.8580595850944519; 0.22697795927524567; -0.8042296767234802; 0.8319416046142578; 0.15660366415977478; 
75; 0.7847864031791687; -0.7873989343643188; -0.08539743721485138; -0.676651656627655; 0.947604775428772; -0.057884544134140015; 
74; 0.6326419115066528; -0.4311704635620117; -0.10278711467981339; -0.9402625560760498; 0.8833903074264526; -0.14252640306949615; 
44; 0.973105788230896; -0.8017364740371704; 0.36015069484710693; -0.5849193930625916; 0.979680597782135; -0.041748061776161194; 
77; 0.6496824622154236; -1.1187530755996704; 0.38132449984550476; -0.6713767647743225; 0.9937289953231812; -0.04527811333537102; 
51; 0.8598938584327698; -0.4118500053882599; 0.09225349873304367; -0.7071066498756409; 1.1224086284637451; 0.11221897602081299; 
62; 0.46780356764793396; -0.2146954983472824; 0.25558537244796753; -0.6936062574386597; 0.9984975457191467; 0.03623230382800102; 
47; 0.2284301519393921; -0.5935012698173523; 0.16955456137657166; -0.6394863128662109; 0.7919228076934814; 0.07435078918933868; 
36; 0.6673069596290588; -0.1531429886817932; -0.7872512936592102; -0.4633588194847107; 1.0488051176071167; 0.091410793364048; 
61; 0.5956987738609314; -0.5578027963638306; -0.10545941442251205; -0.8531234264373779; 1.007968544960022; 0.03396706283092499; 
7; 0.6697592735290527; -1.1232362985610962; 0.31047356128692627; -0.6147288084030151; 0.8651665449142456; -0.17679771780967712; 
42; 0.6967249512672424; -0.23602266609668732; -0.1424560844898224; -0.5004424452781677; 0.9828193187713623; 0.12758436799049377; 
87; 1.0346544981002808; -0.5460065007209778; -0.1298343539237976; -0.6593319177627563; 0.8476288318634033; -0.14628884196281433; 
46; 0.6992623805999756; -0.06429401785135269; -0.33515456318855286; -0.877373218536377; 1.0414402484893799; 0.012744814157485962; 
52; 1.0011379718780518; -0.7650043368339539; 0.3135450482368469; -0.8172293305397034; 0.8422279953956604; 0.01134430430829525; 
50; 0.4592345952987671; -0.6825054883956909; -0.3043544888496399; -0.4227098226547241; 1.0495909452438354; 0.04190191626548767; 
5; 0.6406935453414917; -0.4046199321746826; 0.004241663962602615; -0.6062011122703552; 0.806242823600769; 0.00742555595934391; 
73; 0.3400861918926239; -1.1022393703460693; 0.5137602090835571; -0.6727762222290039; 1.0938444137573242; -0.09616464376449585; 
45; 0.5443912148475647; -0.20751440525054932; 0.16305002570152283; -0.5876124501228333; 0.7526532411575317; 0.1946001499891281; 
28; 0.42806103825569153; -0.4252985715866089; -0.1413486897945404; -0.7478455901145935; 0.8015465140342712; 0.09356144815683365; 
38; 0.8069572448730469; -0.15996067225933075; -0.10782580822706223; -0.7075511813163757; 1.1988385915756226; -0.14458733797073364; 
80; 0.602729320526123; -0.41422367095947266; -0.027342205867171288; -0.6343696713447571; 0.877522885799408; -0.02304510399699211; 
85; 0.5600470900535583; -0.8826258182525635; 0.13860413432121277; -0.7907750010490417; 0.7353848814964294; -0.05072332173585892; 
54; 1.1446274518966675; -0.18271765112876892; -0.07631915807723999; -0.7232686877250671; 1.1180845499038696; 0.14455580711364746; 
83; 1.3731642961502075; 0.2527584433555603; -0.06762497872114182; -0.5003235340118408; 0.9449240565299988; -0.1484716683626175; 
; 
53; 0.7750763893127441; 0.021252570673823357; 0.09060996770858765; -0.627798318862915; 0.8688610792160034; -0.03705938532948494; 
96; 0.7446141839027405; -0.5426145195960999; -0.055980317294597626; -0.5113051533699036; 0.881278932094574; -0.16857479512691498; 
79; 0.7927879691123962; -0.6555685997009277; 0.7852543592453003; -0.6621374487876892; 1.1003488302230835; 0.09194102138280869; 
76; 0.6953548789024353; -0.6060343980789185; 0.1966981440782547; -0.756151020526886; 0.9444113373756409; -0.07671681046485901; 
78; 0.7119946479797363; -0.12172060459852219; -0.06490275263786316; -0.6694343090057373; 1.131654977798462; -0.10222912579774857; 
84; 1.1258442401885986; -0.5451704859733582; 0.20314644277095795; -0.46384432911872864; 1.0908230543136597; -0.004463029094040394; 
41; 0.5057611465454102; -0.19109466671943665; -0.0600358322262764; -0.7068589329719543; 0.7445406913757324; -0.0685732439160347; 
86; 0.5822849869728088; -0.7731326222419739; -0.10255016386508942; -0.758412778377533; 0.7991297841072083; 0.08312955498695374; 
31; 0.7661554217338562; -0.6798292398452759; 0.36080121994018555; -0.8766737580299377; 0.9034295678138733; 0.07919728755950928; 
71; 0.47152429819107056; -0.5739965438842773; -1.223731279373169; -0.5890421271324158; 1.0701724290847778; 0.13574600219726562; 
163; 0.25001248717308044; -0.6456515789031982; 0.13299749791622162; -0.5691536664962769; 1.1292539834976196; 0.041069116443395615; 
162; 0.9900256395339966; -0.603422999382019; -0.3449806272983551; -0.7886807918548584; 1.0097174644470215; -0.2331831157207489; 
111; 0.7040811777114868; -0.45144978165626526; 0.16709180176258087; -0.8438223600387573; 0.9100559949874878; 0.003635841654613614; 
170; 0.034173376858234406; -0.9114024043083191; -0.7644547820091248; -0.6534384489059448; 1.1228874921798706; 0.0391092374920845; 
104; 0.4796491265296936; -0.600458562374115; -0.1512267291545868; -0.7185403108596802; 0.8748092651367188; -0.03944778814911842; 
176; 0.62729412317276; -0.523512065410614; 0.047733012586832047; -0.8009700775146484; 0.9852749705314636; -0.10855958610773087; 
112; 1.107080340385437; -0.13191501796245575; -0.4668879210948944; -0.8097867369651794; 0.7685193419456482; -0.06368748843669891; 
164; 0.6189332008361816; -0.29865947365760803; -0.09390932321548462; -0.7352811694145203; 0.8724251985549927; 0.054466668516397476; 
106; 0.769710123538971; -0.7074707746505737; -0.42470690608024597; -0.8548220992088318; 1.0553263425827026; -0.09579888731241226; 
127; 0.9294611811637878; -0.2147396057844162; -0.09665104746818542; -0.7586482763290405; 0.8358206748962402; 0.12829498946666718; 
123; 0.802047073841095; -0.9534091949462891; 0.1143951341509819; -0.6055348515510559; 0.737173318862915; 0.023396071046590805; 
157; 0.9972237348556519; -0.9877274632453918; 0.1692570149898529; -0.6761540174484253; 0.8357099294662476; 0.2109125256538391; 
107; 0.7505332827568054; -0.7631603479385376; -0.2874385416507721; -0.8427730202674866; 1.159451961517334; 0.15245620906352997; 
110; 0.672768235206604; -0.5047441720962524; -0.315096914768219; -0.6704593300819397; 0.8507025837898254; -0.06482258439064026; 
171; 0.6748689413070679; -0.21457570791244507; -0.037555478513240814; -0.5678164958953857; 1.0510358810424805; 0.07766292244195938; 
122; 0.7227903604507446; -0.489745169878006; 0.2840040922164917; -0.7357598543167114; 0.8775174021720886; -0.1733309030532837; 
117; 1.036012053489685; -0.8787016868591309; 0.1703052818775177; -0.6694393754005432; 0.9618983864784241; 0.10516277700662613; 
156; 0.5958033800125122; -0.5753543376922607; -0.11685492098331451; -0.9534896016120911; 1.1548190116882324; -0.058920443058013916; 
133; 0.843957245349884; -0.7895495295524597; -0.2098160684108734; -0.8517419695854187; 0.8924387693405151; 0.1289178878068924; 
129; 1.040854573249817; 0.04359181597828865; -0.5069751739501953; -0.9472623467445374; 1.1812444925308228; 0.24940887093544006; 
145; 0.7055544257164001; 0.05185393989086151; -0.6059889197349548; -0.7378025054931641; 0.8875926733016968; 0.05726230889558792; 
105; 0.6790822148323059; -0.7167233228683472; 0.32552090287208557; -0.6482741236686707; 0.9042845368385315; 0.14114919304847717; 
161; 0.6315025687217712; -0.688835859298706; 0.23158256709575653; -0.9499959945678711; 1.0783675909042358; -0.07989367842674255; 
121; 0.8130308389663696; -0.873280942440033; -0.007375392131507397; -0.7455640435218811; 1.1662861108779907; 0.14585457742214203; 
103; 1.1123032569885254; -0.012087684124708176; 0.04840205982327461; -0.6857876181602478; 0.9709405303001404; -0.02752752974629402; 
100; 0.18317781388759613; 0.010617253370583057; 0.06867007911205292; -0.601433515548706; 0.7981240153312683; 0.14959648251533508; 
169; 0.8687058687210083; -0.6950937509536743; -0.9306595921516418; -0.4966617226600647; 0.7714793682098389; -0.09171446412801743; 
167; 0.6027811169624329; -0.34870123863220215; -0.5585466623306274; -0.6386865377426147; 1.1296045780181885; -0.21925455331802368; 
101; 0.6035550832748413; -0.3374817371368408; 0.3981831669807434; -0.6392988562583923; 0.9538271427154541; -0.00014419900253415108; 
185; 0.05914127081632614; -0.7235879302024841; -0.22279618680477142; -0.758506178855896; 1.0051993131637573; 0.0033505470491945744; 
114; 0.7972580790519714; -0.6423645615577698; 0.04519467055797577; -0.696073591709137; 1.0454208850860596; 0.07761389762163162; 
102; 0.8997972011566162; -0.3143538534641266; -0.5106473565101624; -0.9357135891914368; 1.1882497072219849; 0.20012035965919495; 
183; 1.1557668447494507; -0.7047004103660583; 0.3661433756351471; -0.7219225168228149; 0.9006911516189575; 0.22122624516487122; 
130; -0.002544029615819454; -0.39477482438087463; -0.13568253815174103; -0.8673890829086304; 1.1943260431289673; -0.060456909239292145; 
180; 0.8641557693481445; -0.15960724651813507; -0.45967021584510803; -0.48472899198532104; 1.0045857429504395; -0.16638806462287903; 
168; 0.4028553366661072; -0.49325326085090637; 0.47114381194114685; -0.7015234231948853; 0.9922011494636536; -0.1517067849636078; 
126; 0.7432684898376465; -0.5065918564796448; -0.1763971447944641; -0.6836581230163574; 0.9448017477989197; 0.07733394205570221; 
132; 0.4809749722480774; -0.45743730664253235; 0.39777833223342896; -0.6673253178596497; 0.8489489555358887; 0.11886831372976303; 
148; 0.8829139471054077; -0.5662592053413391; -0.09109742939472198; -0.649847149848938; 1.1833521127700806; 0.23813454806804657; 
118; 1.1759309768676758; -0.23311994969844818; -0.27794548869132996; -0.7873520255088806; 0.8737339973449707; -0.1078438013792038; 
182; 0.7408956289291382; -0.41906067728996277; 0.22484277188777924; -0.7093225717544556; 0.931119978427887; 0.17518854141235352; 
125; 0.3834806978702545; -0.2152974009513855; -0.35614532232284546; -0.6832369565963745; 0.9629461169242859; 0.1532059758901596; 
128; 1.082542061805725; -0.7373705506324768; -0.10269876569509506; -0.8360377550125122; 1.0000683069229126; -0.11616423726081848; 
165; 0.8712512254714966; -0.29153862595558167; 0.1692359447479248; -0.7013992071151733; 1.0890544652938843; -0.12151218205690384; 
153; 1.1882935762405396; -0.5202924013137817; 0.008054787293076515; -0.8848342299461365; 0.9166293740272522; 0.04199600964784622; 
109; 0.9187248349189758; -0.32718607783317566; 0.03651079162955284; -0.7213538885116577; 0.8420401811599731; 0.11992396414279938; 
174; 0.3116936981678009; -0.6424362659454346; -0.2808779180049896; -0.8389076590538025; 0.9507412910461426; -0.10467205941677094; 
188; 0.6789855360984802; 0.0661349967122078; -0.07984374463558197; -0.47373881936073303; 0.9968710541725159; 0.04949881136417389; 
108; 1.086061716079712; -0.07494990527629852; -0.17052209377288818; -0.727051854133606; 0.8662495613098145; 0.12161596864461899; 
124; 0.7801962494850159; -0.6665512919425964; -0.36418241262435913; -0.7546364068984985; 1.0891996622085571; 0.09348160773515701; 
184; 0.5951464176177979; -1.1197094917297363; -0.045059822499752045; -0.6551534533500671; 1.1162232160568237; -0.17019686102867126; 
195; 0.6440232992172241; 0.09251803159713745; 0.1405314952135086; -0.5944842100143433; 0.7776272892951965; -0.09174935519695282; 
151; 0.5719655156135559; -0.4887467324733734; -0.3110165596008301; -0.5592778921127319; 0.8549520969390869; 0.15736572444438934; 
119; 0.9969908595085144; -0.5164243578910828; -0.19960790872573853; -0.6529542207717896; 0.8556925654411316; 0.12826424837112427; 
197; 0.7880483865737915; -0.4797438979148865; 0.477010041475296; -0.8800404071807861; 1.282106876373291; 0.162251278758049; 
147; 0.2316257804632187; -1.1325764656066895; 0.10186278820037842; -0.5664324760437012; 1.3148928880691528; -0.12137487530708313; 
150; 0.5654932260513306; -0.6982925534248352; 0.4675818383693695; -0.6650851368904114; 0.9477734565734863; 0.15272127091884613; 
175; 0.25502094626426697; -0.33443066477775574; -0.28206661343574524; -0.9008293151855469; 0.9110817313194275; -0.060051966458559036; 
137; 0.8743497729301453; -0.5013642907142639; 0.4204173982143402; -0.7961912751197815; 0.9017664194107056; 0.08792944252490997; 
142; 0.7614105343818665; -0.5361847877502441; -0.5210741758346558; -0.9093762636184692; 0.9758301973342896; 0.08042817562818527; 
135; 0.8356713056564331; -0.18857550621032715; -0.7093147039413452; -0.5246079564094543; 0.8711349964141846; 0.09744802117347717; 
136; 0.6289981603622437; -1.061781406402588; 0.2657153606414795; -0.6455039978027344; 0.8601351976394653; -0.18873459100723267; 
120; 0.6802857518196106; -0.5476036667823792; -0.02635052613914013; -0.5916804075241089; 0.8485327959060669; 0.21659253537654877; 
159; 1.0144773721694946; -0.18285143375396729; 0.5621698498725891; -0.8549126386642456; 1.108970284461975; 0.04135829582810402; 
194; 0.4861449599266052; -0.03401510417461395; -0.1419994980096817; -0.6885283589363098; 1.092469573020935; 0.13093608617782593; 
155; 0.7680113315582275; -0.5134612321853638; 0.09115820378065109; -0.9634609222412109; 0.965683102607727; -0.030255651101469994; 
131; 0.7063159942626953; -0.5874925851821899; 0.13441604375839233; -0.6370880007743835; 0.9258266687393188; 0.04334681108593941; 
113; 0.70307457447052; -0.5249149203300476; 0.30080199241638184; -0.8360864520072937; 1.0075385570526123; 0.1143113523721695; 
186; 0.6763778328895569; -0.544403612613678; -0.0704779103398323; -0.8329498767852783; 1.1685974597930908; -0.1204368844628334; 
198; 0.5083748698234558; -0.6276997923851013; 0.030645769089460373; -0.6277801394462585; 0.9520974159240723; -0.11090578138828278; 
196; 0.4459555447101593; -0.34218811988830566; -0.39456692337989807; -0.7014707326889038; 0.9241289496421814; -0.21797366440296173; 
173; 0.5511340498924255; -0.4415509104728699; -0.21815447509288788; -0.6099086999893188; 0.9419716000556946; -0.15263701975345612; 
146; 1.1318461894989014; -0.010797841474413872; 0.4456014931201935; -0.816855788230896; 0.8683425784111023; 0.004756474867463112; 
166; 0.4652165174484253; -0.7548995614051819; 0.17476771771907806; -0.7116202116012573; 1.104791522026062; 0.07893620431423187; 
193; 0.7911561131477356; -0.06324813514947891; -0.2454245686531067; -0.526296854019165; 0.9378035068511963; 0.052019305527210236; 
149; 0.9392501711845398; -0.28811293840408325; -0.3454523980617523; -0.581678032875061; 0.7497419118881226; 0.17205019295215607; 
116; 0.7956498861312866; -0.5724269151687622; -0.2591748833656311; -0.913539707660675; 0.8909794092178345; -0.16066963970661163; 
172; 0.9508777260780334; -0.3682631850242615; 0.09818634390830994; -0.7574605345726013; 0.8983237147331238; 0.044495098292827606; 
139; 0.911162257194519; -0.5094884037971497; 0.03496213257312775; -0.5192202925682068; 0.9222151637077332; 0.13541607558727264; 
144; 0.8034476041793823; -0.10367174446582794; -0.6577450037002563; -0.7475228309631348; 0.9038839936256409; 0.01075806189328432; 
192; 0.3900945782661438; -0.8214253187179565; -0.7142863273620605; -0.7713605761528015; 1.0889582633972168; -0.11824923753738403; 
199; 0.5523737072944641; -0.48532530665397644; -0.5238187909126282; -0.6109664440155029; 1.1078062057495117; 0.09276323020458221; 
115; 0.7903167009353638; -0.32389289140701294; 0.15333691239356995; -0.42253631353378296; 0.89253169298172; 0.08561157435178757; 
189; 0.9212064743041992; -0.45000016689300537; -0.12123575061559677; -0.732454776763916; 0.8948006629943848; -0.002761401701718569; 
187; 0.7632799744606018; -0.7225157022476196; 0.2466004192829132; -0.7229258418083191; 0.8806940913200378; -0.00600498216226697; 
154; 0.7289879322052002; -0.918999433517456; -0.1687762290239334; -0.6175850033760071; 0.9359761476516724; 0.17112480103969574; 
143; 0.7116472125053406; -0.30690115690231323; 0.09311139583587646; -0.6168742179870605; 0.8649001717567444; -0.10083592683076859; 
152; 0.5227581858634949; -0.22444187104701996; -0.21160539984703064; -0.717473030090332; 0.8711646795272827; 0.002874414436519146; 
160; 0.7059551477432251; -0.08182795345783234; -0.0747055783867836; -0.6210829615592957; 0.7953550815582275; 0.1916007250547409; 
178; 0.8213047981262207; -0.356774240732193; -0.6722381114959717; -0.6928586959838867; 1.1554632186889648; -0.19660627841949463; 
158; 0.4056703746318817; 0.14474456012248993; 0.2581605315208435; -0.5323426723480225; 0.7831369042396545; 0.1251266896724701; 
134; 1.165856957435608; -0.4131503105163574; 0.39266401529312134; -0.8457797169685364; 1.066968560218811; 0.15369822084903717; 
179; 0.8928508162498474; 0.028831372037529945; 0.23205141723155975; -0.44147467613220215; 0.8069708943367004; -0.01932576857507229; 
190; 0.7322642803192139; -0.6786069869995117; 0.059039827436208725; -0.7750425934791565; 0.9360285997390747; 0.12127311527729034; 
138; 0.8163855075836182; -0.37967371940612793; -0.05764467269182205; -0.7047969698905945; 1.0629892349243164; 0.17109039425849915; 
140; 0.5486320853233337; -0.4484887719154358; -0.3682542145252228; -0.6042572855949402; 1.125288724899292; 0.051926471292972565; 
141; 0.6994990706443787; -0.22961673140525818; 0.12402014434337616; -0.4733174443244934; 0.9541820883750916; -0.05529376119375229; 
191; 0.8815036416053772; -0.5387916564941406; -0.011661161668598652; -0.6529951691627502; 1.0530236959457397; -0.15177026391029358; 
177; 0.20271284878253937; -0.5245438814163208; -0.20981571078300476; -0.7118681073188782; 0.9581714272499084; 0.1386137157678604; 
219; 0.7245771884918213; -0.34523364901542664; -0.3111306428909302; -0.5861262083053589; 1.034071445465088; 0.16218002140522003; 
249; 0.5582325458526611; -1.1380754709243774; 0.10724764317274094; -0.6048799157142639; 1.090620994567871; -0.023059865459799767; 
242; 0.7717615962028503; -0.6377861499786377; 0.4249877631664276; -0.6854242086410522; 0.9265751242637634; -0.31774279475212097; 
205; 0.8547613620758057; -0.19090275466442108; 0.3464217782020569; -0.7135334610939026; 0.7908463478088379; -0.2803686261177063; 
202; 0.05631427839398384; -0.8553382158279419; 0.18653978407382965; -0.7527600526809692; 0.9379625916481018; 0.03598170354962349; 
215; 1.0579241514205933; -0.46007993817329407; -0.46033960580825806; -0.8703890442848206; 1.029951572418213; -0.07144821435213089; 
206; 0.41987186670303345; -1.2390530109405518; 0.23075807094573975; -0.873554527759552; 1.0757768154144287; 0.012646329589188099; 
222; 0.6768673062324524; -0.568525493144989; 0.42686304450035095; -0.68483567237854; 1.0248572826385498; -0.12398132681846619; 
238; 0.5387287735939026; 0.20550350844860077; 0.08461186289787292; -0.8138512969017029; 0.770715594291687; 0.1777430772781372; 
218; 0.8569391369819641; 0.12917599081993103; 0.16514551639556885; -0.7404776215553284; 1.143311858177185; -0.14658716320991516; 
212; 0.766413688659668; -0.004166247323155403; -0.06553590297698975; -0.7517592906951904; 1.0442110300064087; 0.03605730086565018; 
223; 0.5874998569488525; -0.8756464719772339; 0.32056257128715515; -0.5092083215713501; 0.8143789172172546; -0.013215944170951843; 
234; 1.0516084432601929; -0.7694558501243591; 0.25045979022979736; -0.8434706926345825; 1.0371851921081543; 0.10453188419342041; 
217; 0.24498264491558075; -0.3607708513736725; 0.2529261112213135; -0.528560221195221; 0.7293301224708557; -0.15015025436878204; 
203; 0.26177528500556946; -0.5988295078277588; -0.17034964263439178; -0.7037195563316345; 1.0320831537246704; -0.10116001218557358; 
214; 0.8851881623268127; -0.6670322418212891; -0.011007237248122692; -0.5638511180877686; 0.9131975769996643; -6.737647345289588e-05; 
216; 0.4863702356815338; -0.8636152744293213; 0.5210903882980347; -0.6430644392967224; 1.2239431142807007; -0.18158821761608124; 
260; 0.6528829336166382; -0.4983462393283844; -0.0219346284866333; -0.7450196743011475; 0.890819251537323; -0.0621454119682312; 
231; 0.8783836960792542; -0.677740216255188; -0.40128621459007263; -0.7261496782302856; 1.186402440071106; -0.05707568675279617; 
241; 0.7204177975654602; -0.4941893517971039; 0.29156824946403503; -0.7261496782302856; 0.8457608222961426; 0.025458859279751778; 
207; 0.699995219707489; 0.055842284113168716; 0.32043707370758057; -0.6780489683151245; 1.0849549770355225; -0.06303922086954117; 
265; 0.7668952941894531; -0.4676135778427124; -0.5831245183944702; -0.8365269899368286; 0.9946183562278748; -0.00940736010670662; 
280; 0.9947159290313721; -0.2509133815765381; -0.06107918545603752; -0.40744274854660034; 1.0923243761062622; 0.020909113809466362; 
266; 1.025295376777649; -0.2927001714706421; 0.026699773967266083; -0.5433271527290344; 0.9701099395751953; 0.12001264095306396; 
251; 0.8274208307266235; -0.5216562151908875; -0.4985755681991577; -0.6768248081207275; 0.9671895503997803; -0.168579563498497; 
232; 0.385355144739151; -0.4130344092845917; -0.26136693358421326; -0.8741264343261719; 0.862908661365509; 0.09164592623710632; 
236; 0.5418920516967773; -0.600973904132843; 0.2841881215572357; -0.684325635433197; 1.1115309000015259; 0.00849144533276558; 
230; 1.0809054374694824; -0.7373374700546265; 0.23563838005065918; -0.7613198757171631; 0.876850426197052; -0.1768806278705597; 
248; 0.6981161832809448; -0.3432604968547821; -0.1350354552268982; -0.8228645920753479; 0.8035178780555725; -0.00402458943426609; 
225; 0.25757256150245667; -0.8723423480987549; 0.15308710932731628; -0.7824597358703613; 0.9664484858512878; 0.05749838799238205; 
245; 0.5101840496063232; -1.0644102096557617; 0.059310898184776306; -0.7419291734695435; 1.0061900615692139; 0.0753546878695488; 
204; 0.8238380551338196; -0.9754182696342468; 0.10954918712377548; -0.6763762831687927; 0.793897807598114; 0.1475193053483963; 
244; 1.0451401472091675; -0.4743795394897461; 0.06914999336004257; -0.6262504458427429; 1.0908581018447876; 0.05137905478477478; 
228; 0.5424996614456177; -0.6230316758155823; -0.31418949365615845; -0.6195436120033264; 0.964223325252533; 0.0826893001794815; 
239; 0.8663446307182312; -0.20419932901859283; -0.3292606472969055; -0.5709203481674194; 0.7358996868133545; -0.1286436766386032; 

233; 0.9980303645133972; -1.3688281774520874; 0.2792130708694458; -0.6184834837913513; 1.146781086921692; -0.061606571078300476; 
229; 0.9583380818367004; -0.7376450896263123; 0.14791065454483032; -0.5549765825271606; 1.0709409713745117; 0.028593413531780243; 
279; 0.38318124413490295; -0.7835435271263123; -0.010012561455368996; -0.6246001124382019; 1.0145528316497803; 0.03356184810400009; 
281; 0.7085441946983337; -0.886339545249939; 0.08877883106470108; -0.9674323797225952; 1.3591920137405396; -0.1335441917181015; 
208; 0.6137028336524963; -0.8539441227912903; -0.47590917348861694; -0.8470432162284851; 0.8654232025146484; 0.05537053570151329; 
250; 0.7220696806907654; 0.2639913260936737; 0.2732176184654236; -0.6000456809997559; 1.1594386100769043; -0.2153121829032898; 
282; 0.6478627324104309; -0.30379778146743774; -0.16611771285533905; -0.779982328414917; 0.9640730023384094; 0.17104072868824005; 
227; 0.6276053190231323; -0.6713483333587646; 0.069457046687603; -0.7499731183052063; 0.9387544393539429; -0.0429152175784111; 
246; 1.246038794517517; 0.07300114631652832; 0.251347154378891; -0.46960052847862244; 0.9960642457008362; -0.25855308771133423; 
276; 0.7335653901100159; -0.46982884407043457; -0.2355121225118637; -0.6997538805007935; 0.9593650698661804; -0.23872587084770203; 
224; 0.8705686330795288; -0.6145951747894287; 0.04362667351961136; -0.4693201184272766; 1.167212963104248; 0.10847684741020203; 
289; 0.45305976271629333; -0.2788794934749603; -0.3290932774543762; -0.5462350249290466; 1.093021273612976; -0.062072768807411194; 
252; 0.9013436436653137; -0.48932188749313354; -0.008389604277908802; -0.6510418057441711; 1.1127634048461914; 0.06541977822780609; 
274; 1.0444470643997192; -0.6964693069458008; -0.5560587048530579; -0.59505695104599; 0.943631112575531; -0.0011342670768499374; 
237; 0.8363262414932251; -0.5187634229660034; -0.10962560772895813; -0.5987648963928223; 0.957781970500946; -0.06272615492343903; 
213; 0.8523520231246948; -0.6129988431930542; 0.05604731664061546; -0.750460147857666; 0.9772837162017822; 0.046648621559143066; 
247; 0.528670072555542; -0.5919687747955322; 0.0006101448088884354; -0.7055928707122803; 0.859939694404602; 0.05291926488280296; 
278; 0.3389458954334259; -0.29921722412109375; 0.5605267286300659; -0.5650339126586914; 0.8793030977249146; -0.2072208672761917; 
277; 1.116844892501831; -0.42439109086990356; 0.25307032465934753; -0.6758496165275574; 1.0208563804626465; 0.05097820609807968; 
296; 0.6671664118766785; -0.6901606917381287; -0.32667213678359985; -0.6431919932365417; 1.145573377609253; -0.019503938034176826; 
292; 0.8425564765930176; -0.5322847962379456; -0.15803410112857819; -0.8761248588562012; 1.16473388671875; -0.0229902733117342; 
275; 0.5780537128448486; -0.29987165331840515; -0.009660439565777779; -0.6702858805656433; 1.2289164066314697; 0.028083493933081627; 
273; 0.6790037155151367; -0.13332858681678772; -0.31145498156547546; -0.5387157797813416; 1.0029325485229492; -0.29383736848831177; 
226; 0.8033422231674194; -0.3533557653427124; -0.20971888303756714; -0.835988461971283; 0.9564213752746582; 0.0051956987008452415; 
258; 1.2126200199127197; -1.1019030809402466; 0.044325802475214005; -0.8035054206848145; 1.0300029516220093; -0.19371238350868225; 
297; 0.8081815838813782; -0.983095645904541; -0.16332761943340302; -0.7279389500617981; 1.0788103342056274; -0.025782624259591103; 
287; 1.1730419397354126; -0.4235600531101227; -0.5171160697937012; -0.700151801109314; 1.0641764402389526; -0.03437202423810959; 
271; 0.3968508243560791; -0.8891448974609375; -0.6140099167823792; -0.5792097449302673; 0.9758399128913879; -0.06172487139701843; 
200; 1.1831696033477783; -0.8953537940979004; -0.5520923733711243; -0.7047076225280762; 0.9608208537101746; 0.16330403089523315; 
286; 1.0446102619171143; -0.4632854461669922; -0.15520493686199188; -0.7427793741226196; 1.1192539930343628; -0.00030486774630844593; 
285; 0.523141622543335; -0.5135359764099121; -0.38568729162216187; -0.5144543051719666; 0.971950352191925; 0.21606731414794922; 
270; 0.9982391595840454; -0.1629123091697693; -0.00856153853237629; -0.5470587015151978; 1.0074394941329956; 0.02814549393951893; 
288; 0.22688251733779907; -0.5290167331695557; -0.005008396692574024; -0.6663344502449036; 1.244677186012268; 0.24888905882835388; 
259; 0.8261749148368835; -0.5052825808525085; -0.047629114240407944; -0.7796151638031006; 0.8160232305526733; -0.13809362053871155; 
220; 0.9620516300201416; -1.0066182613372803; -0.26741188764572144; -0.5174778699874878; 1.0908331871032715; -0.12687385082244873; 
254; 0.6447211503982544; -0.5340952277183533; 0.09863511472940445; -0.6148315668106079; 1.0687015056610107; -0.006677675526589155; 
201; 0.949070394039154; -1.0434352159500122; 0.018689634278416634; -0.7833985686302185; 1.216477394104004; -0.06362681090831757; 
272; 0.4279457926750183; -0.6080645322799683; 0.12620948255062103; -0.6633685827255249; 1.1064696311950684; 0.0851479023694992; 
257; 1.0188676118850708; -0.34144797921180725; -0.18401874601840973; -0.7518974542617798; 1.0033382177352905; -0.1314508616924286; 
221; 0.69158536195755; -0.1706845909357071; 0.01717170514166355; -0.7655367255210876; 1.0432952642440796; -0.018901308998465538; 
290; 0.5663442015647888; -0.5000642538070679; 0.3188422918319702; -0.6491482853889465; 1.0004836320877075; -0.15109491348266602; 
255; 0.7703803181648254; -1.165090799331665; -0.34862494468688965; -0.7675693035125732; 0.9873614311218262; -0.027129728347063065; 
243; 0.9454998970031738; -0.45910999178886414; 0.02644229121506214; -0.9457757472991943; 0.8513936400413513; -0.19673730432987213; 
253; 0.21666711568832397; -0.8042306900024414; 0.05264435335993767; -0.6930950284004211; 1.07870352268219; 0.15685319900512695; 
295; 0.43393242359161377; -0.2541912794113159; -0.08176551014184952; -0.6956740021705627; 1.0424578189849854; -0.13215085864067078; 
291; 0.7065882682800293; -0.8922585844993591; 0.18698431551456451; -0.8117907047271729; 1.1870185136795044; -0.15946722030639648; 
262; 0.5888456702232361; -0.2603861689567566; 0.3754609227180481; -0.691766083240509; 0.8511965870857239; -0.06589478254318237; 
284; 0.8115078210830688; -0.28441229462623596; -0.2907567322254181; -0.5533496141433716; 0.9153384566307068; -0.11281422525644302; 
240; 0.9792683720588684; -0.143805131316185; -0.06953670084476471; -0.6520664095878601; 0.7872475385665894; -0.12223988771438599; 
235; 1.4605584144592285; -0.39910709857940674; -0.6415383815765381; -0.6108942627906799; 1.2915071249008179; 0.029064692556858063; 
209; 0.9732087254524231; -0.2760084867477417; -0.025385547429323196; -0.5088940262794495; 1.0457518100738525; -0.1274028718471527; 
264; 0.877376914024353; -0.5376023054122925; 0.22334831953048706; -0.6926060914993286; 0.8471022844314575; -0.23050490021705627; 
298; 1.0695240497589111; -0.23475170135498047; -0.25193125009536743; -0.5682549476623535; 0.9696789383888245; -0.22162985801696777; 
268; 0.773596465587616; -0.46272990107536316; -0.43367987871170044; -0.5600627660751343; 0.9599689841270447; 0.1438043713569641; 
283; 0.6294046640396118; 0.10691005736589432; -0.1049271821975708; -0.7530696392059326; 1.132149577140808; 0.08084789663553238; 
294; 0.8864429593086243; -0.32474014163017273; -0.04124590754508972; -0.6693331599235535; 0.8670209646224976; -0.15469613671302795; 
211; 0.9120684266090393; -0.5112349390983582; -0.8412944078445435; -0.6888536810874939; 0.9563894271850586; 0.10754002630710602; 
263; 0.7761337161064148; -0.21051767468452454; -0.2282809317111969; -0.6342737078666687; 0.8565197587013245; 0.33600306510925293; 
256; 1.3178499937057495; -0.9072501063346863; -0.1930779665708542; -0.8151238560676575; 0.7624366879463196; 0.2595488131046295; 
269; 0.9455952644348145; -0.34955596923828125; 0.30475425720214844; -0.5233151316642761; 1.3275868892669678; -0.26640841364860535; 
210; 0.8469356894493103; -0.645224392414093; -0.09175264090299606; -0.6329982280731201; 0.8636393547058105; 0.4425908625125885; 
261; 0.7015271186828613; -0.3104533553123474; -0.2260962873697281; -0.7786566615104675; 0.9340550303459167; 0.2033185213804245; 
299; 0.30065906047821045; 0.06124620884656906; 0.30932116508483887; -0.8311447501182556; 1.1573960781097412; -0.05771263688802719; 
293; 1.0756323337554932; -0.24300812184810638; -0.0008939038962125778; -0.7742586135864258; 0.8516829013824463; -0.015419513918459415; 
304; 0.8757263422012329; -0.21772772073745728; 0.3728541433811188; -0.8348633050918579; 0.6887502670288086; -0.03556743264198303; 
305; 0.9266731142997742; -0.3042636215686798; -0.22438442707061768; -0.6878291368484497; 0.9449100494384766; -0.1629944145679474; 
337; 0.5334672927856445; -0.26876363158226013; 0.1657187044620514; -0.7216185927391052; 0.7593370676040649; -0.34941208362579346; 
354; 0.8870751857757568; -0.3949941098690033; 0.3126494288444519; -0.6199435591697693; 1.0456178188323975; 0.2770703136920929; 
316; 0.7208907008171082; -1.0319596529006958; -0.3453480303287506; -0.8117948770523071; 1.0254511833190918; 0.12572376430034637; 
320; 0.6986716389656067; -0.48912671208381653; 0.20486944913864136; -0.6485193371772766; 1.2144473791122437; -0.10645239055156708; 
302; 0.4776323735713959; -0.5520336031913757; 0.02681851014494896; -0.6492610573768616; 1.0749263763427734; -0.0660577192902565; 
353; 0.7931714653968811; -0.5015723705291748; 0.21677552163600922; -0.7566565275192261; 1.032104253768921; 0.26307213306427; 
321; 0.5135436654090881; -0.15435686707496643; 0.155643492937088; -0.8146184682846069; 0.9991732239723206; -0.27745988965034485; 
326; 1.0321214199066162; -0.6168897151947021; -0.40777531266212463; -0.6662973761558533; 0.8984572291374207; 0.23850712180137634; 
385; 0.5493736267089844; -0.25383707880973816; -0.21703848242759705; -0.6755023002624512; 0.8682655692100525; -0.0716809332370758; 
384; 0.5964524745941162; -0.43787944316864014; -0.21746477484703064; -0.8165100812911987; 0.9249579906463623; 0.2169552892446518; 
339; 0.9967612028121948; -0.5437185168266296; 0.3610242009162903; -0.623892605304718; 1.0263694524765015; -0.0020603565499186516; 
309; 0.7295129895210266; -0.38679227232933044; -0.09982366859912872; -0.7052778601646423; 1.1649330854415894; -0.046229876577854156; 
322; 0.6271659135818481; -0.52455735206604; 0.15537028014659882; -0.6340259909629822; 1.039888620376587; -0.09217505902051926; 
310; 1.1370398998260498; -1.1372921466827393; -0.05666644871234894; -0.8153232932090759; 0.8066505193710327; -0.09438212215900421; 
300; 1.0160108804702759; -0.2553820013999939; 0.09495482593774796; -0.8721908330917358; 0.7961590886116028; -0.0006136950105428696; 
311; 1.1672959327697754; -0.3136093318462372; -0.5855708718299866; -0.5127065181732178; 1.022247076034546; 0.3796280324459076; 
307; 0.8577530384063721; -0.8026279211044312; -0.3899415135383606; -0.5315317511558533; 1.0856577157974243; -0.2359122335910797; 
301; 0.8615099787712097; -0.6838597655296326; 0.07132888585329056; -0.7043324112892151; 0.9934218525886536; -0.005981262773275375; 
399; 0.5166319012641907; -0.48862722516059875; 0.14698977768421173; -0.7461259365081787; 0.8071617484092712; 0.08510846644639969; 
398; 0.6741608381271362; -0.9079182744026184; 0.03788529336452484; -0.5490925312042236; 1.1408072710037231; 0.014000466093420982; 
318; 0.5103178024291992; -0.6015547513961792; 0.19467535614967346; -0.7738499045372009; 0.9492515325546265; 0.15977069735527039; 
386; 0.7874075770378113; -0.7936023473739624; -0.29365015029907227; -0.4856119155883789; 0.8748329281806946; 0.04973465949296951; 
303; 0.8182210922241211; -0.2997714579105377; -0.002408976200968027; -0.8184145092964172; 0.8566493988037109; 0.1710570901632309; 
368; 0.5658795237541199; -0.6203761100769043; -0.4907444417476654; -0.7383989691734314; 0.9073770046234131; -0.20468665659427643; 
335; 0.511429488658905; -0.8570464849472046; 0.2455299347639084; -0.9163269996643066; 1.0394712686538696; -0.2304103672504425; 
390; 0.9510337710380554; -0.50374835729599; -0.13553421199321747; -0.9552534222602844; 1.2935657501220703; -0.4451614022254944; 
396; 0.963535487651825; -1.131306767463684; -0.29640111327171326; -1.0102012157440186; 0.8285808563232422; 0.22774970531463623; 
334; 1.1570215225219727; -0.4024675488471985; -0.14768116176128387; -0.6695870161056519; 0.9764013290405273; -0.16912062466144562; 
387; 0.4989447593688965; -0.5541146397590637; 0.3272344172000885; -0.7665465474128723; 1.103959560394287; -0.12850044667720795; 
340; 0.9327064156532288; -0.3729913830757141; -0.024318784475326538; -0.8399288654327393; 0.8011318445205688; -0.002711215289309621; 
355; 0.6298447251319885; -0.6044885516166687; -0.1655028909444809; -0.9596502780914307; 0.8971592783927917; 0.016589771956205368; 
314; 0.8541073203086853; -0.8270891904830933; -0.6729305386543274; -0.6408954858779907; 0.840082049369812; 0.0015934477560222149; 
360; 0.5525911450386047; -0.7262783050537109; -0.14189887046813965; -0.78828364610672; 0.8503350615501404; -0.0730530396103859; 
382; 0.840019941329956; -0.8120953440666199; -0.3448309004306793; -0.6738504767417908; 0.9547079801559448; -0.04416556656360626; 
362; 0.8711385726928711; -0.5658575892448425; -0.1561335325241089; -0.6967756748199463; 0.9592011570930481; 0.017005234956741333; 
383; 0.35555464029312134; -0.7768692374229431; -0.18160198628902435; -0.680645763874054; 1.2781708240509033; 0.14085382223129272; 
325; 0.7879653573036194; -0.460296094417572; -0.7157060503959656; -0.5336503386497498; 1.0367506742477417; 0.016097292304039; 
356; 0.8118147850036621; -0.13125170767307281; 0.17809419333934784; -0.543036937713623; 1.339848279953003; 0.3815441131591797; 
361; 0.7754384875297546; -0.7266667485237122; 0.3674543797969818; -0.5372277498245239; 1.0257010459899902; 0.09274784475564957; 
333; 0.60283362865448; -0.7228032946586609; 0.15009334683418274; -0.4368032217025757; 0.9898938536643982; 0.015853222459554672; 
367; 1.099259376525879; -0.10226760804653168; -0.08261904865503311; -0.6527079343795776; 0.9393667578697205; -0.0891408696770668; 
323; 0.21116040647029877; -0.27676260471343994; 0.33871060609817505; -0.6548288464546204; 1.2071533203125; 0.10800977796316147; 
331; 0.477700412273407; 0.21006989479064941; 0.3572588860988617; -1.094478964805603; 1.0437676906585693; -0.17584028840065002; 
364; 0.8984599709510803; -0.2973107099533081; 0.0972481220960617; -0.5570071339607239; 0.9435011744499207; -0.12096752971410751; 
348; 0.9275054931640625; -0.7398114800453186; 0.20359750092029572; -0.8022745251655579; 1.0460560321807861; 0.013275155797600746; 
330; 1.1185646057128906; -0.4616653025150299; 0.1610908955335617; -0.6800801157951355; 0.7608235478401184; 0.10756544023752213; 
372; -0.03330543637275696; -0.7052274346351624; 0.4843849241733551; -0.7816900610923767; 0.85529625415802; 0.1343359798192978; 
350; 1.1147271394729614; -0.39938053488731384; -0.3405137062072754; -0.6194685101509094; 0.9024040699005127; 0.16657479107379913; 
380; 0.2769396901130676; -0.11937844753265381; 0.37180373072624207; -0.6318838596343994; 1.1423853635787964; 0.07395997643470764; 
388; 0.9226577877998352; 0.1714591383934021; 0.0962909460067749; -0.7868557572364807; 0.9675994515419006; 0.034396942704916; 
351; 0.7893743515014648; -0.34126219153404236; -0.36139363050460815; -0.6389135122299194; 1.0562125444412231; -0.1289757341146469; 
369; 0.2697531580924988; -0.780857503414154; 0.23357665538787842; -0.8808943629264832; 0.9549052715301514; 0.042737722396850586; 
373; 0.7637494802474976; -1.1211035251617432; -0.3046838343143463; -0.6584829688072205; 0.8733263611793518; -0.15600191056728363; 
391; 0.8946226239204407; -0.4708768129348755; -0.34866344928741455; -1.0295698642730713; 0.8086241483688354; 0.1390097588300705; 
329; 0.9853754639625549; -0.651372492313385; -0.49120697379112244; -0.5219700336456299; 1.0546663999557495; -0.3283456265926361; 
349; -0.42806726694107056; -0.8095235824584961; 0.0951865017414093; -0.6101710200309753; 0.8666492700576782; -0.0714028850197792; 
327; 0.8220009207725525; -0.3547419011592865; 0.13025668263435364; -0.8044837713241577; 0.9812984466552734; -0.06566783785820007; 
347; 0.3560947775840759; -0.7571849226951599; -0.6287173628807068; -0.5996185541152954; 1.0807116031646729; -0.24114900827407837; 
371; 0.7707890868186951; -0.2520008981227875; -0.11072547733783722; -0.6423099637031555; 1.0001221895217896; 0.03322519361972809; 
374; 0.8110734224319458; -0.42281681299209595; 0.13400393724441528; -0.6449474096298218; 0.8682681322097778; 0.03572399169206619; 
346; 0.789755642414093; -0.2990068793296814; 0.030723433941602707; -0.7860071659088135; 1.1158753633499146; 0.08950069546699524; 
352; 1.1432616710662842; -0.05185963213443756; 0.2129220962524414; -0.9051880836486816; 0.9706530570983887; -0.045971184968948364; 
357; 0.9733722805976868; -0.18743668496608734; -0.4257250726222992; -0.7182797789573669; 0.9726316332817078; 0.11102089285850525; 
336; 0.5740218758583069; -0.7844910621643066; 0.0780828520655632; -0.45569801330566406; 0.8372647762298584; -0.1478227972984314; 

359; 0.5973696112632751; -0.706550121307373; -0.1069062128663063; -0.5524027347564697; 1.0976183414459229; -0.022175440564751625; 
306; 0.8104297518730164; -0.31183984875679016; -0.572715699672699; -0.8729580640792847; 1.1040492057800293; -0.11724218726158142; 
366; 0.6750786900520325; -1.4385299682617188; -0.2735012173652649; -0.6978846192359924; 1.182689905166626; 0.0872310996055603; 
; 
328; 0.5011392831802368; -0.16982828080654144; -0.05101362243294716; -0.7262910604476929; 0.9766244888305664; -0.07420672476291656; 
324; 0.9412056803703308; 0.10629875957965851; -0.11577808856964111; -0.750225305557251; 1.1297826766967773; 0.08395373076200485; 
394; 1.0057432651519775; -1.161365032196045; 0.12977474927902222; -0.8144566416740417; 1.208540678024292; -0.004335581324994564; 
392; 1.0303674936294556; -0.30774620175361633; 0.3885885775089264; -0.7127439379692078; 0.9920555949211121; -0.17564238607883453; 
379; 1.0801880359649658; -1.4780240058898926; -0.4448745548725128; -0.7024634480476379; 1.0625081062316895; -0.12663030624389648; 
397; 0.7735458016395569; -0.2634250223636627; -0.3313283622264862; -0.6842324137687683; 0.8872138857841492; -0.08704009652137756; 
381; 0.751812219619751; -0.782076895236969; -0.14167846739292145; -0.585129976272583; 1.0213971138000488; -0.04070877283811569; 
344; 0.592827320098877; -0.8390048742294312; -0.3277367949485779; -0.7738505005836487; 1.0964043140411377; 0.12311069667339325; 
342; 0.580554723739624; -0.2121935784816742; -0.11343348771333694; -0.7020489573478699; 1.0024255514144897; 0.10615196824073792; 
358; 0.6525082588195801; -0.41368675231933594; 0.09326064586639404; -0.8307985067367554; 0.9282112121582031; -0.15034691989421844; 
365; 0.7082350254058838; -0.30564215779304504; -0.7692845463752747; -0.8227599263191223; 0.7899757027626038; 0.012794988229870796; 
308; 1.115508794784546; -1.367684006690979; -0.4701229929924011; -0.8595676422119141; 0.6596605181694031; 0.2583979070186615; 
389; 0.9534848928451538; -1.375870943069458; 0.03902491182088852; -0.7278861999511719; 0.8822866678237915; 0.01007157377898693; 
315; 0.5171046853065491; -1.0357162952423096; 0.2817869782447815; -0.8637888431549072; 1.0064555406570435; 0.176997110247612; 
319; 0.7576437592506409; -0.3266048729419708; -0.04897988587617874; -0.7460275888442993; 0.94598788022995; 0.078773632645607; 
395; 0.8344723582267761; -0.7899908423423767; -0.6218932271003723; -0.5829306244850159; 0.9564105272293091; 0.04299326241016388; 
312; 0.6792083978652954; 0.013065931387245655; -0.35088369250297546; -0.3948465585708618; 1.0219206809997559; -0.04112779349088669; 
376; 0.731849730014801; -0.45228147506713867; 0.22381649911403656; -0.6572302579879761; 1.2086821794509888; 0.048055920749902725; 
313; 0.758873462677002; 0.13761259615421295; -0.4626765251159668; -0.6997364163398743; 1.1600341796875; 0.05133165791630745; 
317; 0.6308189630508423; -0.27462273836135864; -0.3313247263431549; -0.6755852699279785; 1.0403605699539185; 0.2376963496208191; 
341; 0.6573737263679504; -0.6731417775154114; 0.15381795167922974; -0.7716136574745178; 0.8687443137168884; -0.042337220162153244; 
378; 0.758635938167572; -0.5921202898025513; -0.16955691576004028; -0.6189250946044922; 0.9479637742042542; -0.10107894241809845; 
343; 1.0814896821975708; -0.41469335556030273; -0.33792561292648315; -0.6692457795143127; 1.0881041288375854; 0.13024504482746124; 
363; 0.7145698666572571; -0.3386725187301636; -0.022791096940636635; -0.6626985669136047; 0.9819151759147644; -0.058359019458293915; 
377; 0.40835559368133545; -1.1099891662597656; 0.2922617495059967; -0.6221120357513428; 1.007554054260254; 0.007919205352663994; 
370; 0.41547757387161255; -0.09444011747837067; -0.2363659292459488; -0.6131293773651123; 0.9979824423789978; 0.0802757516503334; 
345; 0.8128718733787537; -0.6500950455665588; 0.22866763174533844; -0.5639224052429199; 1.0761889219284058; -0.1657242476940155; 
375; 0.5209969282150269; -0.43749141693115234; -0.2976403534412384; -0.6469797492027283; 0.855700671672821; 0.1615736186504364; 
403; 0.5402485132217407; -0.3619692325592041; -0.6817674040794373; -0.7493757605552673; 0.9534152150154114; -0.03734827786684036; 
400; 0.39520353078842163; -0.6148676872253418; 0.09159178286790848; -0.7046855092048645; 0.8349225521087646; 0.07092224806547165; 
401; 0.3495466113090515; -0.7808789014816284; -0.16898907721042633; -0.5319963097572327; 1.0247858762741089; -0.022119753062725067; 
420; 1.2320598363876343; -0.2032911330461502; 0.08898817747831345; -0.8032239675521851; 0.757262647151947; -0.13393302261829376; 
404; 1.0780969858169556; -0.8022583723068237; -0.21909227967262268; -0.7797030210494995; 1.0932456254959106; -0.049354225397109985; 
433; 0.9077024459838867; -0.07244002819061279; -0.2258896827697754; -0.7944414615631104; 0.9090197682380676; 0.021827377378940582; 
402; 0.7612209320068359; -0.49519211053848267; -0.6105862259864807; -0.8356519937515259; 1.0117919445037842; 0.07294657081365585; 
409; 0.34619763493537903; -0.6955997943878174; -0.5047823786735535; -0.6301089525222778; 1.0687628984451294; -0.019210923463106155; 
407; 1.000637173652649; -0.10737233608961105; 0.13437046110630035; -0.6330143213272095; 1.2375866174697876; -0.04206632822751999; 
424; 0.8615582585334778; -0.12271568924188614; -0.4222654402256012; -0.47845032811164856; 0.840522050857544; -0.16151568293571472; 
408; 0.71151202917099; -1.0251737833023071; -0.18532828986644745; -0.7466641068458557; 1.0556970834732056; 0.14568915963172913; 
411; 1.0190081596374512; -0.24575664103031158; -0.22039681673049927; -0.8341459035873413; 1.106027603149414; -0.043298590928316116; 
412; 0.6835862398147583; -0.56732577085495; -0.4483340084552765; -0.738465428352356; 0.9784493446350098; -0.032221145927906036; 
423; 0.6932836771011353; -0.42104482650756836; -0.3646292984485626; -0.6240067481994629; 0.7998902201652527; 0.06895813345909119; 
421; 0.8140751719474792; -0.3139963150024414; -0.33711346983909607; -0.6723864078521729; 1.1868596076965332; -0.1470569670200348; 
422; 0.9629550576210022; -0.23109696805477142; -0.19408702850341797; -0.6964910626411438; 1.105766773223877; 0.11465951800346375; 
405; 0.8810480237007141; -1.0714160203933716; 0.008656126447021961; -0.780049741268158; 1.2175745964050293; -0.031691696494817734; 
410; 0.4427253305912018; -0.4943094253540039; -0.5147132873535156; -0.7893198132514954; 0.8588588833808899; -0.01768452674150467; 
453; 0.8031459450721741; -0.4085531532764435; 0.2201322615146637; -0.5923607349395752; 0.7766473889350891; -0.17612482607364655; 
468; 0.7004604339599609; -0.8840004205703735; 0.32785728573799133; -0.4704022705554962; 0.987845242023468; 0.07706957310438156; 
454; 0.5136410593986511; -0.608249306678772; -0.22965338826179504; -0.6018419861793518; 0.9404171705245972; -0.08969733119010925; 
419; 0.8450391292572021; -0.4507884383201599; 0.2767494022846222; -0.5847117304801941; 1.2250221967697144; -0.011647066101431847; 
449; 0.4987863302230835; -0.5353711247444153; 0.013108033686876297; -0.6137472987174988; 0.9549681544303894; 0.13486617803573608; 
460; 0.15852558612823486; -0.6935476064682007; -0.16949090361595154; -0.539773166179657; 1.0290197134017944; -0.06326571851968765; 
469; 0.9254710078239441; -0.5225851535797119; -0.11159557849168777; -0.605006992816925; 1.0569531917572021; -0.011395663022994995; 
498; 0.8535987138748169; -0.614204466342926; 0.08290200680494308; -0.6608375310897827; 0.9419592618942261; -0.07125420868396759; 
482; 1.0581588745117188; -0.9844812750816345; -0.7872748374938965; -0.585798978805542; 1.0919138193130493; 0.16251330077648163; 
462; 1.046086311340332; -0.5803484320640564; -0.20990349352359772; -0.7820671200752258; 0.8553166389465332; 0.03434446081519127; 
459; 1.0227012634277344; -0.29529547691345215; -0.29399245977401733; -0.5461947917938232; 1.3855661153793335; 0.017705313861370087; 
416; 0.9146875143051147; -0.6632887721061707; 0.1113939881324768; -0.7870157361030579; 0.8015685677528381; 0.09441210329532623; 
413; 0.8853474855422974; -0.358561247587204; 0.22776901721954346; -0.6213439702987671; 1.2877626419067383; -0.22957095503807068; 
476; 0.5074824690818787; -0.790427565574646; 0.1655336320400238; -0.6386560797691345; 0.9185161590576172; 0.14742104709148407; 
455; 0.6626216769218445; -0.4093508720397949; 0.2892608046531677; -0.7526320219039917; 1.1586065292358398; -0.11825394630432129; 
406; 1.2277812957763672; -0.4330441355705261; 0.2785545587539673; -0.7709125876426697; 1.1471819877624512; -0.052096176892519; 
475; 0.6386539936065674; -0.700534462928772; -0.16621537506580353; -0.5639974474906921; 1.048405647277832; 0.16685977578163147; 
478; 1.004871129989624; -0.45781588554382324; -0.1714882105588913; -0.7256458401679993; 1.0706799030303955; 0.1531432569026947; 
472; 0.47913452982902527; -1.052711009979248; -0.5492327213287354; -0.5160463452339172; 1.0207701921463013; 0.026693884283304214; 
418; 0.5812992453575134; -0.656866192817688; 0.02924349531531334; -0.8804555535316467; 1.120254397392273; 0.13723722100257874; 
447; 0.7269952893257141; 0.11090859025716782; 0.04112802445888519; -0.8987860679626465; 0.8637158274650574; -0.04508396238088608; 
446; 0.4646853506565094; -0.609244167804718; -0.09410104900598526; -0.6504826545715332; 0.9829491376876831; 0.05363650619983673; 
495; 0.9189351201057434; 0.03660528361797333; 0.5144751667976379; -0.62116938829422; 0.9770109057426453; 0.04192661494016647; 
448; 0.5555936098098755; -0.7730740308761597; -0.12871451675891876; -0.7052041292190552; 1.1375765800476074; -0.04721216484904289; 
467; 0.2549246549606323; -0.9791597127914429; 0.05383329465985298; -0.7473613619804382; 0.951682984828949; 0.06327887624502182; 
494; 0.352614164352417; -0.2515382170677185; -0.3430781066417694; -0.8197678923606873; 0.9545714855194092; 0.06329375505447388; 
428; 0.7772430181503296; -0.2524850368499756; -0.40027832984924316; -0.4483470320701599; 1.0312966108322144; 0.10539379715919495; 
470; 0.8270239233970642; -0.6040929555892944; -0.05853678658604622; -0.5415251851081848; 0.8633726835250854; 0.009715741500258446; 
483; 0.31753596663475037; -0.8985236883163452; 0.2867722809314728; -0.6879582405090332; 1.0702650547027588; -0.04814501851797104; 
429; 0.843365490436554; -0.07286114990711212; -0.027773000299930573; -0.7357271313667297; 1.0844316482543945; 0.08660959452390671; 
450; 0.09517262130975723; -0.7752452492713928; 0.11806139349937439; -0.6999080777168274; 0.7943164706230164; 0.12223658710718155; 
491; 0.8575297594070435; -0.6762645244598389; -0.2865143120288849; -0.6919023990631104; 1.014431357383728; -0.04869799315929413; 
474; 0.8264074921607971; -0.6790482401847839; -0.13475078344345093; -0.7189555764198303; 1.1134425401687622; 0.029581574723124504; 
471; 0.5317559838294983; -1.0058451890945435; -0.06854167580604553; -0.5967952609062195; 1.1057469844818115; -0.06076793000102043; 
461; 1.1332037448883057; -0.3763658106327057; -0.27115142345428467; -0.5954293608665466; 1.0591087341308594; 0.11964795738458633; 
465; 0.895733118057251; -0.5485146641731262; 0.17440003156661987; -0.6159994602203369; 1.0279192924499512; 0.05600830167531967; 
488; 1.0439810752868652; -0.5596750974655151; -0.06948892027139664; -0.7099823951721191; 1.1060459613800049; -0.03028128109872341; 
473; 0.9216427206993103; -0.36690089106559753; 0.14670974016189575; -0.7880544066429138; 0.9281988143920898; -0.05079410597681999; 
437; 1.2174633741378784; -1.0815387964248657; -0.24647824466228485; -0.5615883469581604; 1.0102357864379883; -0.18268276751041412; 
466; 0.7825806736946106; -0.6665237545967102; 0.2767654061317444; -0.5504569411277771; 1.1309576034545898; 0.13244540989398956; 
456; 0.13065777719020844; -0.5149592161178589; -0.2049722671508789; -0.7825542092323303; 0.9440184235572815; 0.04728662222623825; 
432; 0.677805483341217; -0.42779821157455444; 0.6884143352508545; -0.6759205460548401; 1.0220178365707397; -0.022779792547225952; 
489; 0.9587551951408386; -0.9050378203392029; -0.05683545768260956; -0.7087582945823669; 0.93265700340271; 0.041163183748722076; 
451; 0.5612668395042419; -0.727834939956665; 0.6021161079406738; -0.7004741430282593; 0.7074800133705139; -0.06518925726413727; 
427; 0.7805826663970947; -0.4187772572040558; -0.12586210668087006; -0.7903047800064087; 0.9379482269287109; 0.2136586308479309; 
487; 1.1026687622070312; -0.5167385339736938; 0.10913022607564926; -0.8032010793685913; 0.9780170321464539; 0.09447634220123291; 
426; 0.7451726794242859; -0.6320796012878418; -0.05651697888970375; -0.5998001098632812; 1.1212166547775269; -0.04533131420612335; 
481; 0.8893875479698181; -0.777457058429718; -0.5422870516777039; -0.8519260287284851; 0.9319157600402832; -0.037900954484939575; 
463; 0.9269726276397705; -0.12363695353269577; 0.46430304646492004; -0.7360795736312866; 1.031227707862854; 0.07634337246417999; 
490; 0.2003498673439026; -0.28297799825668335; -0.008389079011976719; -0.681176483631134; 1.238163948059082; -0.16709735989570618; 
414; 0.8824252486228943; -0.2293791025876999; 0.37735772132873535; -0.5532792806625366; 0.8576894402503967; 0.053033437579870224; 
485; 0.251202791929245; -0.4508102536201477; -0.39099356532096863; -0.6811480522155762; 0.9640886187553406; -0.26837605237960815; 
438; 1.1409004926681519; -1.331115484237671; -0.690288245677948; -0.8047949075698853; 1.1203311681747437; -0.08079738914966583; 
479; 0.6490175127983093; -0.7787358164787292; 0.032667648047208786; -0.6655291318893433; 0.8046649098396301; 0.06528201699256897; 
436; 1.1669026613235474; -0.7373661994934082; -0.1693751960992813; -0.6343119144439697; 0.9778550863265991; -0.09571482241153717; 
430; 0.7694722414016724; -0.23643746972084045; -0.009205049835145473; -0.627449631690979; 1.1734052896499634; 0.16020868718624115; 
435; 1.0696830749511719; -0.8882433772087097; 0.10544127970933914; -0.6164225935935974; 0.8545947074890137; 0.10017550736665726; 
425; 0.9165064096450806; -0.27407029271125793; 0.0037289804313331842; -0.6249752640724182; 1.0397276878356934; -0.09287018328905106; 
443; 0.5307990908622742; -0.6085950136184692; 0.4622521996498108; -0.6869338750839233; 0.8746442198753357; 0.2062193751335144; 
496; 1.1337653398513794; -0.23091711103916168; -0.053313110023736954; -0.6537441611289978; 0.9915281534194946; -0.1690491884946823; 
492; 0.9815351963043213; -0.19564008712768555; -0.00549664068967104; -0.6988067030906677; 1.0057871341705322; 0.08145719766616821; 
431; 0.6571410298347473; -0.2966482639312744; 0.2503655254840851; -0.7748405933380127; 1.1512038707733154; 0.18983440101146698; 
439; 0.6928426623344421; -0.4243285357952118; -0.08314689248800278; -0.7520686984062195; 0.8179689049720764; 0.08360745012760162; 
457; 0.355142742395401; -0.31214869022369385; -0.11328041553497314; -0.7459226250648499; 1.0567395687103271; -0.0707152709364891; 
477; 0.9842538833618164; -1.0656940937042236; 0.07685552537441254; -0.5567053556442261; 0.731964111328125; 0.03661134093999863; 
442; 0.16374999284744263; -1.1929779052734375; 0.46639201045036316; -0.7142723798751831; 0.966533899307251; 0.11114123463630676; 
445; 0.37602442502975464; 0.03790691867470741; 0.6860882639884949; -0.6531037092208862; 1.2005950212478638; 0.1720363199710846; 
440; 0.7961918115615845; -0.6837454438209534; -0.11044441163539886; -0.4195327162742615; 0.8855957388877869; -0.004123153630644083; 
441; 0.7334958910942078; -0.4379897713661194; 0.2081926017999649; -0.7142321467399597; 1.159650206565857; 0.034410879015922546; 
452; 0.7673912644386292; -0.49598628282546997; -0.14155711233615875; -0.6885727047920227; 0.93365079164505; 0.05070045590400696; 
415; 0.644852876663208; -0.47922074794769287; 0.1691754013299942; -0.7947242856025696; 0.9493311047554016; 0.15713265538215637; 
458; 0.6303094625473022; -0.3682183623313904; -0.23188507556915283; -0.7449879050254822; 0.8686306476593018; -0.00727425329387188; 
444; 0.941234290599823; -0.5105034708976746; 0.2211596518754959; -0.44110003113746643; 0.9967918992042542; -0.06893900781869888; 
497; 0.33422571420669556; -0.6742386817932129; -0.34863367676734924; -0.58298259973526; 0.9068909287452698; -0.12480723112821579; 
480; 0.7735695838928223; -0.6944571137428284; -0.31432706117630005; -0.7233716249465942; 0.8538665771484375; 0.09805887937545776; 
434; 0.4795287847518921; -0.3704465925693512; 0.2799644470214844; -0.5952585935592651; 1.0172685384750366; 0.036991506814956665; 
484; 0.8979271650314331; 0.050805073231458664; -0.29291754961013794; -0.6861267685890198; 0.7743881344795227; -0.021817604079842567; 
464; 0.5096569061279297; -0.8491328954696655; -0.21274685859680176; -0.9313312768936157; 1.0620254278182983; -0.03266320750117302; 
486; 0.8423082232475281; -0.840964138507843; -0.0398431159555912; -0.6844996213912964; 0.9130901098251343; -0.01172760408371687; 
499; 0.4855070412158966; -0.6320407390594482; -0.6446049809455872; -0.5521955490112305; 0.7108120918273926; 0.04601171612739563; 
500; 1.2375531196594238; 0.20705918967723846; -0.7746983170509338; -0.6483489274978638; 1.279402732849121; 0.05757063254714012; 
501; 0.3827706277370453; -1.1884669065475464; -0.14476341009140015; -0.6769843697547913; 1.0080897808074951; -0.051872655749320984; 
505; 0.4523310959339142; 0.010237373411655426; 0.12131752073764801; -0.6720227003097534; 1.1399686336517334; -0.1302001029253006; 
503; 0.9364462494850159; -0.06386130303144455; -0.12135063111782074; -0.7472971081733704; 1.0383987426757812; -0.046393442898988724; 
502; 0.6612027883529663; -0.7538620233535767; 0.567830502986908; -0.612808346748352; 1.0899488925933838; 0.08033992350101471; 
504; 0.6011000871658325; -0.7242421507835388; -0.1939132660627365; -0.6857081055641174; 1.131629228591919; 0.07502499222755432; 
