58; 1.2698861360549927; 0.1843511462211609; 1.2433146238327026; -0.3146422207355499; 1.4462833404541016; 0.18119323253631592; 
65; 1.500553011894226; 0.4435665011405945; 0.4746394157409668; -0.4300803542137146; 1.0992183685302734; 0.11154727637767792; 
13; 1.4445750713348389; 0.6165041923522949; 0.8123465776443481; -0.4197903871536255; 1.670310616493225; 0.3259464204311371; 
6; 1.1687310934066772; 0.052709221839904785; 0.264049768447876; -0.5773482322692871; 1.3476372957229614; 0.35576796531677246; 
14; 1.8033373355865479; 0.31738340854644775; 0.7578533887863159; -0.3555980622768402; 1.3253051042556763; 0.5825653672218323; 
24; 1.6167339086532593; 0.5718600749969482; 1.0588346719741821; -0.44431063532829285; 1.2718608379364014; 0.5256641507148743; 
17; 1.8416239023208618; 0.8300358057022095; 0.635495662689209; -0.38431861996650696; 1.2053970098495483; 0.550430417060852; 
30; 1.540973424911499; 0.1400889754295349; 0.7243198156356812; -0.022608280181884766; 1.3139429092407227; 0.3546440601348877; 
48; 1.554483413696289; 0.7575643062591553; 0.6424501538276672; -0.4986136853694916; 1.287872314453125; 0.19662728905677795; 
90; 1.2250580787658691; 0.5574328899383545; 0.7107978463172913; -0.2308904230594635; 1.2538480758666992; 0.5472196340560913; 
64; 1.8065450191497803; 0.3221389651298523; 0.8579308986663818; -0.3148443102836609; 1.599409580230713; 0.35209059715270996; 
4; 1.353140115737915; 0.14656686782836914; 0.5195367932319641; -0.23823726177215576; 1.4740338325500488; 0.2888038754463196; 
15; 1.0247385501861572; 0.09287512302398682; 0.7234472036361694; -0.5735633373260498; 1.2494535446166992; 0.2521955966949463; 
19; 1.2782385349273682; 0.8777720332145691; 1.2399028539657593; -0.36595019698143005; 1.4198665618896484; 0.3991004228591919; 
99; 1.2820796966552734; 0.7439261674880981; 0.3386915326118469; -0.6119343042373657; 0.9546231031417847; 0.17462944984436035; 
93; 1.5839836597442627; 0.15129798650741577; 0.3970520794391632; -0.007742196321487427; 0.9790036678314209; 0.2475426197052002; 
91; 1.4940111637115479; 0.24577051401138306; 1.1794569492340088; -0.266757071018219; 1.5821729898452759; 0.4322860538959503; 
95; 1.5359981060028076; 0.7209254503250122; 1.0127334594726562; -0.20218712091445923; 1.528012990951538; 0.21597671508789062; 
68; 1.102916955947876; 0.09775257110595703; 1.300835132598877; -0.3313547968864441; 1.273181438446045; 0.2788015305995941; 
26; 1.3453905582427979; 0.5958061218261719; 0.31231147050857544; -0.4967271387577057; 1.1230415105819702; 0.29324206709861755; 
57; 1.1312975883483887; 0.5160099864006042; 0.627659797668457; -0.4308747947216034; 1.2538421154022217; -0.12236182391643524; 
49; 1.5096498727798462; 0.1312772035598755; 0.9810828566551208; -0.43569689989089966; 1.1225018501281738; 0.05121065676212311; 
92; 0.9490071535110474; 0.5849838852882385; 1.1484401226043701; -0.8117014169692993; 1.1180508136749268; 0.2482771873474121; 
16; 1.1608648300170898; -0.05864691734313965; 0.6444145441055298; -0.5951754450798035; 1.1355787515640259; 0.1656118482351303; 
60; 1.5160865783691406; 0.825462281703949; 0.8131210803985596; -0.48722362518310547; 1.5416399240493774; 0.6439623832702637; 
23; 1.3348126411437988; 1.0210620164871216; 0.4581145942211151; -0.6336379051208496; 1.5107795000076294; 0.17905071377754211; 
88; 1.088945746421814; -0.056145429611206055; 1.2434852123260498; -0.2904266119003296; 1.3989856243133545; 0.35739606618881226; 
22; 1.5099730491638184; 0.42126524448394775; 0.5455564856529236; -0.24645349383354187; 1.1237270832061768; 0.042741358280181885; 
94; 1.4316675662994385; 0.27590686082839966; 0.7923635840415955; -0.35742899775505066; 1.6956861019134521; 0.24529282748699188; 
32; 1.5050618648529053; 0.6079083681106567; 0.6120755076408386; -0.3769044280052185; 1.2471503019332886; 0.5498924255371094; 
40; 1.4006311893463135; 0.5228235721588135; 0.7526344656944275; -0.48408669233322144; 1.5295634269714355; 0.3116762638092041; 
20; 1.5329233407974243; 0.5343201756477356; 0.31235116720199585; -0.46612393856048584; 1.3973102569580078; 0.19803838431835175; 
21; 1.3330438137054443; 0.35508885979652405; 0.05912202596664429; -0.39954641461372375; 1.1468594074249268; -0.052247658371925354; 
56; 1.4880921840667725; 0.2002226710319519; 1.0802664756774902; -0.3470635712146759; 1.3522074222564697; 0.3384484648704529; 
18; 1.3391144275665283; 0.3546094596385956; 0.16489017009735107; -0.36891525983810425; 1.4033520221710205; 0.12614350020885468; 
89; 1.7825639247894287; 0.7676926255226135; 0.33353936672210693; -0.10084328055381775; 1.2735973596572876; 0.41269633173942566; 
3; 1.0823895931243896; 0.8089375495910645; 0.8090460896492004; -0.38475480675697327; 1.367504358291626; 0.3018063008785248; 
82; 1.2047474384307861; 0.18407833576202393; 0.5443952679634094; -0.35497844219207764; 1.5268309116363525; 0.5202717781066895; 
39; 1.2539538145065308; 0.6128970980644226; 0.6774216890335083; -0.4406161904335022; 1.373631238937378; 0.3445455729961395; 
59; 1.3949992656707764; 0.22493034601211548; 0.49008479714393616; -0.18165352940559387; 1.3299988508224487; 0.2928335964679718; 
37; 1.1883037090301514; 0.25174081325531006; 0.1478324830532074; -0.45215845108032227; 1.2501918077468872; 0.1272033452987671; 
97; 1.427757978439331; 1.0577950477600098; 0.9394338726997375; -0.5023130178451538; 1.5008771419525146; 0.21026811003684998; 
81; 1.6958810091018677; 0.23331588506698608; 0.25687235593795776; -0.663019061088562; 1.1530497074127197; 0.21815714240074158; 
72; 1.5346693992614746; 0.061998844146728516; 0.8884077668190002; -0.41618072986602783; 1.4863057136535645; 0.22138580679893494; 
29; 1.7099491357803345; 0.08788812160491943; 0.5449496507644653; -0.1749124825000763; 1.5425951480865479; 0.3855332136154175; 
25; 1.0596433877944946; -0.28450465202331543; 0.8240693211555481; -0.5054849982261658; 1.213962197303772; 0.47229132056236267; 
70; 1.0765300989151; 0.43541038036346436; 0.7876829504966736; -0.4058132469654083; 1.095380187034607; 0.6399369239807129; 
69; 1.4709699153900146; 0.3607900142669678; 0.5780753493309021; -0.46512168645858765; 1.353543996810913; 0.07568402588367462; 
27; 1.3140592575073242; -0.2208757996559143; 0.42308008670806885; -0.40517643094062805; 1.3977704048156738; 0.35934901237487793; 
9; 1.1734280586242676; 0.6281152963638306; 0.11517101526260376; -0.3992278277873993; 1.47440505027771; 0.3781578838825226; 
2; 1.1600383520126343; 0.33247798681259155; 0.7041305899620056; -0.37446409463882446; 1.3207061290740967; 0.06740383803844452; 
67; 1.8332713842391968; 0.7039279341697693; 0.5979855060577393; -0.6226502656936646; 1.2571719884872437; 0.265733540058136; 
63; 1.4947285652160645; 0.537199079990387; 1.0538705587387085; -0.13516589999198914; 1.8002452850341797; 0.3069928288459778; 
0; 0.930207371711731; -0.0018557310104370117; 0.727400541305542; -0.5695664882659912; 1.483838677406311; 0.0951252207159996; 
43; 1.7337573766708374; 0.07316917181015015; 0.3980908989906311; -0.4228234589099884; 1.4531604051589966; 0.6092960238456726; 
35; 1.061004877090454; 0.3899693489074707; 0.6752385497093201; -0.27986302971839905; 1.1841121912002563; 0.2754473090171814; 
42; 1.2895686626434326; 0.29484912753105164; 0.33935943245887756; -0.41188549995422363; 1.2442569732666016; 0.3959581255912781; 
10; 1.273179054260254; -0.5462967753410339; 0.3071751296520233; -0.5096890926361084; 1.6128857135772705; 0.5488779544830322; 
98; 1.1181155443191528; 0.808571457862854; 1.1917505264282227; -0.17941689491271973; 1.5148193836212158; 0.6057335734367371; 
1; 1.509953260421753; 0.4470950663089752; 0.8544729351997375; -0.5216901302337646; 1.5539785623550415; 0.2608211636543274; 
8; 1.2436760663986206; -0.5436596870422363; 0.47734835743904114; -0.2630031406879425; 1.0345402956008911; 0.5391130447387695; 
11; 1.1180391311645508; 0.14110219478607178; 0.6129442453384399; -0.3414105176925659; 1.1908857822418213; 0.4106540381908417; 
74; 1.593770146369934; 0.4882741868495941; 0.7051363587379456; -0.46184006333351135; 1.3936145305633545; 0.07517693936824799; 
12; 0.9452495574951172; 0.33634915947914124; 0.20535212755203247; -0.46598201990127563; 1.2224410772323608; 0.06910954415798187; 
87; 1.5578969717025757; 0.09064453840255737; 0.6299923658370972; -0.2801739573478699; 1.25307035446167; 0.02308604121208191; 
75; 1.7942655086517334; 0.5039799213409424; 0.7912291288375854; -0.4261009693145752; 1.5245798826217651; 0.27119147777557373; 
7; 1.1090095043182373; -0.2613641619682312; 0.9213699698448181; -0.3704582154750824; 1.0934576988220215; 0.197585329413414; 
55; 2.006943702697754; -0.018630266189575195; 0.9746173620223999; -0.1890842616558075; 1.1297931671142578; 0.3940296173095703; 
77; 1.4734768867492676; 0.25151652097702026; 1.0637826919555664; -0.16806229948997498; 1.7875949144363403; 0.2595369219779968; 
47; 0.7955589294433594; 0.2512708306312561; 0.8326375484466553; -0.35741162300109863; 1.1277563571929932; 0.30126792192459106; 
44; 1.2726433277130127; -0.05147784948348999; 1.0272130966186523; -0.20060521364212036; 1.2123591899871826; 0.11998137831687927; 
36; 1.1540842056274414; 0.8740721940994263; -0.02933448553085327; -0.20426064729690552; 1.367102861404419; 0.18186703324317932; 
51; 1.4654619693756104; 0.2087879776954651; 0.6360532641410828; -0.37409427762031555; 1.3965665102005005; 0.2658580243587494; 
73; 1.003952145576477; -0.060423195362091064; 1.327880859375; -0.3237204849720001; 1.3728870153427124; 0.27265217900276184; 
80; 1.5117690563201904; 0.2431080937385559; 0.3631056547164917; -0.46193572878837585; 1.301206111907959; 0.2390131652355194; 
62; 1.0269724130630493; 0.4200783669948578; 1.1519298553466797; -0.23330265283584595; 1.2796809673309326; 0.303280234336853; 
85; 1.2832260131835938; 0.3386078476905823; 0.8094571232795715; -0.35370373725891113; 1.0532571077346802; 0.2420368492603302; 
38; 1.4944396018981934; 0.6174677014350891; 0.7442660927772522; -0.2562475800514221; 1.7169854640960693; 0.3592180013656616; 
34; 1.1560842990875244; 0.45184117555618286; 0.6278510093688965; -0.30216747522354126; 1.2845641374588013; 0.14956755936145782; 
83; 1.8264763355255127; 0.9378670454025269; 0.7381846308708191; -0.3470403552055359; 1.3420929908752441; 0.029780685901641846; 
76; 1.148441195487976; 0.10204082727432251; 0.931724488735199; -0.5551306009292603; 1.3455301523208618; 0.25534385442733765; 
28; 0.9305959343910217; 0.4431770443916321; 0.6581522822380066; -0.4642932116985321; 1.0698329210281372; 0.33094272017478943; 
78; 1.2401301860809326; 0.5489691495895386; 0.5414133071899414; -0.30467984080314636; 1.4231455326080322; 0.08186478912830353; 
50; 1.0707186460494995; 0.03214770555496216; 0.6064435839653015; -0.1249067634344101; 1.1840617656707764; 0.38852229714393616; 
52; 1.3122408390045166; -0.07332652807235718; 0.8453426361083984; -0.4641359746456146; 1.1781320571899414; 0.3100932240486145; 
46; 1.3334977626800537; 0.6506519913673401; -0.013720214366912842; -0.5541825294494629; 1.3109349012374878; 0.34500712156295776; 
5; 1.1421722173690796; 0.34852901101112366; 0.5281866192817688; -0.3226584792137146; 0.9748001098632812; 0.2722093462944031; 
53; 1.314075231552124; 0.5453903079032898; 0.3812863826751709; -0.497941255569458; 1.1110776662826538; 0.30577659606933594; 
45; 1.311781406402588; 0.509399950504303; 0.9608680009841919; -0.31050485372543335; 1.0992664098739624; 0.6817154884338379; 
96; 1.380354642868042; -0.09158378839492798; 0.7399305105209351; -0.2632642388343811; 1.3909999132156372; 0.10170871019363403; 
54; 1.2609524726867676; 0.4917437434196472; 0.304273396730423; -0.44670018553733826; 1.3229668140411377; 0.3120330572128296; 
84; 1.468070149421692; 0.38346704840660095; 0.813809335231781; -0.25067877769470215; 1.5000228881835938; 0.21283037960529327; 
79; 1.2346539497375488; 0.05624246597290039; 1.2040046453475952; -0.42357775568962097; 1.448347568511963; 0.18843744695186615; 
41; 1.2457839250564575; 0.754105806350708; 0.6558816432952881; -0.2866199314594269; 1.0355899333953857; 0.26376232504844666; 
31; 1.3222097158432007; -0.11354625225067139; 1.1062664985656738; -0.5095623135566711; 1.1448105573654175; 0.3538924753665924; 
86; 1.361833095550537; -0.2717689871788025; 0.6507886052131653; -0.4295514225959778; 1.0433554649353027; 0.33764874935150146; 
71; 0.9693360328674316; 0.24058163166046143; -0.8844333291053772; -0.4529411792755127; 1.380365014076233; 0.34440404176712036; 
163; 0.9817769527435303; 0.020480751991271973; 0.7700700163841248; -0.4365452527999878; 1.425247311592102; 0.24255958199501038; 
162; 1.5374785661697388; 0.6643897294998169; 0.6265230178833008; -0.3969588875770569; 1.5832165479660034; 0.23284834623336792; 
176; 1.4687323570251465; 0.03453481197357178; 0.7887461185455322; -0.47554153203964233; 1.2341945171356201; 0.2289406806230545; 
164; 1.2333844900131226; 0.427899032831192; 0.5694056749343872; -0.3775094747543335; 1.1392180919647217; 0.20996278524398804; 
111; 1.2925686836242676; 0.03805428743362427; 0.9095866680145264; -0.5944128036499023; 0.9837667942047119; 0.1903599500656128; 
104; 0.9664262533187866; -0.10680070519447327; 0.3543294072151184; -0.5909290313720703; 1.2773277759552002; 0.22195929288864136; 
171; 0.9731190204620361; 0.39414048194885254; 0.7475802898406982; -0.3243619203567505; 1.213515043258667; 0.29214584827423096; 
157; 1.6508402824401855; -0.15110814571380615; 0.6790337562561035; -0.42461109161376953; 1.172924518585205; 0.5501675605773926; 
100; 0.6408126354217529; 0.6356574892997742; 0.6710520386695862; -0.3840934932231903; 1.059166669845581; 0.42307931184768677; 
103; 1.609078049659729; 0.5259386897087097; 0.5968208312988281; -0.4097578525543213; 1.2338448762893677; 0.018419861793518066; 
170; 0.9422253966331482; 0.5885006189346313; 0.4735521078109741; -0.0995536744594574; 1.6150481700897217; 0.4209050238132477; 
106; 1.248509168624878; 0.47876614332199097; 0.4211505949497223; -0.5138149261474609; 1.589332103729248; 0.2098117172718048; 
112; 1.6061885356903076; 0.3259724974632263; 0.2534840404987335; -0.7744695544242859; 0.9556085467338562; 0.012482613325119019; 
156; 1.6721794605255127; 0.6729100942611694; 0.8519960045814514; -0.553891658782959; 1.5417368412017822; 0.13365398347377777; 
107; 1.1092591285705566; -0.21991461515426636; 0.6635997891426086; -0.5650506019592285; 1.4380449056625366; 0.4802674651145935; 
123; 1.4559643268585205; -0.0493355393409729; 0.5099812150001526; -0.33158427476882935; 1.3019685745239258; 0.27699941396713257; 
145; 1.3038183450698853; 0.8509780168533325; 0.2203986644744873; -0.5399865508079529; 1.3203102350234985; 0.4219115078449249; 
129; 1.720080018043518; 0.6714027523994446; 0.04135507345199585; -0.7061523199081421; 1.5437617301940918; 0.5377850532531738; 
122; 1.1006301641464233; 0.2813768982887268; 1.2488131523132324; -0.41654860973358154; 1.2405004501342773; 0.27091890573501587; 
127; 1.39546537399292; 0.33243244886398315; 0.5378760099411011; -0.37516552209854126; 1.1113178730010986; 0.5514342784881592; 

121; 1.2918729782104492; -0.34063076972961426; 0.5173401832580566; -0.4594183564186096; 1.458970308303833; 0.46925443410873413; 
161; 1.4358036518096924; 0.43770310282707214; 0.6504505276679993; -0.5352504253387451; 1.3370640277862549; 0.1872383952140808; 
114; 1.4243626594543457; 0.40301036834716797; 0.9086427092552185; -0.3153001666069031; 1.1259552240371704; 0.3880450129508972; 
168; 0.944715142250061; 0.18221473693847656; 0.7989762425422668; -0.37832799553871155; 1.2636133432388306; 0.1652466356754303; 
180; 1.5531229972839355; 0.6686304807662964; 0.4033166170120239; -0.10030794143676758; 1.4082114696502686; 0.19154848158359528; 
117; 1.5585081577301025; -0.13914257287979126; 0.9093719720840454; -0.3509911596775055; 1.2340149879455566; 0.30519527196884155; 
148; 1.5552396774291992; 0.6026989221572876; 0.5544360280036926; -0.41656598448753357; 1.6811681985855103; 0.6145401000976562; 
105; 1.2807254791259766; 0.05378240346908569; 1.025469422340393; -0.41187340021133423; 1.4255597591400146; 0.31304246187210083; 
169; 1.6291861534118652; 0.11416417360305786; -0.14803308248519897; -0.10465443134307861; 1.1254061460494995; 0.22594083845615387; 
110; 0.9465920329093933; -0.1603071689605713; 0.30695104598999023; -0.4564353823661804; 1.0517857074737549; 0.039104804396629333; 
183; 1.7022528648376465; 0.4392383396625519; 0.9330926537513733; -0.3624686002731323; 1.3084161281585693; 0.4928993582725525; 
102; 1.2524311542510986; 0.12458443641662598; 0.25588303804397583; -0.5897641181945801; 1.6233954429626465; 0.40486204624176025; 
182; 1.178438425064087; 0.521317183971405; 1.020662784576416; -0.6112028956413269; 1.3402334451675415; 0.3783244490623474; 
167; 1.390949010848999; 0.1761382520198822; 0.06121361255645752; -0.4105830192565918; 1.424011468887329; 0.05904647707939148; 
195; 1.1923511028289795; 0.765042781829834; 0.6458767652511597; -0.32029932737350464; 1.2209588289260864; 0.17769934237003326; 
185; 1.0751136541366577; 0.4312572181224823; 0.6352983117103577; -0.23458433151245117; 1.3943090438842773; 0.4323776066303253; 
153; 1.8173637390136719; 0.45573174953460693; 0.5880441069602966; -0.4616524577140808; 1.260143518447876; 0.3619024157524109; 
197; 1.423020601272583; 0.16318732500076294; 0.992343544960022; -0.5188078880310059; 1.46822190284729; 0.24175605177879333; 
184; 1.392815113067627; -0.3305129408836365; 0.5639951229095459; -0.32485365867614746; 1.3641811609268188; 0.11030657589435577; 
188; 1.200265645980835; 0.47279587388038635; 0.2815888822078705; -0.16005317866802216; 1.3721446990966797; 0.3168391287326813; 
126; 1.3512308597564697; -0.09711319208145142; 0.22969704866409302; -0.4977755546569824; 1.077867031097412; 0.22192147374153137; 
128; 1.6064364910125732; 0.13018441200256348; 0.46933847665786743; -0.6010433435440063; 1.245214819908142; 0.28653019666671753; 
133; 1.3393397331237793; 0.17720907926559448; 0.28598150610923767; -0.5170938968658447; 1.239912748336792; 0.28415775299072266; 
125; 0.7483968734741211; 0.33639925718307495; 0.18199577927589417; -0.5445791482925415; 1.1798503398895264; 0.3546737730503082; 
196; 1.23987877368927; 0.7479263544082642; 0.6927248239517212; -0.47736167907714844; 1.4893295764923096; 0.2927672266960144; 
165; 1.6707277297973633; 0.4328553378582001; 1.0992329120635986; -0.4415477216243744; 1.5688552856445312; 0.17162546515464783; 
155; 1.2200381755828857; -0.03067779541015625; 0.7621492743492126; -0.7950992584228516; 1.3237714767456055; 0.3039485514163971; 
174; 0.901306688785553; 0.08512109518051147; 0.23004761338233948; -0.616368293762207; 1.2306560277938843; 0.07955862581729889; 
175; 0.7237301468849182; 0.2607647776603699; 0.26735442876815796; -0.63067227602005; 1.1048816442489624; 0.02891141176223755; 
186; 1.1064969301223755; 0.17354357242584229; 0.21482694149017334; -0.7043227553367615; 1.5117517709732056; 0.042031124234199524; 
108; 1.6576125621795654; 0.17182880640029907; 0.28880083560943604; -0.4508950114250183; 1.210742473602295; 0.4592360258102417; 
198; 1.2112324237823486; 0.026240170001983643; 0.6380004286766052; -0.47864389419555664; 1.2680506706237793; 0.05782812833786011; 
173; 1.2415274381637573; 0.12226122617721558; 0.3101147413253784; -0.48068875074386597; 1.1571439504623413; 0.08659116923809052; 
151; 1.4260401725769043; 0.43380555510520935; 0.3984999358654022; -0.31378644704818726; 1.0567338466644287; 0.3711799085140228; 
113; 1.1900612115859985; 0.587769091129303; 1.112502098083496; -0.44616949558258057; 1.5502116680145264; 0.4284649193286896; 
142; 1.210373878479004; 0.0064580440521240234; 0.18890053033828735; -0.644294023513794; 1.0955339670181274; 0.23957204818725586; 
150; 0.9738903045654297; 0.174205482006073; 1.144180178642273; -0.4430152177810669; 1.5028572082519531; 0.49361711740493774; 
109; 1.5905437469482422; 0.31690365076065063; 0.7089418768882751; -0.3332149088382721; 1.0999003648757935; 0.2960687577724457; 
124; 1.1331284046173096; 0.26705116033554077; 0.4162626266479492; -0.6489708423614502; 1.405947208404541; 0.3495396375656128; 
130; 0.8509213328361511; 0.6179466247558594; 0.746624767780304; -0.7213306427001953; 1.5471585988998413; 0.46544480323791504; 
194; 0.9255186915397644; 0.6493785977363586; 0.4043121337890625; -0.39981594681739807; 1.4863251447677612; 0.30636298656463623; 
132; 0.9907201528549194; 0.21732771396636963; 1.1064997911453247; -0.3007793724536896; 0.9651820659637451; 0.41649922728538513; 
119; 1.518270492553711; 0.2117442488670349; 0.4959178566932678; -0.33600184321403503; 0.9728987812995911; 0.5425859093666077; 
118; 1.6820929050445557; 0.6115464568138123; 0.16528886556625366; -0.41351187229156494; 1.1108778715133667; 0.18592078983783722; 
115; 1.4728697538375854; 0.16895148158073425; 0.6495081186294556; -0.2340732365846634; 1.0675811767578125; 0.3067464530467987; 
131; 1.2297992706298828; -0.01025688648223877; 0.7628173232078552; -0.43441998958587646; 1.0010470151901245; 0.3099953532218933; 
149; 1.22210693359375; 0.627909243106842; 0.2646237015724182; -0.28802570700645447; 1.04366135597229; 0.6154422760009766; 
193; 1.3173309564590454; 0.4061349034309387; 0.595619797706604; -0.40767860412597656; 1.2061649560928345; 0.41262707114219666; 
135; 1.2753853797912598; 0.41133227944374084; 0.4703299403190613; -0.18472188711166382; 1.167515754699707; 0.40999674797058105; 
137; 1.0915639400482178; 0.33724555373191833; 0.7463988065719604; -0.4635903835296631; 1.0529193878173828; 0.2203836888074875; 
159; 1.8234000205993652; 0.5157811045646667; 1.199241280555725; -0.746243417263031; 1.536054015159607; 0.2684536278247833; 
101; 1.1796926259994507; 0.7821359634399414; 1.3365262746810913; -0.20972540974617004; 1.3871017694473267; 0.4531009793281555; 
192; 0.9594128727912903; -0.046409428119659424; 0.1032189130783081; -0.5858600735664368; 1.4480713605880737; 0.18445155024528503; 
166; 0.9532199501991272; 0.08343970775604248; 0.9839612245559692; -0.27890077233314514; 1.3237558603286743; 0.2665390372276306; 
146; 1.3567702770233154; 0.9907591342926025; 1.1079457998275757; -0.45803043246269226; 1.1321828365325928; 0.35059210658073425; 
120; 1.173068881034851; 0.1843632161617279; 0.5849091410636902; -0.29125964641571045; 1.0872981548309326; 0.40213823318481445; 
147; 0.7771830558776855; 0.018235087394714355; 0.9003891944885254; -0.3552360236644745; 1.7488573789596558; 0.0901220440864563; 
199; 0.9440714120864868; 0.3429615795612335; 0.2274816632270813; -0.3505091667175293; 1.5559208393096924; 0.25003647804260254; 
189; 1.5425666570663452; 0.40150541067123413; 0.5810319185256958; -0.4915531873703003; 1.1173115968704224; 0.2617068886756897; 
144; 1.1854585409164429; 0.7422699928283691; 0.08348959684371948; -0.5427807569503784; 1.3076956272125244; 0.19347012042999268; 
136; 1.2244312763214111; -0.22709357738494873; 0.8824958205223083; -0.34265708923339844; 1.2382197380065918; 0.2129172831773758; 
139; 1.577803134918213; -0.009857594966888428; 0.5150190591812134; -0.4123408794403076; 1.241763710975647; 0.4621194005012512; 
187; 1.2794575691223145; 0.09079980850219727; 0.6881899237632751; -0.5407833456993103; 1.022635579109192; 0.374370276927948; 
116; 1.4584376811981201; 0.40079158544540405; 0.6050390601158142; -0.656988263130188; 1.226988673210144; 0.25979265570640564; 
143; 1.2120832204818726; 0.23348653316497803; 0.4763595461845398; -0.3675597012042999; 1.114815592765808; 0.14503155648708344; 
154; 1.3467628955841064; 0.35836130380630493; 0.6221721172332764; -0.18935346603393555; 1.2665090560913086; 0.25004392862319946; 
152; 1.0905110836029053; 0.460238516330719; 0.3995698094367981; -0.34353625774383545; 1.128556489944458; 0.25127533078193665; 
172; 1.4216936826705933; 0.44999223947525024; 0.7457882761955261; -0.6460342407226562; 1.2165895700454712; 0.3201327323913574; 
190; 1.3934433460235596; -0.19178849458694458; 0.8465827703475952; -0.4495100975036621; 1.407910704612732; 0.41917839646339417; 
160; 1.2229926586151123; 0.29072874784469604; 0.32454389333724976; -0.41030430793762207; 1.0487902164459229; 0.40160471200942993; 
178; 1.1960136890411377; 0.1886553168296814; -0.21797603368759155; -0.3328358232975006; 1.3856391906738281; 0.06469883024692535; 
134; 1.7559926509857178; 0.6775495409965515; 1.3092668056488037; -0.3119415044784546; 1.4263734817504883; 0.41252565383911133; 
179; 1.6565746068954468; 0.8782985210418701; 1.0584462881088257; -0.08260196447372437; 1.1666392087936401; 0.3477712869644165; 
158; 0.9179811477661133; 0.798883318901062; 0.6112128496170044; -0.29627540707588196; 1.0477126836776733; 0.4608575999736786; 
138; 1.7109334468841553; 0.43764519691467285; 0.9351456165313721; -0.412741482257843; 1.6035025119781494; 0.44097840785980225; 
140; 1.0081877708435059; 0.08444589376449585; 0.12675964832305908; -0.41788554191589355; 1.6489639282226562; 0.21488884091377258; 
141; 1.353015661239624; 0.8563311100006104; 0.7203259468078613; -0.10998287796974182; 1.371718168258667; 0.19129157066345215; 
191; 1.3620206117630005; 0.5451006889343262; 0.6613733172416687; -0.5590217113494873; 1.3890620470046997; 0.10217365622520447; 
177; 0.7587201595306396; 0.34430956840515137; 0.5573975443840027; -0.3896350860595703; 1.098476529121399; 0.4585769474506378; 
249; 1.8455919027328491; 0.4887336492538452; 0.8662843704223633; -0.25618085265159607; 1.652915596961975; 0.6087479591369629; 
242; 1.3925988674163818; 0.22957241535186768; 0.7204148769378662; -0.46948498487472534; 1.2340832948684692; -0.00601506233215332; 
280; 1.775796890258789; 0.3793148696422577; 0.5553255677223206; -0.15387976169586182; 1.3801295757293701; 0.3898027539253235; 
222; 1.2952394485473633; 0.28071367740631104; 1.0316307544708252; -0.3889273703098297; 1.4033668041229248; 0.1022053062915802; 
219; 1.509461522102356; 0.42780357599258423; 0.05415380001068115; -0.2554768919944763; 1.3804845809936523; 0.4082872271537781; 
223; 1.3082606792449951; -0.09014451503753662; 0.8645645380020142; -0.30883002281188965; 1.0118002891540527; 0.17226636409759521; 
281; 1.4588916301727295; -0.11421263217926025; 0.8819243907928467; -0.8279513120651245; 1.816572666168213; 0.2645852267742157; 
238; 1.5229272842407227; 0.7709836959838867; 0.756676435470581; -0.6090449094772339; 1.369509220123291; 0.1538451761007309; 
279; 1.3854879140853882; 0.017906546592712402; 0.8806565403938293; -0.296906054019928; 1.5680713653564453; 0.32660263776779175; 
282; 1.1311678886413574; 0.6105620861053467; 0.7679633498191833; -0.5032555460929871; 1.3577349185943604; 0.5392581224441528; 
217; 0.6422061920166016; 0.1881890892982483; 0.5359786748886108; -0.2954736351966858; 0.8103808760643005; 0.05849581956863403; 
251; 1.396169662475586; 0.11021322011947632; 0.0840306282043457; -0.30962610244750977; 1.2750946283340454; 0.18100300431251526; 
218; 1.2221903800964355; 0.9507184624671936; 0.7671558856964111; -0.5179771184921265; 1.5405136346817017; 0.07310239970684052; 
202; 0.7494611740112305; -0.6781491637229919; 0.5482666492462158; -0.3785480558872223; 1.193825602531433; 0.3634677231311798; 
205; 1.393093466758728; 0.8295516967773438; 1.2300353050231934; -0.24213609099388123; 1.2337641716003418; 0.07772363722324371; 
215; 1.5974819660186768; -0.003565490245819092; 0.18733066320419312; -0.5780686140060425; 1.3373469114303589; -0.022089555859565735; 
241; 1.2705051898956299; -0.22508496046066284; 0.7988295555114746; -0.5435445308685303; 1.256291389465332; 0.07561318576335907; 
248; 0.8393272161483765; 0.17618340253829956; 0.4517607092857361; -0.45389997959136963; 0.9954733848571777; 0.2668059170246124; 
266; 1.4278759956359863; 0.4182043969631195; 0.8404146432876587; -0.23771914839744568; 1.1488076448440552; 0.23353910446166992; 
250; 1.459348440170288; 1.019828200340271; 0.8665566444396973; -0.1689768135547638; 1.3252980709075928; 0.05020308494567871; 
234; 1.8597865104675293; 0.2909061312675476; 0.9016727209091187; -0.49482205510139465; 1.3642094135284424; 0.45170074701309204; 
245; 1.2751436233520508; -0.02277541160583496; 0.6729277968406677; -0.40746361017227173; 1.3676469326019287; 0.4322003424167633; 
212; 1.429821491241455; 0.8131013512611389; 0.6558586359024048; -0.39055001735687256; 1.3198405504226685; 0.2251136600971222; 
207; 1.0667946338653564; 0.8347808122634888; 1.0525507926940918; -0.581749677658081; 1.4369490146636963; 0.09839296340942383; 
214; 1.249438762664795; -0.0914299488067627; 0.39194637537002563; -0.20425580441951752; 1.0808861255645752; 0.047679826617240906; 
260; 1.2343180179595947; 0.12898468971252441; 0.5360894799232483; -0.48238861560821533; 1.3176769018173218; 0.32164695858955383; 
203; 1.1047537326812744; 0.23177707195281982; 0.749332070350647; -0.3869468569755554; 1.5403268337249756; 0.2689393162727356; 
206; 0.6459537744522095; -0.38818299770355225; 0.5789653658866882; -0.44088244438171387; 1.68197500705719; 0.20797869563102722; 
265; 1.3548247814178467; 0.6042484045028687; 0.15572714805603027; -0.5886132717132568; 1.3355686664581299; 0.393091082572937; 
252; 1.3315545320510864; 0.1893765926361084; 0.4425806403160095; -0.3193807005882263; 1.571666955947876; 0.28961479663848877; 
216; 1.0182650089263916; 0.2168821096420288; 0.8220402598381042; -0.3333490788936615; 1.5164856910705566; 0.025056123733520508; 
239; 1.5923659801483154; 0.7160787582397461; 0.4233096241950989; -0.19137001037597656; 1.3176941871643066; 0.1159626841545105; 
231; 1.2005670070648193; -0.08090484142303467; 0.36195996403694153; -0.5455882549285889; 1.362393856048584; 0.09945611655712128; 
230; 1.7666819095611572; 0.004227280616760254; 1.1205031871795654; -0.49201133847236633; 1.2742488384246826; 0.01693764328956604; 
232; 1.156585693359375; 0.26551902294158936; 0.5303815603256226; -0.6410484313964844; 1.305162787437439; 0.49947792291641235; 
244; 2.103766918182373; 0.5683261156082153; 0.6566108465194702; -0.2530108094215393; 1.507231593132019; 0.4024326503276825; 
228; 0.781686007976532; -0.05693209171295166; -0.16577136516571045; -0.4509905278682709; 1.214478850364685; 0.3629910945892334; 
233; 1.4970917701721191; -0.3621866703033447; 0.8477325439453125; -0.47033214569091797; 1.459740400314331; 0.3402208983898163; 
267; 1.140435814857483; 0.4347233772277832; 0.5003226399421692; -0.45008835196495056; 1.2644119262695312; 0.3187771439552307; 
229; 1.3623237609863281; -0.20177865028381348; 0.6372772455215454; -0.268165647983551; 1.3764541149139404; 0.22765354812145233; 
276; 1.418468713760376; 0.35901397466659546; 0.6356353163719177; -0.31068551540374756; 1.2737722396850586; -0.010331571102142334; 
204; 1.1850144863128662; -0.31061267852783203; 0.8407366275787354; -0.2672383785247803; 1.027868628501892; 0.5203365087509155; 
246; 1.7611913681030273; 0.7923091650009155; 0.7613430619239807; -0.13182955980300903; 1.1960093975067139; 0.186872661113739; 
278; 1.021712064743042; 0.40939897298812866; 1.048252820968628; -0.23905843496322632; 1.0713109970092773; 0.2172388881444931; 
236; 0.9535560011863708; 0.24863934516906738; 0.6718341112136841; -0.32341158390045166; 1.3727655410766602; 0.3361508846282959; 
274; 1.62266206741333; -0.22801226377487183; -0.04222142696380615; -0.2694849967956543; 1.1817301511764526; 0.19654762744903564; 
225; 1.0493451356887817; 0.09845834970474243; 1.0446630716323853; -0.3887674808502197; 1.3652032613754272; 0.5389635562896729; 
247; 1.0086333751678467; 0.16962862014770508; 0.695119321346283; -0.5252469778060913; 1.1616730690002441; 0.2691084146499634; 
227; 1.1768063306808472; 0.18060529232025146; 0.8551092147827148; -0.4322589039802551; 1.1236222982406616; 0.1852041482925415; 
296; 1.3619941473007202; 0.15384340286254883; 0.13353145122528076; -0.3459456264972687; 1.3427760601043701; 0.33750030398368835; 
270; 1.436253547668457; 0.5579119920730591; 0.400858998298645; -0.3122563362121582; 1.4201152324676514; 0.2827587127685547; 
277; 1.9348326921463013; 0.20593902468681335; 0.8159141540527344; -0.2654380798339844; 1.282175898551941; 0.30039915442466736; 
297; 1.385661005973816; -0.298922598361969; 0.4348605275154114; -0.3867199420928955; 1.3900506496429443; 0.2053876668214798; 
275; 1.4604856967926025; 0.272599458694458; 0.9923863410949707; -0.37496644258499146; 1.6687263250350952; 0.2831938564777374; 
224; 1.6395559310913086; 0.31268930435180664; 0.8173368573188782; -0.2647073566913605; 1.6177468299865723; 0.6911948919296265; 
289; 1.2925317287445068; 0.7384730577468872; 0.7971382141113281; -0.23001959919929504; 1.3309378623962402; 0.3490030765533447; 
258; 1.8816814422607422; -0.3927009701728821; 0.5705923438072205; -0.611464262008667; 1.248719334602356; -0.14036518335342407; 

271; 0.8939597010612488; -0.055962979793548584; -0.09516137838363647; -0.38821572065353394; 1.3382930755615234; 0.3913539946079254; 
259; 1.3415309190750122; 0.12072569131851196; 0.6790952682495117; -0.5890621542930603; 1.1937990188598633; 0.17191123962402344; 
292; 1.526760458946228; 0.27207380533218384; 0.42987412214279175; -0.5081861019134521; 1.5443967580795288; 0.2078327238559723; 
237; 1.4053354263305664; 0.18087691068649292; 0.2786370515823364; -0.40890511870384216; 1.2789479494094849; 0.07278627157211304; 
226; 1.6558005809783936; 0.48499900102615356; 0.3307487666606903; -0.7432560324668884; 1.3052561283111572; 0.32836735248565674; 
257; 1.6136133670806885; 0.4751430153846741; 0.4252404570579529; -0.42734208703041077; 1.4429090023040771; 0.15640877187252045; 
272; 1.1415059566497803; 0.2072468400001526; 0.6185544729232788; -0.40486374497413635; 1.5547938346862793; 0.30801311135292053; 
288; 1.2676173448562622; 0.2668316960334778; 0.3285401165485382; -0.4368917644023895; 1.686876654624939; 0.2316080778837204; 
208; 1.338874340057373; 0.22042351961135864; 0.773347020149231; -0.36489278078079224; 1.2239712476730347; 0.5886372923851013; 
287; 1.8235650062561035; 0.6508499383926392; 0.37873584032058716; -0.27395305037498474; 1.5582646131515503; 0.08654387295246124; 
285; 1.1697731018066406; 0.1246444582939148; 0.20115944743156433; -0.2555626332759857; 1.0950772762298584; 0.43328621983528137; 
290; 0.8269492387771606; 0.024720877408981323; 0.7347041368484497; -0.4060536026954651; 1.1997764110565186; -0.02245829999446869; 
262; 0.9765500426292419; 0.07833144068717957; 0.8679940104484558; -0.437546968460083; 1.160615086555481; 0.004730105400085449; 
295; 1.0268715620040894; 0.2533416450023651; 0.3646223545074463; -0.24940359592437744; 1.2715498208999634; 0.12928506731987; 
286; 1.7344720363616943; 0.6194673776626587; 0.3818131983280182; -0.39775121212005615; 1.4734480381011963; 0.254567414522171; 
213; 1.4738086462020874; 0.6807962656021118; 0.5598583221435547; -0.3547954261302948; 1.4541904926300049; 0.5253995060920715; 
254; 1.4238066673278809; 0.3396075367927551; 1.1910061836242676; -0.31621497869491577; 1.5519765615463257; 0.32572507858276367; 
220; 1.6598955392837524; 0.2326846718788147; 0.7023575305938721; -0.09911137819290161; 1.5379672050476074; 0.3339519798755646; 
200; 1.956249713897705; 0.119029700756073; 0.3334238529205322; -0.3593836724758148; 1.232357382774353; 0.38628602027893066; 
291; 1.1854336261749268; -0.4533950686454773; 1.05794095993042; -0.6462967395782471; 1.4343825578689575; 0.021807819604873657; 
221; 1.241603136062622; 0.3869309425354004; 0.47176051139831543; -0.46165263652801514; 1.1313791275024414; 0.07304462790489197; 
255; 1.2780637741088867; -0.11945116519927979; 0.48215895891189575; -0.4910471439361572; 1.3067128658294678; 0.38596653938293457; 
253; 0.944133460521698; 0.2813941240310669; 0.9273694753646851; -0.29521724581718445; 1.593567967414856; 0.6700621843338013; 
264; 1.6934170722961426; 0.4748440682888031; 0.9351597428321838; -0.41933971643447876; 1.138143539428711; 0.271571546792984; 
284; 1.4844141006469727; 0.4438956379890442; 0.5192738771438599; -0.21510258316993713; 1.2089654207229614; 0.24472567439079285; 
243; 1.4485855102539062; 0.32236891984939575; 0.8894929885864258; -0.6249195337295532; 1.365304946899414; 0.009815514087677002; 
235; 2.326625347137451; 0.5704131722450256; 0.23077118396759033; -0.36321333050727844; 1.8479890823364258; 0.29367008805274963; 
298; 1.6244276762008667; 0.37366679310798645; 0.2863364815711975; -0.3287231922149658; 1.3888092041015625; 0.1650174856185913; 
201; 1.9932012557983398; -0.20105689764022827; 0.5927756428718567; -0.5167056322097778; 1.7027125358581543; 0.27109143137931824; 
240; 1.4463386535644531; 0.4096640348434448; 0.5428562164306641; -0.3698664605617523; 1.1110248565673828; 0.2448827624320984; 
268; 1.3213343620300293; 0.03603816032409668; 0.13511592149734497; -0.24927598237991333; 1.2287185192108154; 0.4878242611885071; 
283; 0.9422049522399902; 0.7247586250305176; 0.445685476064682; -0.6105780601501465; 1.544674277305603; 0.2332223504781723; 
209; 1.8141372203826904; 0.1707160472869873; 0.65056312084198; -0.22786840796470642; 1.3604223728179932; 0.20680418610572815; 
294; 1.454155445098877; 0.18824154138565063; 0.44333624839782715; -0.5563729405403137; 1.2412527799606323; 0.058471307158470154; 
211; 1.2451468706130981; 0.06478226184844971; -0.04259026050567627; -0.35252705216407776; 1.3900563716888428; 0.20788180828094482; 
263; 1.3393778800964355; 0.7866877317428589; 0.7171705961227417; -0.26671597361564636; 1.0228071212768555; 0.7414839267730713; 
256; 1.90323805809021; -0.03092247247695923; 0.3349277973175049; -0.5653634667396545; 0.9422295689582825; 0.6053365468978882; 
269; 1.4203505516052246; 0.2928473651409149; 1.0747222900390625; -0.05765002965927124; 1.6083152294158936; 0.2771209478378296; 
210; 1.3636705875396729; 0.15711337327957153; 0.44532132148742676; -0.38993582129478455; 1.0692169666290283; 0.7241553068161011; 
261; 1.3492687940597534; 0.4164066016674042; 0.2180822491645813; -0.3733406364917755; 1.3226475715637207; 0.3694747984409332; 
293; 1.5821716785430908; 0.27569910883903503; 0.5409666895866394; -0.53886479139328; 1.019379734992981; 0.2859768271446228; 
299; 0.7335910201072693; 0.7016478180885315; 1.110950231552124; -0.46835339069366455; 1.5598115921020508; 0.2137029767036438; 
354; 1.3462750911712646; 0.18152004480361938; 1.0087145566940308; -0.26371675729751587; 1.2142350673675537; 0.4703977704048157; 
316; 0.9911050796508789; -0.286063015460968; 0.5105944275856018; -0.5416355133056641; 1.3140279054641724; 0.5126664638519287; 
304; 1.6874175071716309; 0.3960686922073364; 0.8538588881492615; -0.8120331764221191; 1.0082839727401733; 0.20146705210208893; 
302; 1.20498526096344; 0.266323447227478; 0.5088735222816467; -0.3422820270061493; 1.41050124168396; 0.16555799543857574; 
353; 1.4988152980804443; 0.5255089402198792; 1.0765970945358276; -0.42678406834602356; 1.4791834354400635; 0.745814323425293; 
305; 1.3372524976730347; 0.7797319293022156; 0.4174850881099701; -0.2890133261680603; 1.2390766143798828; 0.0928303450345993; 
337; 0.764042854309082; 0.24599787592887878; 0.6971144676208496; -0.4142085611820221; 1.161413311958313; -0.0685538649559021; 
385; 1.3710646629333496; 0.35698243975639343; 0.3129309117794037; -0.3063358962535858; 0.9861205220222473; 0.4456196129322052; 
384; 0.9296302795410156; 0.18092215061187744; 0.6192484498023987; -0.560436487197876; 1.3288935422897339; 0.46049636602401733; 
301; 1.228341817855835; 0.057061731815338135; 0.5307472944259644; -0.44249048829078674; 1.3014872074127197; 0.1431547850370407; 
320; 1.6400266885757446; 0.4789443910121918; 0.7351006269454956; -0.24650365114212036; 1.4354565143585205; 0.2768332064151764; 
322; 1.0321989059448242; 0.35085156559944153; 1.0721378326416016; -0.3657667934894562; 1.3714728355407715; 0.11720804870128632; 
321; 1.0889806747436523; 0.2975393831729889; 0.5328383445739746; -0.4614019989967346; 1.5789098739624023; -0.08625748753547668; 
386; 1.235108494758606; -0.2925216555595398; 0.27710747718811035; -0.3187042474746704; 1.0428813695907593; 0.2002618908882141; 
387; 1.1587902307510376; 0.018539369106292725; 0.7996929287910461; -0.3799344599246979; 1.390857219696045; 0.12617133557796478; 
309; 1.132096767425537; 0.5284719467163086; 0.6426318883895874; -0.4291638135910034; 1.533811092376709; 0.1399003118276596; 
326; 1.511357069015503; 0.4105284810066223; 0.6313130259513855; -0.28843745589256287; 1.3425638675689697; 0.5219153761863708; 
383; 0.9424028396606445; 0.08294159173965454; 0.3145172595977783; -0.4341760277748108; 1.554532527923584; 0.25834476947784424; 
311; 1.76177978515625; 0.3283430337905884; 0.1387174129486084; -0.301209419965744; 1.414921522140503; 0.6490994691848755; 
303; 1.2618284225463867; 0.4386214315891266; 0.8063396215438843; -0.5230836272239685; 1.2626876831054688; 0.3743802607059479; 
310; 1.4472362995147705; -0.84516441822052; 0.3779400587081909; -0.6489675641059875; 1.1600561141967773; 0.13604161143302917; 
339; 1.4297305345535278; 0.19977697730064392; 0.9039621353149414; -0.49085095524787903; 1.2997950315475464; 0.3043326437473297; 
318; 0.9363659024238586; 0.004381239414215088; 0.6718590259552002; -0.5684428215026855; 1.272979497909546; 0.48627761006355286; 
325; 1.1867291927337646; 0.46959662437438965; -0.324420690536499; -0.34360867738723755; 1.1993576288223267; 0.26322588324546814; 
390; 1.539718508720398; 0.3258400559425354; 0.6509239673614502; -0.7201523780822754; 1.5289911031723022; -0.09598669409751892; 
338; 1.4498940706253052; 0.31495022773742676; 0.8384537696838379; -0.441297322511673; 1.6174960136413574; 0.3663438558578491; 
399; 1.0823020935058594; 0.25385481119155884; 0.8145788311958313; -0.4341008961200714; 1.1138479709625244; 0.4884836673736572; 
307; 1.3289673328399658; -0.032510221004486084; 0.05892360210418701; -0.17203447222709656; 1.4475693702697754; 0.15988677740097046; 
323; 0.8057334423065186; 0.21540150046348572; 0.7606172561645508; -0.4213564991950989; 1.3703718185424805; 0.21353518962860107; 
335; 1.1072585582733154; 0.26257801055908203; 0.771014392375946; -0.536320686340332; 1.238722801208496; 0.04192766547203064; 
382; 1.4811451435089111; 0.24025791883468628; 0.7510337233543396; -0.27045726776123047; 1.1820595264434814; 0.42596861720085144; 
334; 1.802962303161621; 0.3104225993156433; 0.4691029489040375; -0.39596888422966003; 1.3096449375152588; 0.23819133639335632; 
368; 1.125110149383545; 0.47863125801086426; 0.3846690058708191; -0.31843867897987366; 1.4151049852371216; 0.3550333082675934; 
355; 1.3569799661636353; 0.10977458953857422; 0.1801912486553192; -0.6952879428863525; 1.2923438549041748; 0.2925994098186493; 
331; 0.9235431551933289; 0.7778371572494507; 0.9460411071777344; -0.8702868223190308; 1.3310610055923462; 0.05634962022304535; 
356; 1.0414766073226929; 0.39122214913368225; 0.5761076211929321; -0.5759461522102356; 1.5617988109588623; 0.4879242479801178; 
333; 1.0169963836669922; -0.048147499561309814; 0.8435373306274414; -0.14437878131866455; 1.4254980087280273; 0.2761300802230835; 
360; 1.195332646369934; 0.33781731128692627; 0.3175489604473114; -0.6081312894821167; 1.2383313179016113; 0.2559688687324524; 
364; 1.3894762992858887; 0.33941563963890076; 0.7952289581298828; -0.385310560464859; 1.3988449573516846; 0.12775865197181702; 
362; 1.8540210723876953; 0.19931364059448242; 0.7102090120315552; -0.4695054590702057; 1.2263675928115845; 0.47608956694602966; 
373; 1.3919093608856201; -0.11525541543960571; 0.2140374779701233; -0.31232887506484985; 1.2684038877487183; 0.2645854353904724; 
361; 1.2049736976623535; 0.07063031196594238; 0.92121422290802; -0.3785321116447449; 1.489838719367981; 0.16127055883407593; 
340; 1.493105411529541; 0.40522199869155884; 0.6061504483222961; -0.6045302152633667; 1.0124560594558716; 0.07866477966308594; 
314; 1.595697045326233; -0.13738614320755005; -0.09225344657897949; -0.23484009504318237; 1.1145496368408203; 0.5167006254196167; 
374; 1.352771282196045; 0.31772515177726746; 0.7476966977119446; -0.46383750438690186; 1.0207877159118652; 0.4076438546180725; 
351; 1.2047587633132935; -0.02667909860610962; 0.4596863389015198; -0.29974082112312317; 1.5272295475006104; 0.08652547001838684; 
398; 1.1680957078933716; -0.3140658140182495; 0.8949787616729736; -0.024195879697799683; 1.584047794342041; 0.37465980648994446; 
380; 0.9786052107810974; 0.6387046575546265; 1.22160804271698; -0.34408995509147644; 1.6409454345703125; 0.7117184400558472; 
329; 1.580701231956482; -0.1527501344680786; 0.032962262630462646; -0.24591371417045593; 1.205857515335083; -0.11754995584487915; 
300; 1.4462624788284302; 0.22893163561820984; 0.8162094950675964; -0.49225446581840515; 0.9371824264526367; 0.1568634957075119; 
357; 1.3691556453704834; 0.45201048254966736; 0.5243721008300781; -0.4723966419696808; 1.4800678491592407; 0.5414847731590271; 
396; 1.575495958328247; -0.47073715925216675; 0.30216383934020996; -0.6713917851448059; 1.0111463069915771; 0.6288636922836304; 
391; 1.2996301651000977; 0.6599971652030945; 0.5162338018417358; -0.632218599319458; 1.289079189300537; 0.3646429479122162; 
327; 1.3464751243591309; 0.2419872283935547; 0.9613431692123413; -0.4974600672721863; 1.4076958894729614; 0.35922038555145264; 
369; 0.8283513188362122; 0.11929529905319214; 0.6607433557510376; -0.583065390586853; 1.4249540567398071; 0.2669748067855835; 
388; 1.584223985671997; 0.9815414547920227; 0.5580613613128662; -0.5289804935455322; 1.4427462816238403; 0.31749287247657776; 
367; 1.9300132989883423; 0.5885211229324341; 0.9047489166259766; -0.30143335461616516; 1.1440832614898682; 0.3255520462989807; 
330; 1.8579217195510864; 0.024583160877227783; 0.9179679155349731; -0.40307316184043884; 1.1003656387329102; 0.5023220777511597; 
324; 1.5308470726013184; 0.8903892040252686; 0.8021888732910156; -0.35496121644973755; 1.3786120414733887; 0.2814514935016632; 
352; 1.8494195938110352; 0.422579288482666; 0.5999360084533691; -0.6280323266983032; 1.330228328704834; 0.24070443212985992; 
371; 1.2510530948638916; 0.6217307448387146; 0.5635913014411926; -0.2570212483406067; 1.3311865329742432; 0.30612578988075256; 
393; 1.5044612884521484; 0.7649308443069458; 1.1208854913711548; -0.836414098739624; 1.3083724975585938; 0.20906761288642883; 
336; 1.0046234130859375; -0.012925028800964355; 0.5186713337898254; -0.4187001585960388; 1.2117249965667725; 0.24055206775665283; 
348; 1.7359113693237305; 0.16274452209472656; 1.0127708911895752; -0.46160873770713806; 1.3536890745162964; 0.3306881785392761; 
394; 1.603480339050293; -0.23629271984100342; 0.7307502031326294; -0.5810942649841309; 1.6354103088378906; 0.2888104319572449; 
328; 0.8843777179718018; 0.2811756730079651; 0.48515617847442627; -0.36002999544143677; 1.250653862953186; 0.2831591069698334; 
350; 1.5838284492492676; 0.3591911792755127; 0.49659329652786255; -0.5218743085861206; 1.0689424276351929; 0.3937278389930725; 
332; 1.5542092323303223; 0.7026693820953369; 0.7360292673110962; -0.41759151220321655; 1.2515232563018799; 0.5706890821456909; 
372; 0.5263580679893494; 0.13112550973892212; 1.2863264083862305; -0.41291531920433044; 1.2800604104995728; 0.5098249316215515; 
346; 1.294980525970459; 0.16755780577659607; 0.497212290763855; -0.4429984986782074; 1.372591257095337; 0.36334657669067383; 
349; 0.6274187564849854; 0.4208067059516907; 0.6259936690330505; -0.35931307077407837; 1.2977218627929688; 0.2772104740142822; 
347; 0.9698270559310913; 0.18580806255340576; 0.12519723176956177; -0.4893507957458496; 1.2711176872253418; -0.026630520820617676; 
366; 1.0962618589401245; -0.4592006206512451; 0.36083412170410156; -0.5076874494552612; 1.254373550415039; 0.285829097032547; 
392; 1.5114514827728271; 0.21668696403503418; 0.9295431971549988; -0.3334282338619232; 1.4195282459259033; 0.12320005893707275; 
359; 1.3500902652740479; 0.16563987731933594; 0.654584527015686; -0.24342834949493408; 1.6058154106140137; 0.42495954036712646; 
379; 1.6313329935073853; -0.8157718777656555; 0.03302145004272461; -0.4183964133262634; 1.2094001770019531; 0.0635850727558136; 
381; 1.1106383800506592; 0.03280937671661377; 0.6726928353309631; -0.27548307180404663; 1.5401972532272339; 0.10632772743701935; 
306; 1.7035417556762695; 0.2504977583885193; 0.06777936220169067; -0.5945045948028564; 1.2584799528121948; 0.14027756452560425; 
397; 1.597121238708496; 0.5646563768386841; 0.6042502522468567; -0.5185607671737671; 1.1177780628204346; 0.2597047984600067; 
344; 1.0849716663360596; -0.5738893747329712; 0.3551388680934906; -0.5775554180145264; 1.2857873439788818; 0.4587884545326233; 
342; 0.9414137601852417; 0.2974294126033783; 0.405848890542984; -0.4265996217727661; 1.4784481525421143; 0.36705052852630615; 
389; 1.5080536603927612; -0.25908106565475464; 0.9169833064079285; -0.3932263255119324; 1.1638212203979492; 0.39676615595817566; 
358; 1.3463265895843506; 0.1509401798248291; 0.8372594118118286; -0.5236603617668152; 1.2826215028762817; -0.10077285766601562; 
395; 1.369078516960144; -0.17275196313858032; 0.13710695505142212; -0.3752955198287964; 1.4409949779510498; 0.3837929368019104; 
319; 1.2932701110839844; 0.6973572969436646; 0.3690420687198639; -0.508791983127594; 1.1205964088439941; 0.4543163478374481; 
365; 1.2803418636322021; 0.2883754372596741; -0.03927934169769287; -0.5128144025802612; 1.1451401710510254; 0.31287825107574463; 
308; 2.0770952701568604; -0.5043748021125793; 0.0583152174949646; -0.801450252532959; 0.9369881749153137; 0.5186998248100281; 
315; 1.0332083702087402; -0.38003939390182495; 1.032415509223938; -0.5861124992370605; 1.2084368467330933; 0.3659682869911194; 
363; 1.1762702465057373; 0.14626023173332214; 0.4754524230957031; -0.39493528008461; 1.1239306926727295; 0.07010950148105621; 
312; 1.2055251598358154; 0.7561101913452148; 0.5264253616333008; -0.1346498727798462; 1.4612247943878174; 0.4755982756614685; 
376; 1.5629315376281738; 0.7010617256164551; 1.4377734661102295; -0.18532222509384155; 1.4266514778137207; 0.5217538475990295; 
341; 1.1448395252227783; -0.12947487831115723; 0.9562894105911255; -0.3343754708766937; 1.2177536487579346; 0.2959427833557129; 
317; 1.2311370372772217; 0.3417677581310272; 0.1938703954219818; -0.42622148990631104; 1.2291916608810425; 0.5025420188903809; 
377; 0.9617462158203125; -0.33954572677612305; 0.9123444557189941; -0.22232124209403992; 1.1164075136184692; 0.2886998653411865; 
378; 1.3910646438598633; 0.12730258703231812; 0.6514657139778137; -0.42298245429992676; 1.2339255809783936; 0.12775357067584991; 
370; 1.2235558032989502; 0.4793890118598938; 0.6023608446121216; -0.2868950366973877; 1.2506252527236938; 0.3969018757343292; 
313; 1.4338481426239014; 0.589358389377594; 0.10080885887145996; -0.36885592341423035; 1.361617088317871; 0.5034165382385254; 
343; 1.8661072254180908; 0.4406187832355499; 0.7890839576721191; -0.27989962697029114; 1.568925142288208; 0.5021257400512695; 
375; 1.0172293186187744; 0.22570854425430298; 0.10024577379226685; -0.4502774477005005; 1.1556892395019531; 0.48276644945144653; 
345; 1.166871428489685; 0.1376281976699829; 0.7886324524879456; -0.3854159414768219; 1.373016119003296; 0.08111724257469177; 
420; 1.9979757070541382; 0.5161536931991577; 0.5079588890075684; -0.38990518450737; 1.2035505771636963; 0.06680494546890259; 
403; 1.0625972747802734; -0.012035489082336426; 0.005338549613952637; -0.6093708276748657; 1.2947427034378052; 0.10864628851413727; 
400; 0.8259742856025696; 0.2797028422355652; 0.6424789428710938; -0.4473932683467865; 1.2499678134918213; 0.4034424424171448; 
401; 0.9358769059181213; -0.06295990943908691; 0.2810465395450592; -0.29832014441490173; 1.3016411066055298; 0.32901430130004883; 
433; 1.4886736869812012; 0.8683518171310425; 0.49672916531562805; -0.4968605935573578; 1.3762197494506836; 0.5225893259048462; 
402; 1.5317418575286865; 0.4692037105560303; 0.32638341188430786; -0.46930617094039917; 1.4927120208740234; 0.45644769072532654; 
424; 1.177264928817749; 0.19768187403678894; 0.3154847323894501; -0.3018513023853302; 1.0268785953521729; 0.013730168342590332; 
422; 1.542212724685669; 0.6286640167236328; 0.4303019344806671; -0.3589378893375397; 1.3907474279403687; 0.4800593852996826; 
423; 1.1509310007095337; 0.2741081118583679; 0.351368248462677; -0.346342533826828; 1.1524977684020996; 0.4205590784549713; 
404; 1.8735730648040771; -0.16391801834106445; 0.42645272612571716; -0.4614473581314087; 1.3082749843597412; 0.1364334523677826; 
409; 1.2393172979354858; 0.3261911869049072; 0.3801040053367615; -0.3295626640319824; 1.492416501045227; 0.2707246243953705; 
453; 1.4147030115127563; 0.08453541994094849; 0.9608778953552246; -0.35598087310791016; 1.106779932975769; 0.005407124757766724; 
419; 1.2842568159103394; 0.20580092072486877; 0.9394204616546631; -0.3530198037624359; 1.5726957321166992; 0.11454854905605316; 
407; 1.3302713632583618; 0.6543735861778259; 0.71788090467453; -0.2987537086009979; 1.5247576236724854; 0.005869850516319275; 
421; 1.3006629943847656; 0.47331929206848145; 0.31161442399024963; -0.4374534785747528; 1.4360555410385132; -0.010446727275848389; 
408; 1.2636470794677734; 0.04362654685974121; 0.5039116740226746; -0.3307591378688812; 1.5091546773910522; 0.45486125349998474; 
446; 1.2267284393310547; 0.20699721574783325; 0.7289901375770569; -0.4522874653339386; 1.3010729551315308; 0.44346845149993896; 
405; 1.4931073188781738; -0.3880465626716614; 0.7659205198287964; -0.5240660905838013; 1.595360279083252; 0.22466018795967102; 
411; 1.7829737663269043; 0.8960501551628113; 0.6855595707893372; -0.3411519527435303; 1.5255320072174072; 0.3915892243385315; 
410; 0.9499573111534119; 0.5054675340652466; 0.45752525329589844; -0.48882007598876953; 1.3142786026000977; 0.37262454628944397; 
412; 1.585911750793457; 0.31696557998657227; 0.3404213488101959; -0.3566940426826477; 1.5602091550827026; 0.1971820592880249; 
476; 1.0774857997894287; -0.0533982515335083; 0.6720868945121765; -0.27777937054634094; 1.2049908638000488; 0.3781489133834839; 
498; 1.709963083267212; 0.36176204681396484; 0.8729659914970398; -0.42605629563331604; 1.5274324417114258; 0.34439289569854736; 
469; 1.2440203428268433; 0.3807083070278168; 0.8550994992256165; 0.01402437686920166; 1.5501832962036133; 0.38218945264816284; 
468; 1.3158161640167236; 0.013998925685882568; 1.1417248249053955; -0.2492641657590866; 1.3508110046386719; 0.2583872675895691; 
475; 1.424131155014038; -0.2761673927307129; 0.3060462772846222; -0.28207656741142273; 1.38789701461792; 0.39665913581848145; 
406; 1.8401148319244385; 0.07506990432739258; 0.639307975769043; -0.42809802293777466; 1.621572732925415; 0.3039015531539917; 
494; 0.8397679924964905; 0.2097935974597931; -0.2016485333442688; -0.6344766616821289; 1.1560616493225098; 0.21686671674251556; 
478; 1.7015018463134766; 0.1962834596633911; 0.6776193380355835; -0.3528061509132385; 1.453431248664856; 0.5180432200431824; 
454; 1.4212605953216553; 0.4321839213371277; 0.5423698425292969; -0.21299231052398682; 1.3956055641174316; 0.3697911500930786; 
449; 1.1061911582946777; 0.3234867453575134; 0.5211724638938904; -0.37977665662765503; 1.248245120048523; 0.4464939534664154; 
472; 1.0004420280456543; -0.1991727352142334; 0.07203024625778198; -0.17350104451179504; 1.3637206554412842; 0.3677246570587158; 
460; 0.4802355468273163; 0.22441798448562622; 0.528756320476532; -0.32465335726737976; 1.169666051864624; 0.18390010297298431; 
459; 1.690253496170044; 0.5017482042312622; 0.6551488637924194; -0.22370004653930664; 1.917406439781189; 0.333033949136734; 
455; 1.1935070753097534; 0.3142043948173523; 0.8300573229789734; -0.5908843874931335; 1.5390127897262573; 0.16237221658229828; 
495; 1.6178507804870605; 0.7444167137145996; 0.9310001134872437; -0.3318588435649872; 1.110992431640625; 0.17938575148582458; 
471; 1.176783561706543; -0.2942385673522949; 0.4544811248779297; -0.36210834980010986; 1.3690769672393799; 0.3256659507751465; 
470; 1.443253517150879; 0.21924251317977905; 0.6176251173019409; -0.20390984416007996; 1.1622734069824219; 0.26924338936805725; 
447; 1.3467974662780762; 1.0096642971038818; 0.7864336371421814; -0.4357682466506958; 1.4106314182281494; 0.26528167724609375; 
467; 1.083401083946228; 0.31827181577682495; 0.9514358043670654; -0.48577505350112915; 1.3861616849899292; 0.49840307235717773; 
428; 1.0891034603118896; 0.3196116089820862; 0.45566511154174805; -0.1987278163433075; 1.3883329629898071; 0.451077938079834; 
448; 1.1546177864074707; -0.40228837728500366; 0.3904644548892975; -0.43663206696510315; 1.5515589714050293; 0.13785523176193237; 
473; 1.5932056903839111; 0.23020660877227783; 0.7841326594352722; -0.5735613107681274; 1.262994647026062; 0.2279096245765686; 
474; 1.3487277030944824; -0.025377929210662842; 0.5697930455207825; -0.4979378879070282; 1.5471781492233276; 0.4290938973426819; 
488; 1.643695592880249; 0.32716551423072815; 0.5592215061187744; -0.4361463189125061; 1.6150548458099365; 0.2982799708843231; 
462; 1.6624268293380737; 0.6149893999099731; 0.5429481267929077; -0.5890143513679504; 1.3810501098632812; 0.4044956862926483; 
427; 1.4871244430541992; 0.22371113300323486; 0.7802125811576843; -0.5615209937095642; 1.3342204093933105; 0.6160247325897217; 
489; 1.0846245288848877; -0.13579010963439941; 0.31873175501823425; -0.4638144373893738; 1.0350018739700317; 0.18485048413276672; 
450; 0.9109646081924438; 0.15991121530532837; 0.9483851194381714; -0.28820332884788513; 1.1197458505630493; 0.38828587532043457; 
487; 1.4631133079528809; 0.19307518005371094; 0.8341710567474365; -0.46261289715766907; 1.3188785314559937; 0.47431790828704834; 
482; 1.4620211124420166; -0.3256343603134155; -0.240839421749115; -0.3552457094192505; 1.3772733211517334; 0.4029150605201721; 
429; 1.1545495986938477; 0.5050137639045715; 0.6871011257171631; -0.6637871265411377; 1.4035580158233643; 0.4363122582435608; 
456; 0.6280335187911987; -0.040637850761413574; 0.6183400750160217; -0.6746537685394287; 1.190690040588379; 0.3407180607318878; 
413; 1.6343084573745728; 0.8627322912216187; 1.3792771100997925; -0.27482572197914124; 1.7265132665634155; 0.23005437850952148; 
418; 1.1951093673706055; 0.4260587692260742; 0.46682143211364746; -0.5108619928359985; 1.3702023029327393; 0.409105122089386; 
416; 1.5704573392868042; 0.6247266530990601; 1.0920794010162354; -0.43378451466560364; 1.034444808959961; 0.15949614346027374; 
438; 1.9590188264846802; -0.12427473068237305; 0.2748936414718628; -0.4847036302089691; 1.6500060558319092; 0.3255504369735718; 
426; 1.3989577293395996; -0.1196165680885315; 0.5048500895500183; -0.45477136969566345; 1.440877914428711; 0.26502782106399536; 
443; 1.0658509731292725; -0.3607708811759949; 1.0560485124588013; -0.423467218875885; 1.349539041519165; 0.5082905888557434; 
483; 0.9218968749046326; -0.17278039455413818; 1.2438204288482666; -0.43892404437065125; 1.3904991149902344; 0.1936667561531067; 
417; 1.6146998405456543; 0.11781889200210571; 0.21494251489639282; -0.33338791131973267; 1.328233242034912; 0.16388541460037231; 
439; 1.1780891418457031; 0.5229656100273132; 0.6750501990318298; -0.5514651536941528; 1.1417858600616455; 0.40954115986824036; 
491; 1.7122802734375; 0.18105709552764893; 0.7127258777618408; -0.36020949482917786; 1.5757126808166504; 0.42638370394706726; 
425; 1.4060750007629395; 0.7002608776092529; 0.7701932191848755; -0.22386059165000916; 1.604806900024414; 0.10499012470245361; 
465; 1.2637593746185303; 0.13529473543167114; 0.8075953125953674; -0.5705856084823608; 1.4285643100738525; 0.32118263840675354; 
432; 1.2896287441253662; -0.050080835819244385; 1.1327791213989258; -0.47093793749809265; 1.3724868297576904; 0.16604799032211304; 
431; 1.2751295566558838; 0.25062474608421326; 0.6341421604156494; -0.5126685500144958; 1.4089008569717407; 0.3878900408744812; 
493; 1.7547149658203125; 0.2532353401184082; 1.0598176717758179; -0.24691423773765564; 1.1521135568618774; 0.5226779580116272; 
496; 1.7263531684875488; 0.4000217616558075; 0.37822648882865906; -0.47547465562820435; 1.2838985919952393; 0.07525543868541718; 
461; 1.6067752838134766; 0.42703142762184143; 0.15646740794181824; -0.35948553681373596; 1.293782114982605; 0.4488382935523987; 
430; 1.387345790863037; 0.8102059364318848; 0.6454720497131348; -0.2554605007171631; 1.6200000047683716; 0.6256192922592163; 
466; 1.3195701837539673; 0.18468117713928223; 0.9249143600463867; -0.10341724753379822; 1.6322176456451416; 0.4809187948703766; 
437; 1.6959879398345947; -0.2333521842956543; 0.2438744604587555; -0.25373977422714233; 1.0616157054901123; 0.15273810923099518; 
481; 1.4385402202606201; 0.276946485042572; 0.4336816966533661; -0.5041677951812744; 1.3684402704238892; 0.23405852913856506; 
490; 0.7537484169006348; 0.42691588401794434; 0.5542647838592529; -0.32185012102127075; 1.6808332204818726; 0.02934703230857849; 
492; 1.666212797164917; 0.4571509063243866; 0.7492867112159729; -0.48907554149627686; 1.3307645320892334; 0.44730085134506226; 
463; 1.2756832838058472; 0.45583000779151917; 0.6969512701034546; -0.6643268465995789; 1.1963013410568237; 0.19346162676811218; 
451; 1.1629276275634766; 0.07278209924697876; 1.1300315856933594; -0.5121811032295227; 1.0852067470550537; 0.25906500220298767; 
435; 1.594551682472229; -0.4157872796058655; 0.6226340532302856; -0.4338379502296448; 0.9542205333709717; 0.30108368396759033; 
485; 0.6429810523986816; 0.16585522890090942; 0.33543744683265686; -0.4844750463962555; 1.3365896940231323; 0.02815386652946472; 
457; 0.9084169864654541; 0.6223567724227905; 0.7793501615524292; -0.2561427354812622; 1.3307710886001587; 0.30951887369155884; 
436; 2.047053337097168; 0.2931322455406189; 0.63846755027771; -0.24995163083076477; 1.3995411396026611; 0.38434138894081116; 
479; 1.3221678733825684; 0.13633745908737183; 0.8433955311775208; -0.4277305006980896; 1.2136812210083008; 0.40085291862487793; 
445; 0.9627969264984131; 0.6841190457344055; 1.495198369026184; -0.3955809772014618; 1.754787802696228; 0.4753456115722656; 
414; 1.4952685832977295; 0.6821044683456421; 0.9864152073860168; -0.35128065943717957; 1.1263799667358398; 0.43748071789741516; 
440; 1.3487069606781006; 0.17390578985214233; 0.4636356830596924; -0.14626193046569824; 1.186089038848877; 0.12901176512241364; 
444; 1.3659778833389282; 0.028889715671539307; 0.921549916267395; -0.26100146770477295; 1.3096773624420166; 0.20946121215820312; 
477; 1.5146756172180176; -0.08872735500335693; 0.7262638807296753; -0.25976064801216125; 1.1411659717559814; 0.4423917531967163; 
441; 1.2684288024902344; -0.06670874357223511; 0.833472490310669; -0.5023601055145264; 1.3762167692184448; 0.13674470782279968; 
442; 0.8043373823165894; 0.14919602870941162; 1.3296971321105957; -0.46293699741363525; 1.234155297279358; 0.3325488865375519; 
452; 1.4915003776550293; 0.12528550624847412; 0.8211293816566467; -0.44155964255332947; 1.5078084468841553; 0.37340500950813293; 
458; 1.4082715511322021; 0.4733206629753113; 0.9077560901641846; -0.5018117427825928; 1.2854739427566528; 0.37330543994903564; 
497; 1.025802731513977; 0.360500693321228; 0.7139939069747925; -0.1954948902130127; 1.4164698123931885; 0.23669014871120453; 
480; 1.3334944248199463; 0.14431071281433105; 0.6239903569221497; -0.47817569971084595; 1.104367971420288; 0.36636343598365784; 
434; 0.8058139085769653; 0.31133657693862915; 0.9143437147140503; -0.42134806513786316; 1.1093133687973022; 0.3625953793525696; 
415; 1.23881196975708; 0.43010228872299194; 0.7560079097747803; -0.404214084148407; 1.3513530492782593; 0.21040520071983337; 
464; 1.0692341327667236; 0.10235035419464111; 0.46029651165008545; -0.5720044374465942; 1.3738377094268799; 0.18670156598091125; 
486; 1.1142802238464355; -0.3990688920021057; 0.5124071836471558; -0.45904743671417236; 1.0214239358901978; 0.25631222128868103; 
499; 1.2031843662261963; 0.1358051896095276; 0.022890150547027588; -0.39649683237075806; 0.8337560892105103; 0.15641501545906067; 
484; 1.5808274745941162; 0.9322927594184875; 0.6697698831558228; -0.3004569709300995; 1.1832606792449951; 0.46612125635147095; 
501; 1.2045044898986816; -0.31049859523773193; 0.6810058355331421; -0.6078042984008789; 1.4722579717636108; 0.32914161682128906; 
500; 1.5336722135543823; 0.9776473641395569; 0.32836294174194336; -0.24355730414390564; 1.5759010314941406; 0.38131001591682434; 
503; 1.4957115650177002; 0.7179052233695984; 0.54731285572052; -0.41377198696136475; 1.464340329170227; 0.2833673655986786; 
502; 1.363868236541748; -0.18306231498718262; 1.2654879093170166; -0.43602320551872253; 1.3491650819778442; 0.30831047892570496; 
505; 1.4692978858947754; 0.33000630140304565; 0.6178411245346069; -0.2585119307041168; 1.6753859519958496; -0.00640888512134552; 
504; 1.1731040477752686; 0.3792652189731598; 0.6224652528762817; -0.3143230676651001; 1.4073240756988525; 0.23382282257080078; 
