6; 0.0062133073806762695; -1.6061066389083862; -1.155633807182312; -1.1858283281326294; 0.7458338141441345; -0.34099259972572327; 
58; -0.007747828960418701; -1.4939888715744019; -0.6238566040992737; -1.1469285488128662; 0.5164307355880737; -0.5937906503677368; 
13; -0.10862568020820618; -1.7282631397247314; -0.6152171492576599; -0.9671211242675781; 0.7653619050979614; -0.42438870668411255; 
14; 0.7382153868675232; -1.3108634948730469; -0.7308685183525085; -1.128298282623291; 0.6791580319404602; -0.008256733417510986; 
65; 0.2614997625350952; -0.8871990442276001; -0.8124864101409912; -0.9066817760467529; 0.5030892491340637; -0.4775604009628296; 
17; 0.48410338163375854; -0.6833918690681458; -0.808276891708374; -1.0891332626342773; 0.5360013246536255; -0.38255536556243896; 
24; 0.41382819414138794; -0.9629001617431641; -0.11699730157852173; -0.9868477582931519; 0.6399677395820618; -0.1681455373764038; 
19; 0.1459747850894928; -0.6241888403892517; -0.5103849172592163; -1.1020889282226562; 0.7061055898666382; -0.1907014548778534; 
15; -0.0005480051040649414; -1.1989307403564453; -0.2154466211795807; -1.1433782577514648; 0.717676043510437; -0.2943289577960968; 
4; -0.07331138849258423; -1.7931172847747803; -0.9167271852493286; -0.8551648259162903; 0.8002510070800781; -0.40011751651763916; 
30; 0.6119039058685303; -1.1876220703125; -0.383000910282135; -0.6855215430259705; 0.8840961456298828; -0.20954471826553345; 
48; 0.3286067247390747; -0.7759517431259155; -0.6272035241127014; -1.0069103240966797; 0.7795833349227905; -0.39310717582702637; 
22; 0.18564116954803467; -0.782448410987854; -0.9187132120132446; -0.9181301593780518; 0.6623373031616211; -0.2919537425041199; 
90; -0.3279499113559723; -1.0131757259368896; -0.9331278800964355; -0.9803464412689209; 0.45946842432022095; -0.10695381462574005; 
64; 0.6331288814544678; -1.480757236480713; -0.616743803024292; -0.8724737167358398; 0.8396375179290771; -0.19583098590373993; 
20; 0.29813218116760254; -0.7227624654769897; -1.0232688188552856; -1.015525221824646; 0.8110893964767456; -0.27011698484420776; 
66; -0.8539925813674927; -1.0783114433288574; -0.7215309143066406; -1.1522488594055176; 0.6792258024215698; -0.05831877887248993; 
93; 0.672005295753479; -0.9407041072845459; -0.7063649892807007; -0.5023843050003052; 0.427996963262558; -0.2629108726978302; 
91; -0.013953328132629395; -1.7297762632369995; -0.16359907388687134; -1.1157200336456299; 0.8951337337493896; -0.2975185811519623; 
95; 0.18999725580215454; -0.7529921531677246; -0.26261696219444275; -0.6911168098449707; 0.7827622890472412; -0.17338141798973083; 
33; -0.1532784104347229; -1.7824832201004028; -0.6096488833427429; -0.7792912721633911; 0.8309754133224487; -0.14730441570281982; 
99; 0.043282508850097656; -0.656891942024231; -0.931322455406189; -1.1119654178619385; 0.5945084095001221; -0.4351620674133301; 
49; 0.8018166422843933; -1.4641504287719727; -0.34187978506088257; -0.9023651480674744; 0.5246951580047607; -0.32875314354896545; 
23; 0.49522000551223755; -0.5270134806632996; -0.8532909750938416; -0.9867550134658813; 0.8118677735328674; -0.29168352484703064; 

16; 0.2541534900665283; -1.4868972301483154; -0.6422250270843506; -1.042087197303772; 0.6975054740905762; -0.3227077126502991; 
21; 0.21608656644821167; -0.6436904072761536; -1.098544955253601; -0.8220123052597046; 0.6391492486000061; -0.4533430337905884; 
57; 0.15135294198989868; -0.8220680356025696; -0.4366711974143982; -1.0396106243133545; 0.6604198217391968; -0.526421308517456; 
29; 0.5112212300300598; -1.482803225517273; -0.7522084712982178; -0.7955788373947144; 0.8561667203903198; -0.41355782747268677; 
60; 0.21897435188293457; -0.6521711349487305; -0.38158202171325684; -1.1310503482818604; 0.9316529035568237; -0.1880383938550949; 
18; 0.38555657863616943; -0.8658760786056519; -1.036230444908142; -0.8788661956787109; 0.9131863713264465; -0.3644382953643799; 
88; 0.13714241981506348; -1.1380283832550049; 0.01431131362915039; -0.9901634454727173; 0.7310433387756348; -0.3078889846801758; 
92; -0.26170915365219116; -0.8163737654685974; 0.015294671058654785; -1.2026644945144653; 0.4933382570743561; -0.39808109402656555; 
68; -0.09455046057701111; -1.1989150047302246; 0.14809027314186096; -0.875889241695404; 0.8580904006958008; -0.12251382321119308; 
32; 0.11883598566055298; -0.7396395802497864; -0.8353860974311829; -0.8686748743057251; 0.6844273209571838; -0.06538715958595276; 
40; 0.29077473282814026; -0.8412727117538452; -0.4436701536178589; -1.002244472503662; 0.854180097579956; -0.266067773103714; 
89; 0.5219705700874329; -1.175264596939087; -2.1029582023620605; -0.9372949004173279; 0.52562016248703; -0.25108933448791504; 
94; 0.2843468189239502; -0.8016684055328369; -0.5822380185127258; -0.9027248620986938; 0.9287111759185791; -0.24538461863994598; 
56; 0.2567238211631775; -1.3589224815368652; -0.3507053256034851; -0.9614646434783936; 0.6715753674507141; -0.30647480487823486; 
72; 0.41017013788223267; -1.5027546882629395; -0.3287460207939148; -0.9349206686019897; 0.9296916127204895; -0.29643505811691284; 
82; -0.03815758228302002; -1.3427350521087646; -0.8236896991729736; -0.9307063221931458; 0.8213831186294556; -0.18051183223724365; 
39; 0.2194216251373291; -0.6430842876434326; -0.8653056621551514; -0.9043800830841064; 0.7071739435195923; -0.32379648089408875; 
37; 0.21107745170593262; -1.1388708353042603; -1.0317437648773193; -0.9495002031326294; 0.7253528833389282; -0.35274994373321533; 
59; 0.20966994762420654; -1.3481553792953491; -0.8470961451530457; -0.7639005184173584; 0.6714869737625122; -0.2825525999069214; 
2; 0.07843607664108276; -1.1146777868270874; -0.5304026007652283; -1.0265312194824219; 0.6649225950241089; -0.571035623550415; 
70; 0.24851688742637634; -1.053906798362732; -0.46560001373291016; -0.8548363447189331; 0.5379748344421387; 0.07768188416957855; 
9; 0.051530659198760986; -1.003977656364441; -1.611393928527832; -0.9655389785766602; 0.8818516731262207; -0.18644633889198303; 
81; 0.5326436758041382; -0.9457247257232666; -1.0167224407196045; -1.2806545495986938; 0.6258361339569092; -0.20826557278633118; 
63; 0.16286110877990723; -1.3514583110809326; -0.6887150406837463; -0.8146741390228271; 0.851265549659729; -0.39072418212890625; 
0; 0.15546131134033203; -1.3087395429611206; -0.2350517213344574; -0.9343951344490051; 0.9097843170166016; -0.3433648943901062; 
43; 0.6068914532661438; -1.3476181030273438; -0.7603003978729248; -1.0777957439422607; 0.8715055584907532; -0.04892565310001373; 
10; 0.4331584870815277; -2.1453847885131836; -0.743841290473938; -0.721392035484314; 0.9605967402458191; -0.028483688831329346; 
35; 0.172285258769989; -0.8385251760482788; -0.5747459530830383; -0.8243340253829956; 0.6770710349082947; -0.28738167881965637; 
69; 0.4320034980773926; -0.9341816306114197; -0.7475426197052002; -0.969673752784729; 0.7237110733985901; -0.4014562666416168; 
27; 0.40354815125465393; -1.565360188484192; -0.6659867763519287; -0.9409713745117188; 0.8307538032531738; -0.07842057943344116; 
25; 0.07077500224113464; -1.439156174659729; -0.283189594745636; -0.9520268440246582; 0.7044146060943604; 0.009184911847114563; 
1; 0.42826348543167114; -1.2898228168487549; -0.6979866027832031; -1.124587893486023; 0.909597635269165; -0.29002752900123596; 
67; 0.8199855089187622; -0.7741398811340332; -0.7134488821029663; -1.1281702518463135; 0.6671875715255737; -0.13419312238693237; 
8; 0.21466940641403198; -2.165757656097412; -0.5574571490287781; -0.7767504453659058; 0.659473717212677; 0.16907481849193573; 
12; 0.10215958952903748; -0.565594494342804; -0.7934633493423462; -0.8510638475418091; 0.6887902021408081; -0.31803983449935913; 
11; -0.05983155965805054; -1.2122693061828613; -0.32229048013687134; -0.8139388561248779; 0.5982437133789062; -0.13519468903541565; 
98; -0.5065120458602905; -1.3395057916641235; -0.4479236602783203; -1.0424959659576416; 0.5646926164627075; -0.2577632665634155; 
55; 0.5867772698402405; -2.1565866470336914; -0.6442583799362183; -1.0386964082717896; 0.5204286575317383; -0.18514598906040192; 
74; -0.06402844190597534; -1.0629830360412598; -1.1192796230316162; -1.2382781505584717; 0.5865909457206726; -0.3878483176231384; 
61; 0.1651170253753662; -1.1849989891052246; -0.7783588767051697; -1.1764423847198486; 0.9292835593223572; -0.17072263360023499; 
75; 0.3148539662361145; -1.7002685070037842; -0.9177027940750122; -1.0412880182266235; 0.6181750297546387; -0.47488367557525635; 
42; 0.10392308235168457; -1.021064281463623; -0.7875142097473145; -0.8535404801368713; 0.8211386203765869; -0.0732681155204773; 
77; 0.14577078819274902; -2.0234010219573975; -0.4866335988044739; -0.9634423851966858; 0.8088001012802124; -0.3628299832344055; 
44; 0.4489014446735382; -1.6020370721817017; -0.10454002022743225; -0.8187322020530701; 0.7580695748329163; -0.3371697962284088; 
47; -0.5485818386077881; -1.3835554122924805; -0.37588050961494446; -0.9528800845146179; 0.4750349223613739; -0.3065686821937561; 
51; 0.3774721026420593; -1.2882130146026611; -0.26701438426971436; -0.8832334280014038; 0.945736289024353; -0.11722593754529953; 
7; 0.049652159214019775; -1.8517351150512695; -0.20238009095191956; -0.8804073929786682; 0.6360265612602234; -0.35179173946380615; 
62; -0.24680131673812866; -0.8745450973510742; -0.2869933843612671; -0.905522346496582; 0.7998678684234619; -0.17508003115653992; 
36; 0.022351503372192383; -0.7397819757461548; -1.4563815593719482; -0.7233283519744873; 0.7782806158065796; -0.2981336712837219; 
73; -0.17713958024978638; -1.7153502702713013; 0.14655685424804688; -0.9357420206069946; 0.8670060634613037; -0.3669348359107971; 
46; 0.20287585258483887; -0.5902373790740967; -1.1711819171905518; -1.0902281999588013; 0.7292068004608154; -0.14525312185287476; 
52; 0.24907571077346802; -1.8259162902832031; -0.500239372253418; -1.1590443849563599; 0.49474403262138367; -0.310016930103302; 
50; -0.06686902046203613; -1.4825555086135864; -0.9605882167816162; -0.681044340133667; 0.788266122341156; -0.21677139401435852; 
85; 0.08806681632995605; -1.5980751514434814; -0.43654027581214905; -0.9521278142929077; 0.5582883358001709; -0.2786672115325928; 
80; 0.3816679120063782; -1.0324254035949707; -0.6760633587837219; -0.9392097592353821; 0.7660256624221802; -0.268832802772522; 
28; -0.3332931399345398; -1.3489270210266113; -0.7240557074546814; -1.1138942241668701; 0.4939083158969879; -0.22319920361042023; 
5; -0.0033574700355529785; -1.0139795541763306; -0.8924791812896729; -0.9054404497146606; 0.47738131880760193; -0.33284538984298706; 
38; 0.07879483699798584; -0.9244153499603271; -1.0030269622802734; -1.1183664798736572; 0.8543123006820679; -0.4431120753288269; 
83; 0.8457154035568237; -0.43567007780075073; -0.8142623901367188; -0.8423566222190857; 0.6303703784942627; -0.44989562034606934; 
34; -0.48738253116607666; -1.6277496814727783; -0.927971601486206; -1.015587329864502; 0.6266406178474426; -0.44904547929763794; 
45; -0.008990943431854248; -0.7106105089187622; -0.4839942455291748; -0.8976228833198547; 0.49427977204322815; 4.9054622650146484e-05; 
53; 0.4075394868850708; -0.4453375041484833; -0.3779647946357727; -0.8599517345428467; 0.580865204334259; -0.2408244013786316; 
54; 0.6694259643554688; -0.7737762928009033; -0.8852266073226929; -0.941979169845581; 0.8134703636169434; -0.14917613565921783; 
76; 0.05455690622329712; -1.3911840915679932; -0.43893545866012573; -0.9270079135894775; 0.7787990570068359; -0.30929774045944214; 
96; 0.07038605213165283; -1.3845340013504028; -0.8831073641777039; -0.8883373141288757; 0.5854991674423218; -0.5435619950294495; 
78; 0.2791401445865631; -0.37581580877304077; -0.6458107829093933; -0.7987152338027954; 0.8599950075149536; -0.31068551540374756; 
79; 0.2636558711528778; -1.3975749015808105; 0.14229470491409302; -0.9134129285812378; 0.9126256704330444; -0.05992981791496277; 
84; 0.4211399555206299; -1.2479890584945679; -0.5431415438652039; -0.694331169128418; 0.7933669686317444; -0.2769894599914551; 
41; -0.07012420892715454; -0.8520326614379883; -0.7537815570831299; -0.8827130794525146; 0.4124046862125397; -0.2939647436141968; 
31; 0.21083343029022217; -1.6339744329452515; -0.03539705276489258; -1.1353514194488525; 0.7461628913879395; -0.22693544626235962; 
86; 0.1647905707359314; -1.7094411849975586; -0.6578166484832764; -1.0215644836425781; 0.5771769285202026; -0.08280937373638153; 
71; -0.07173606753349304; -1.1317499876022339; -2.3151397705078125; -0.8469520807266235; 0.7345724701881409; -0.1494002342224121; 
163; -0.24498870968818665; -1.2602624893188477; -0.4126432538032532; -0.7624524235725403; 0.8857688903808594; -0.29669055342674255; 
162; 0.11149704456329346; -1.5031945705413818; -1.2190881967544556; -1.0810034275054932; 0.698172926902771; -0.42314258217811584; 
111; 0.07106077671051025; -1.14187753200531; -0.38814377784729004; -1.146938681602478; 0.4982229471206665; -0.15562781691551208; 
176; 0.2225392460823059; -1.219396710395813; -0.5206508636474609; -1.0498288869857788; 0.6794686317443848; -0.3167228102684021; 
164; 0.07466882467269897; -1.0087990760803223; -0.6358153223991394; -0.9814275503158569; 0.5869331955909729; -0.2746603488922119; 
170; -0.9902259707450867; -1.7290223836898804; -1.793369174003601; -1.044899344444275; 0.7416225671768188; -0.31384551525115967; 
104; 0.07331854104995728; -1.1372089385986328; -0.8107911348342896; -1.012748122215271; 0.6708385348320007; -0.34088441729545593; 
112; 0.47855687141418457; -0.902569055557251; -1.2435543537139893; -1.183181881904602; 0.5469487905502319; -0.35223251581192017; 
106; 0.30360063910484314; -1.6060550212860107; -1.0318197011947632; -1.2502140998840332; 0.8726613521575928; -0.396647572517395; 
157; 0.23933684825897217; -1.6699862480163574; -0.5088299512863159; -1.0156188011169434; 0.5969500541687012; -0.009474009275436401; 
171; 0.11343175172805786; -0.6809388399124146; -0.43972668051719666; -0.7603695392608643; 0.7798829674720764; -0.06827741861343384; 
123; 0.35550668835639954; -1.9811596870422363; -0.40928760170936584; -0.8688194751739502; 0.7440556883811951; -0.15764406323432922; 
156; 0.06350487470626831; -1.617635726928711; -0.8826297521591187; -1.346144676208496; 0.773948073387146; -0.37371140718460083; 
127; 0.5126001834869385; -0.8260053992271423; -0.6395782232284546; -1.0321203470230103; 0.5341886281967163; -0.17143943905830383; 
107; 0.18379005789756775; -1.2473533153533936; -0.662777304649353; -0.9851133823394775; 0.9564836621284485; -0.0016537010669708252; 
103; 0.7924665212631226; -0.5578742623329163; -0.5058246850967407; -0.925236165523529; 0.6908969879150391; -0.3180292546749115; 
100; -0.31596994400024414; -0.46684226393699646; -0.4651479125022888; -0.7126408219337463; 0.6176051497459412; -0.02053898572921753; 
145; 0.09934186935424805; -0.6863183975219727; -1.5005841255187988; -1.0691945552825928; 0.6280312538146973; -0.07278028130531311; 
122; 0.05607485771179199; -1.2857859134674072; -0.2737300992012024; -0.9772953987121582; 0.6259802579879761; -0.34563037753105164; 
129; 0.615732729434967; -0.5691688656806946; -1.395460605621338; -1.3426008224487305; 0.9442437887191772; -0.007433831691741943; 
117; 0.3197382688522339; -1.7768080234527588; -0.4591401219367981; -0.9327554106712341; 0.6538099050521851; -0.15040281414985657; 
110; 0.26797378063201904; -1.154646873474121; -0.818738579750061; -0.9392473697662354; 0.5945132970809937; -0.3833407163619995; 
121; 0.29670193791389465; -1.7085182666778564; -0.5568934082984924; -0.9529816508293152; 0.9206578731536865; -0.11079800128936768; 
181; 0.6862523555755615; -0.8288072347640991; -0.7279216647148132; -1.2671401500701904; 0.5964968204498291; -0.31813687086105347; 
161; 0.17996364831924438; -1.3552541732788086; -0.5031018257141113; -1.158402681350708; 0.8568751215934753; -0.17873850464820862; 
105; 0.43203306198120117; -1.0851202011108398; -0.12073677778244019; -0.9055392146110535; 0.7628192901611328; -0.07742279767990112; 
169; 0.5625202059745789; -1.2064168453216553; -1.7358918190002441; -0.6792222261428833; 0.4771324694156647; -0.3330243229866028; 
133; 0.22539883852005005; -1.2974393367767334; -0.9702218770980835; -1.0555788278579712; 0.6606160998344421; -0.14607802033424377; 
114; 0.39528200030326843; -1.3552863597869873; -0.49652963876724243; -0.8484231233596802; 0.6525479555130005; -0.20323050022125244; 
168; -0.011525839567184448; -1.2101755142211914; -0.13109534978866577; -0.9359238147735596; 0.8158554434776306; -0.3408437967300415; 
183; 0.5456553101539612; -1.4298847913742065; -0.41327422857284546; -1.0878459215164185; 0.5322851538658142; -0.05997949838638306; 
180; 0.08268594741821289; -0.6372643113136292; -1.237443447113037; -0.7933816909790039; 0.8169952034950256; -0.42609068751335144; 
167; 0.18210500478744507; -0.9532815217971802; -1.1908742189407349; -0.9309886693954468; 0.8902692794799805; -0.5136386752128601; 
148; 0.18491899967193604; -1.2868428230285645; -0.8750385046005249; -0.8204790949821472; 0.8548895716667175; -0.07621544599533081; 
185; -0.584925651550293; -1.7746055126190186; -1.1018145084381104; -0.9682911038398743; 0.7035785913467407; -0.26189935207366943; 
102; 0.4129174053668976; -1.1175085306167603; -1.2915101051330566; -1.1287667751312256; 0.9821869134902954; -0.055839359760284424; 
182; 0.08937245607376099; -1.089682698249817; -0.27120381593704224; -1.0151236057281494; 0.6315234899520874; -0.12930335104465485; 
126; 0.3974677324295044; -1.0916142463684082; -0.8681403398513794; -0.8710814714431763; 0.6563392281532288; -0.20795097947120667; 
153; 0.655116617679596; -1.2254905700683594; -0.48601141571998596; -1.1553287506103516; 0.7333047389984131; -0.13925276696681976; 
188; 0.06298762559890747; -0.6987301707267761; -1.0180809497833252; -0.5740023255348206; 0.8472994565963745; -0.06859534978866577; 
128; 0.778028130531311; -1.4944181442260742; -0.5958206653594971; -1.1423065662384033; 0.7809295654296875; -0.3429907560348511; 
125; -0.048949867486953735; -0.4503495693206787; -0.9763391017913818; -0.9753943681716919; 0.9331611394882202; 0.00903300940990448; 
195; 0.09328937530517578; -0.6343786716461182; -0.4710884094238281; -0.8697608709335327; 0.5703622102737427; -0.3606411814689636; 
165; 0.47439461946487427; -1.021737813949585; -0.3397749662399292; -1.0224223136901855; 0.8620949983596802; -0.40574443340301514; 
184; 0.1591649055480957; -1.9580841064453125; -0.6381338834762573; -0.9597930908203125; 0.874230146408081; -0.40542471408843994; 
174; -0.02828836441040039; -1.2593019008636475; -0.9410153031349182; -1.13700532913208; 0.6560217142105103; -0.36284878849983215; 
197; 0.3061944842338562; -1.4347963333129883; -0.1306460201740265; -1.0346803665161133; 0.9953604936599731; -0.17198020219802856; 
130; -0.5554391145706177; -1.1377058029174805; -0.9452738761901855; -1.2554582357406616; 0.794128954410553; -0.30223172903060913; 
101; -0.04835927486419678; -0.9678670167922974; -0.16460657119750977; -1.0077656507492065; 0.5798503756523132; -0.28747186064720154; 
108; 0.6412175893783569; -0.6803105473518372; -0.7881180047988892; -0.8869319558143616; 0.696505606174469; -0.016835078597068787; 
132; -0.17046594619750977; -1.1334538459777832; -0.08153533935546875; -1.0952661037445068; 0.5265942215919495; -0.13478173315525055; 
109; 0.2332640290260315; -1.105212688446045; -0.6604512929916382; -0.9863419532775879; 0.5257833003997803; -0.11901484429836273; 
118; 0.6722405552864075; -0.6497727632522583; -0.7876853346824646; -1.049410104751587; 0.6102820038795471; -0.32686737179756165; 
151; -0.2553081512451172; -1.3780028820037842; -1.1040652990341187; -0.8927953243255615; 0.394734650850296; -0.2929048240184784; 
175; -0.30960848927497864; -0.9225856065750122; -0.837131679058075; -1.23478364944458; 0.6842377781867981; -0.3201685845851898; 
155; 0.4241369366645813; -1.3929390907287598; -0.5179755687713623; -1.083217978477478; 0.7318428754806519; -0.18246406316757202; 
150; -0.16630011796951294; -1.2907330989837646; -0.0974755585193634; -1.0504570007324219; 0.649524450302124; -0.12233807146549225; 
196; -0.16414368152618408; -1.0631946325302124; -1.0182242393493652; -1.1814433336257935; 0.6612356305122375; -0.49289530515670776; 
124; 0.22133716940879822; -1.3955819606781006; -1.0055397748947144; -1.1623542308807373; 0.7796134352684021; -0.12894940376281738; 
142; 0.20136386156082153; -1.1573712825775146; -1.2550125122070312; -1.0983352661132812; 0.6554743051528931; -0.13594377040863037; 
119; 0.5768318772315979; -1.2540184259414673; -1.0424566268920898; -0.852653443813324; 0.3881935775279999; -0.13026097416877747; 
186; 0.16112715005874634; -1.2208396196365356; -0.5399141907691956; -1.0059705972671509; 1.0578293800354004; -0.2889448404312134; 
198; 0.07255762815475464; -1.309478521347046; -0.4202662408351898; -0.9859910011291504; 0.6521199941635132; -0.3608922064304352; 
113; -0.11558520793914795; -1.4557325839996338; -0.33633339405059814; -1.1466515064239502; 0.7076623439788818; -0.32508307695388794; 
173; 0.12237486243247986; -1.0368328094482422; -0.7055246233940125; -0.9557552933692932; 0.7279963493347168; -0.39152997732162476; 
194; -0.1921192705631256; -0.5952225923538208; -1.071636438369751; -1.0226666927337646; 0.6980400085449219; -0.20847484469413757; 
135; 0.4414955973625183; -0.8462045192718506; -1.300398349761963; -0.75246262550354; 0.6176397800445557; 0.0004124641418457031; 
137; 0.304343044757843; -1.1791682243347168; -0.23957586288452148; -1.006080150604248; 0.6323480606079102; -0.23400302231311798; 
131; 0.23137354850769043; -1.2884355783462524; -0.28528428077697754; -0.8388174772262573; 0.6673040390014648; -0.17313823103904724; 
147; -0.48190370202064514; -2.099264144897461; -0.7557968497276306; -1.0712878704071045; 0.9236192107200623; -0.5256122350692749; 
120; 0.22713622450828552; -1.3723657131195068; -0.49365144968032837; -0.725387692451477; 0.6632746458053589; -0.015084534883499146; 
159; 0.7548679113388062; -0.7761467695236206; 0.07199013233184814; -1.009785771369934; 0.8725717663764954; -0.17678454518318176; 
193; 0.2815825939178467; -0.6402169466018677; -0.8636541366577148; -0.7945728898048401; 0.6718708276748657; -0.22307880222797394; 
149; 0.20635628700256348; -0.8030080795288086; -1.3292062282562256; -0.9138573408126831; 0.44258973002433777; -0.014087378978729248; 
136; 0.23866170644760132; -1.9378933906555176; -0.3468943238258362; -0.8665837645530701; 0.5723780393600464; -0.4024174213409424; 
166; -0.6059926748275757; -1.8942573070526123; -0.7905294895172119; -1.0838953256607056; 0.7248578071594238; -0.3359377980232239; 
146; 0.38342416286468506; -0.5396847128868103; -0.3518975079059601; -1.1559542417526245; 0.5944511294364929; -0.28741827607154846; 
192; -0.15781548619270325; -1.5811071395874023; -1.486593246459961; -1.0716992616653442; 0.780429482460022; -0.31347793340682983; 
115; 0.45141467452049255; -0.7570126056671143; -0.3932890295982361; -0.6158908605575562; 0.681425929069519; -0.141293466091156; 
199; -0.19996577501296997; -1.1887781620025635; -1.1878514289855957; -0.849795937538147; 0.8451986312866211; -0.19045817852020264; 
139; 0.7633384466171265; -1.2207680940628052; -0.5542680621147156; -0.7611598968505859; 0.7778870463371277; -0.06073744595050812; 
189; 0.3630792498588562; -1.1404011249542236; -0.8943014144897461; -1.099416732788086; 0.609196126461029; -0.40683090686798096; 
116; 0.2842745780944824; -1.3867008686065674; -0.8623219728469849; -1.250702142715454; 0.6129584312438965; -0.4246569275856018; 
172; 0.575766921043396; -1.1391527652740479; -0.6542122960090637; -1.1644060611724854; 0.4758859872817993; -0.23740935325622559; 
187; 0.15366065502166748; -1.4080809354782104; -0.5112103223800659; -1.1412800550460815; 0.5604217052459717; -0.16773295402526855; 
143; 0.267010360956192; -0.7850388884544373; -0.4613752067089081; -0.7526644468307495; 0.6732670664787292; -0.3255314528942108; 
154; 0.15187102556228638; -1.6408390998840332; -0.7835723161697388; -0.8278456926345825; 0.6126224994659424; -0.15443310141563416; 
152; 0.047991544008255005; -0.840070366859436; -0.6914674639701843; -0.9866821765899658; 0.677080512046814; -0.20339441299438477; 
160; 0.23401302099227905; -0.6696465015411377; -0.41086065769195557; -0.9256737232208252; 0.5969365835189819; -0.047025248408317566; 
178; 0.34410417079925537; -1.0519887208938599; -1.3534209728240967; -0.8746856451034546; 0.844322144985199; -0.36437124013900757; 
190; 0.0267869234085083; -1.5309033393859863; -0.6788277626037598; -1.0947606563568115; 0.6087890863418579; -0.16255874931812286; 
134; 0.36272621154785156; -0.9842027425765991; -0.34572574496269226; -1.1037931442260742; 0.6964290142059326; -0.1487155556678772; 
158; -0.045791804790496826; -0.6291149854660034; -0.312799870967865; -0.8833497762680054; 0.4143785536289215; -0.007169008255004883; 
179; 0.375957190990448; -0.4792935252189636; -0.40218210220336914; -0.5979862213134766; 0.5312312841415405; -0.330092191696167; 
138; 0.28991901874542236; -1.144387125968933; -0.6082273125648499; -0.8899410963058472; 0.8524828553199768; -0.13860540091991425; 
140; -0.05540075898170471; -1.1939232349395752; -1.2410032749176025; -0.8519501090049744; 0.9520677328109741; -0.20202036201953888; 
141; 0.14385554194450378; -0.748849093914032; -0.4246618449687958; -0.6567084193229675; 0.7172801494598389; -0.24719808995723724; 
191; 0.28239864110946655; -1.096048355102539; -0.5766175985336304; -1.117363452911377; 0.8255985379219055; -0.3765186369419098; 
177; -0.47213801741600037; -1.3586279153823853; -0.8661249279975891; -0.9329608678817749; 0.6158078908920288; -0.060658037662506104; 
249; 0.16481369733810425; -2.178478240966797; -0.642749011516571; -0.9113214015960693; 0.8095492124557495; -0.3197616934776306; 
219; 0.45633867383003235; -0.6891268491744995; -0.8940912485122681; -0.8802215456962585; 0.8515011072158813; -0.0026920586824417114; 
242; 0.07267880439758301; -1.330782175064087; -0.31110483407974243; -0.9825546741485596; 0.6288998126983643; -0.46408021450042725; 
222; -0.045305490493774414; -1.2288727760314941; -0.37092116475105286; -0.9042128324508667; 0.6760307550430298; -0.3577105700969696; 
238; 0.10233157873153687; -0.5422612428665161; -0.6627604365348816; -1.154911756515503; 0.47650083899497986; -0.3498503863811493; 
202; -0.6783707737922668; -1.7441775798797607; -0.42248374223709106; -0.8841379880905151; 0.6554960012435913; -0.08556462824344635; 
215; 0.4260496497154236; -1.2656774520874023; -1.21358060836792; -1.2110004425048828; 0.803390383720398; -0.4209819436073303; 
205; 0.3177115321159363; -0.6568692922592163; -0.08218622207641602; -0.9172614812850952; 0.48699963092803955; -0.5192373991012573; 
223; -0.02331000566482544; -1.731155514717102; -0.27156248688697815; -0.7942482233047485; 0.5235360860824585; -0.43777310848236084; 
217; -0.3246970772743225; -1.0352791547775269; -0.2220400869846344; -0.751067578792572; 0.49898117780685425; -0.4077942967414856; 
218; 0.4414612650871277; -0.3731728792190552; -0.33719968795776367; -0.9279356002807617; 0.9382981061935425; -0.2157924473285675; 
206; -0.3079484701156616; -2.2421188354492188; -0.5473609566688538; -1.1583707332611084; 0.8737499713897705; -0.3002333641052246; 
280; 0.2648342251777649; -1.2947543859481812; -1.0166409015655518; -0.7941943407058716; 0.6520390510559082; -0.44529756903648376; 
212; 0.2086625099182129; -0.6705297827720642; -0.7265974879264832; -1.0858114957809448; 0.7344119548797607; -0.33504384756088257; 
234; 0.7107458710670471; -1.4685649871826172; -0.19160062074661255; -1.2507009506225586; 0.6074250936508179; -0.2087739109992981; 
214; 0.38949090242385864; -1.5774486064910889; -0.5305275917053223; -0.8048380017280579; 0.6494905352592468; -0.2858078181743622; 
203; -0.2061012089252472; -1.2754521369934082; -0.6951816082000732; -0.9321556091308594; 0.7981419563293457; -0.35371336340904236; 
241; 0.16134890913963318; -1.3705886602401733; -0.30811774730682373; -1.0488401651382446; 0.6771426200866699; -0.25807175040245056; 
251; 0.06059139966964722; -1.3172540664672852; -1.4040673971176147; -1.049681305885315; 0.5154534578323364; -0.5263988971710205; 
207; 0.1639496088027954; -0.5284538269042969; -0.22722479701042175; -0.9763481616973877; 0.8260594010353088; -0.3449614942073822; 
260; -0.06362205743789673; -1.2380000352859497; -0.8278830051422119; -1.056714653968811; 0.6410396695137024; -0.31325405836105347; 
216; -0.0004564225673675537; -1.6137430667877197; -0.1996394395828247; -0.7697482705116272; 0.9425522089004517; -0.3804946541786194; 
266; 0.614849865436554; -0.683517575263977; -0.36699241399765015; -0.7337002158164978; 0.6687768697738647; -0.18829920887947083; 
248; 0.03806591033935547; -1.1013495922088623; -0.7084522843360901; -0.9863458871841431; 0.5044859647750854; -0.18434351682662964; 
265; 0.01023799180984497; -1.1254265308380127; -1.5031635761260986; -1.1328167915344238; 0.6493698358535767; -0.3292263448238373; 
231; 0.2922368049621582; -1.36579167842865; -0.9959391951560974; -0.9942829608917236; 0.7442711591720581; -0.3147006630897522; 
281; 0.05222201347351074; -1.5635501146316528; -0.3088073134422302; -1.2457959651947021; 1.1606148481369019; -0.20517891645431519; 
279; -0.3439686596393585; -1.4014655351638794; -0.7342404723167419; -0.9748708009719849; 0.6833089590072632; -0.32979196310043335; 

282; -0.034409403800964355; -1.148972749710083; -0.7822321653366089; -1.1331309080123901; 0.8556171655654907; -0.14863136410713196; 
232; -0.2906635105609894; -1.2992851734161377; -0.8404790759086609; -1.1431183815002441; 0.6386220455169678; -0.18278034031391144; 
239; 0.28591716289520264; -0.5994887351989746; -0.9752504825592041; -0.8093470335006714; 0.6091617345809937; -0.47473347187042236; 
230; 0.7385588884353638; -1.6066346168518066; -0.32312270998954773; -1.12558114528656; 0.7206186652183533; -0.4214039444923401; 
250; 0.23647364974021912; -0.1633463203907013; -0.3103683590888977; -0.7784022688865662; 0.8124353885650635; -0.43250352144241333; 
244; 0.476135790348053; -1.4732096195220947; -0.8584271669387817; -0.9344480037689209; 0.8673325777053833; -0.27110710740089417; 
228; -0.19970083236694336; -1.3232829570770264; -1.151993989944458; -0.9323285818099976; 0.6257495880126953; -0.22125326097011566; 
236; -0.009942352771759033; -1.2508656978607178; -0.3787769675254822; -0.9487040042877197; 0.9160746335983276; -0.2241467535495758; 
204; 0.17063456773757935; -1.7153682708740234; -0.5870374441146851; -0.8792802691459656; 0.5387948155403137; 0.09959033131599426; 
267; 0.07172423601150513; -0.8937438726425171; -0.6198676228523254; -0.9922387599945068; 0.7387534379959106; -0.11318685114383698; 
233; 0.554591178894043; -2.3992362022399902; -0.26430660486221313; -0.9675000309944153; 0.8700759410858154; -0.2985180914402008; 
252; 0.3425600528717041; -1.1381986141204834; -0.5644822120666504; -0.8626359105110168; 0.8585729598999023; -0.16071639955043793; 
225; -0.43641549348831177; -1.7148984670639038; -0.6114323139190674; -1.1728441715240479; 0.6759015321731567; -0.19891294836997986; 
229; 0.46489647030830383; -1.3713419437408447; -0.4386289715766907; -0.6847701072692871; 0.8465261459350586; -0.18622438609600067; 
276; 0.032140374183654785; -1.0380730628967285; -0.9176980257034302; -0.9655829668045044; 0.7460826635360718; -0.5358840823173523; 
246; 0.5266233682632446; -0.5580880641937256; -0.684884786605835; -0.7918614149093628; 0.6661185026168823; -0.5160942673683167; 
274; 0.4634528160095215; -1.5436656475067139; -1.361807107925415; -0.782459020614624; 0.7204095125198364; -0.2622174024581909; 
227; 0.0900222659111023; -1.3415324687957764; -0.5497276186943054; -1.0982425212860107; 0.5341382026672363; -0.23752915859222412; 
278; -0.05746015906333923; -0.9093537330627441; 0.006565511226654053; -0.7985086441040039; 0.6526367664337158; -0.4371166527271271; 
247; -0.061004817485809326; -1.393331527709961; -0.36340150237083435; -0.9989993572235107; 0.54266756772995; -0.17095789313316345; 
289; -0.02928072214126587; -0.9101704359054565; -0.8545299768447876; -0.8448828458786011; 0.7386729717254639; -0.20424294471740723; 
224; 0.4139478802680969; -1.3426549434661865; -0.5560771822929382; -0.7921401262283325; 0.9655564427375793; -0.07732176780700684; 
277; 0.7007304430007935; -1.0552570819854736; -0.272571325302124; -0.8346394896507263; 0.8197628259658813; -0.23141461610794067; 
; 
237; 0.4123942255973816; -1.1031696796417236; -0.5384228229522705; -0.8109719753265381; 0.821332573890686; -0.3401130437850952; 
296; 0.0379258394241333; -1.4624731540679932; -1.2258516550064087; -0.9453234672546387; 0.8464385867118835; -0.31218472123146057; 
275; 0.18705272674560547; -1.0031378269195557; -0.49515944719314575; -0.9695712327957153; 0.8653014302253723; -0.28800293803215027; 
273; 0.1925012469291687; -0.6378230452537537; -0.7676346898078918; -0.7752542495727539; 0.8535295128822327; -0.511097252368927; 
292; 0.22508162260055542; -1.3358533382415771; -1.0113261938095093; -1.2104254961013794; 0.8375533819198608; -0.3475015461444855; 
297; 0.33723184466362; -1.6369049549102783; -0.6907334327697754; -0.9379003643989563; 0.8602531552314758; -0.27140727639198303; 
258; 0.966407060623169; -1.723240852355957; -0.3987981677055359; -0.9215102791786194; 0.8325791954994202; -0.42135897278785706; 
226; 0.4744435250759125; -0.908109188079834; -0.8644644618034363; -1.2022688388824463; 0.6839370727539062; -0.26306262612342834; 
270; 0.3466380834579468; -0.6730135679244995; -0.7517746090888977; -0.846146821975708; 0.803917646408081; -0.21012566983699799; 
271; -0.11859068274497986; -1.6613057851791382; -1.2160608768463135; -0.720514714717865; 0.7930774688720703; -0.2453766167163849; 
259; 0.4140496850013733; -1.2502665519714355; -0.4595493674278259; -0.9751729369163513; 0.7126929759979248; -0.31644636392593384; 
287; 0.6654632687568665; -1.1684542894363403; -1.3294095993041992; -0.8914780020713806; 0.816022515296936; -0.3889380097389221; 
288; -0.20638665556907654; -1.2721269130706787; -0.8251103758811951; -1.0623297691345215; 1.1020286083221436; -0.11426985263824463; 
285; 0.02412170171737671; -1.2439796924591064; -1.0529062747955322; -0.7033589482307434; 0.6034761667251587; 0.040304720401763916; 
272; 0.09457680583000183; -1.2201013565063477; -0.39713242650032043; -0.893777072429657; 1.0029006004333496; -0.05684933066368103; 
213; 0.21997368335723877; -1.3938860893249512; -0.8929147720336914; -1.074081301689148; 0.6527218818664551; -0.21448512375354767; 
257; 0.3534775376319885; -1.2372186183929443; -1.1465510129928589; -1.0022711753845215; 0.7350142002105713; -0.4657845199108124; 
286; 0.6335914134979248; -0.8402306437492371; -0.870661735534668; -1.0615745782852173; 0.9154240489006042; -0.2240549623966217; 
200; 0.821752667427063; -1.3911854028701782; -1.3101487159729004; -0.9809398651123047; 0.7661814093589783; -0.2194104641675949; 
220; 0.024119794368743896; -1.9309539794921875; -1.170795202255249; -0.9442942142486572; 0.6903543472290039; -0.42804408073425293; 
254; 0.26143690943717957; -1.2635477781295776; -0.2482350617647171; -0.7970283627510071; 0.7995109558105469; -0.284309059381485; 
290; -0.1811489760875702; -0.892343282699585; -0.1403903365135193; -0.8033797740936279; 0.7198745608329773; -0.3855835795402527; 
221; 0.2450089454650879; -0.699521005153656; -0.7035846710205078; -0.9708950519561768; 0.7376651763916016; -0.30419647693634033; 
295; -0.07074445486068726; -0.9819855690002441; -1.0085597038269043; -0.9151018857955933; 0.7081019878387451; -0.38614732027053833; 
255; 0.1355164647102356; -2.007807493209839; -1.1090009212493896; -1.0393877029418945; 0.5911208391189575; -0.24498562514781952; 
253; -0.4448598027229309; -1.678015947341919; -0.4643746018409729; -1.0092823505401611; 0.9458133578300476; -0.021809309720993042; 
291; 0.21883708238601685; -1.6951072216033936; -0.3631495535373688; -1.1530240774154663; 0.9201219081878662; -0.31119149923324585; 
243; 0.5971674919128418; -1.1597635746002197; -0.5203487277030945; -1.186669945716858; 0.6134362816810608; -0.46143656969070435; 
262; -0.022742867469787598; -0.9559006690979004; -0.2446470558643341; -0.8781957626342773; 0.6199483871459961; -0.3560190200805664; 
201; 0.5920668840408325; -2.0127124786376953; -0.6739732027053833; -1.0465428829193115; 0.9420034289360046; -0.31427568197250366; 
284; 0.15156733989715576; -0.8793332576751709; -1.0623877048492432; -0.8406002521514893; 0.680833101272583; -0.4598776698112488; 
235; 0.9439042806625366; -0.9457828402519226; -1.3824005126953125; -0.9080003499984741; 1.0660115480422974; -0.28821855783462524; 
264; 0.4367230534553528; -1.3177546262741089; -0.4873182475566864; -0.957780122756958; 0.49686095118522644; -0.5093446969985962; 
240; 0.23880332708358765; -1.0180070400238037; -0.7961568236351013; -0.9849467277526855; 0.4629952311515808; -0.48397570848464966; 
298; 0.6242163777351379; -0.831870436668396; -0.9696056842803955; -0.8716091513633728; 0.7496470212936401; -0.37861818075180054; 
209; 0.4575660824775696; -1.103769302368164; -0.8229443430900574; -0.8288224339485168; 0.6783100366592407; -0.3004003167152405; 
268; 0.07477360963821411; -1.3088480234146118; -1.3268122673034668; -0.8243879079818726; 0.7448772192001343; -0.071236252784729; 
283; 0.18030735850334167; -0.33315932750701904; -0.706397533416748; -0.8809092044830322; 0.9647941589355469; -0.19804580509662628; 
294; 0.36388224363327026; -0.9866074919700623; -0.6540089249610901; -0.9611494541168213; 0.6427634358406067; -0.447554349899292; 
211; 0.22573554515838623; -1.3671979904174805; -1.7292726039886475; -0.9332550764083862; 0.7392785549163818; -0.15707990527153015; 
263; 0.19787657260894775; -0.8611428737640381; -0.746868908405304; -0.8800554275512695; 0.4179966449737549; 0.044724345207214355; 
256; 0.6571295261383057; -1.736600399017334; -0.9790372848510742; -1.1656835079193115; 0.5399907231330872; -0.05546949803829193; 
269; 0.03549402952194214; -1.22063148021698; -0.44719600677490234; -0.8776094317436218; 0.943153440952301; -0.5310028791427612; 
210; 0.35835930705070496; -1.2022638320922852; -0.9196499586105347; -1.015282392501831; 0.484352171421051; 0.15559664368629456; 
261; 0.37724605202674866; -0.950431764125824; -0.87152099609375; -0.9449353218078613; 0.697327733039856; 0.049614354968070984; 
299; -0.3203038275241852; -0.3161803185939789; -0.03622639179229736; -1.032303810119629; 0.8709002137184143; -0.24463298916816711; 
293; 0.4017367362976074; -1.002152442932129; -0.6265803575515747; -1.1269631385803223; 0.48713254928588867; -0.17564988136291504; 
304; 0.40283501148223877; -1.0254526138305664; -0.18235549330711365; -1.2115468978881836; 0.4588567018508911; -0.4477131962776184; 
354; 0.35517066717147827; -1.0641123056411743; -0.20446869730949402; -0.7705107927322388; 0.5380628705024719; 0.01770782470703125; 
316; 0.06264334917068481; -1.997663974761963; -0.8431640863418579; -1.0101490020751953; 0.7562273740768433; -0.016602084040641785; 
337; -0.18509173393249512; -0.8638039231300354; -0.5319513082504272; -0.9661437273025513; 0.5432393550872803; -0.543140172958374; 
305; 0.4186995029449463; -0.7720133066177368; -0.8297287821769714; -1.0417968034744263; 0.6880945563316345; -0.3945760428905487; 
302; -0.2338797152042389; -1.365403652191162; -0.5709328651428223; -0.904567301273346; 0.685916543006897; -0.369701087474823; 
353; -0.18353033065795898; -1.3150135278701782; -0.7020187377929688; -1.1442331075668335; 0.6500198841094971; -0.02513366937637329; 
320; 0.1336846947669983; -1.2438545227050781; -0.513237714767456; -0.9511053562164307; 0.9880794286727905; -0.28953906893730164; 
385; -0.2220057249069214; -1.370649814605713; -1.140588402748108; -0.9383876323699951; 0.3543738126754761; -0.2581647038459778; 
321; -0.17640799283981323; -1.007959008216858; -0.5766990184783936; -1.2050914764404297; 0.8798151016235352; -0.5401579737663269; 
384; 0.09839862585067749; -1.1119015216827393; -0.815967321395874; -1.098230004310608; 0.7876409292221069; -0.09153491258621216; 
301; 0.21209114789962769; -1.1623666286468506; -0.5599495768547058; -0.9711201786994934; 0.8512824773788452; -0.27313193678855896; 
322; -0.17076653242111206; -1.3345410823822021; -0.4233514964580536; -0.9351237416267395; 0.6740111112594604; -0.41354361176490784; 
326; 0.49228304624557495; -1.1807293891906738; -1.1594878435134888; -0.9882171154022217; 0.7113524675369263; 0.024235039949417114; 
309; -0.14485704898834229; -1.1214287281036377; -0.7039732933044434; -1.0785843133926392; 0.866423487663269; -0.2997346818447113; 
339; 0.4975162744522095; -1.2771997451782227; 0.0637747049331665; -0.9012268781661987; 0.7704305648803711; -0.2045409083366394; 
386; 0.35620206594467163; -1.4438159465789795; -0.6970913410186768; -0.7031086683273315; 0.6244418621063232; -0.217978373169899; 
310; 0.6667460203170776; -1.8644908666610718; -0.5400861501693726; -1.1764132976531982; 0.70513916015625; -0.27931684255599976; 
311; 0.518497884273529; -0.9554420709609985; -1.400454044342041; -0.7521017789840698; 0.8134254217147827; -0.03628295660018921; 
398; 0.11129647493362427; -1.8228118419647217; -0.5642927289009094; -0.7492187023162842; 0.817674994468689; -0.27963900566101074; 
338; 0.3968449831008911; -1.5164868831634521; -0.22643527388572693; -1.0455412864685059; 0.9870291948318481; -0.06975814700126648; 
387; -0.024068176746368408; -1.3390560150146484; -0.17491748929023743; -0.9163681268692017; 0.8671900033950806; -0.2781752347946167; 
399; -0.19853350520133972; -1.284414529800415; -0.6237636208534241; -1.0019593238830566; 0.478376567363739; -0.11740157008171082; 
390; 0.39535725116729736; -1.1644608974456787; -0.8291943669319153; -1.3951269388198853; 0.9244887828826904; -0.5733704566955566; 
318; 0.09683337807655334; -1.299550175666809; -0.4122686982154846; -0.9496591091156006; 0.8345423936843872; -0.0007657408714294434; 
307; 0.23702454566955566; -1.6148128509521484; -1.2317090034484863; -0.8666704893112183; 0.8059057593345642; -0.49176767468452454; 
396; 0.3486067056655884; -2.0473575592041016; -0.9800145626068115; -1.268315315246582; 0.5028427839279175; -0.16359485685825348; 
303; 0.3496381938457489; -0.8570131659507751; -0.5200894474983215; -1.0070937871932983; 0.5994231700897217; -0.02084501087665558; 
383; -0.09201785922050476; -1.198676586151123; -0.6910794973373413; -0.9161988496780396; 1.148916482925415; -0.14831538498401642; 
300; 0.5787383913993835; -0.7351704239845276; -0.4838288724422455; -1.1029884815216064; 0.5481628775596619; -0.20529985427856445; 
325; 0.23606789112091064; -1.0422229766845703; -1.4002468585968018; -0.7578745484352112; 0.749722957611084; -0.3587086796760559; 
335; -0.14510232210159302; -1.6990691423416138; -0.35490354895591736; -1.2249083518981934; 0.7150571346282959; -0.5502153635025024; 
368; -0.19590678811073303; -1.5305004119873047; -1.3534846305847168; -1.002971887588501; 0.6578017473220825; -0.46469026803970337; 
334; 0.7326409816741943; -0.9585639238357544; -0.9606339931488037; -0.9602737426757812; 0.6851379871368408; -0.26023954153060913; 
382; 0.20432662963867188; -1.4311184883117676; -0.9495130777359009; -0.999374270439148; 0.517410159111023; -0.18726979196071625; 
355; 0.04825592041015625; -1.500483751296997; -1.0169206857681274; -1.2517139911651611; 0.5920830965042114; -0.1928434520959854; 
323; -0.2946816086769104; -0.9186180233955383; -0.31351613998413086; -0.8794816732406616; 0.8695001006126404; -0.11472403258085251; 
360; 0.007885754108428955; -1.477468729019165; -0.9786549806594849; -1.2062792778015137; 0.6494303941726685; -0.37660741806030273; 
356; 0.22503215074539185; -0.8001705408096313; -0.38315314054489136; -0.9191489219665527; 1.0620496273040771; 0.046265363693237305; 
362; 0.2527412176132202; -1.0645856857299805; -0.7745414972305298; -1.098205804824829; 0.6653332710266113; -0.2947182357311249; 
333; -0.17583447694778442; -1.7386354207992554; -0.49577784538269043; -0.7712599039077759; 0.8773598074913025; -0.2679974138736725; 
340; 0.34016233682632446; -1.0919408798217773; -0.6814230680465698; -1.1215894222259521; 0.529450535774231; -0.41676974296569824; 
314; 0.3902937173843384; -1.7848660945892334; -1.605360984802246; -0.9092711210250854; 0.5100831389427185; -0.16015583276748657; 
331; -0.1727774441242218; -0.4662693738937378; -0.10409533977508545; -1.4036790132522583; 0.8426511287689209; -0.4159156084060669; 
364; 0.5074131488800049; -0.9202024936676025; -0.37626636028289795; -0.7976263165473938; 0.8304842710494995; -0.29147398471832275; 
367; 0.6999968886375427; -1.0166735649108887; -0.6950237154960632; -0.9636032581329346; 0.5875802636146545; -0.3814166784286499; 
373; 0.13948115706443787; -1.712409257888794; -0.7698168754577637; -0.7809900641441345; 0.648280143737793; -0.2970621883869171; 
351; 0.44242626428604126; -1.1207122802734375; -0.8161340951919556; -0.8150819540023804; 0.7552638649940491; -0.43960702419281006; 
380; -0.6582491397857666; -0.9186002016067505; -0.44531965255737305; -1.054678201675415; 0.9371109008789062; -0.2522090971469879; 
329; 0.5117551684379578; -1.7457739114761353; -1.4374799728393555; -0.8856666684150696; 0.6961765289306641; -0.6380519866943359; 
388; 0.6561357975006104; -0.2766496539115906; -0.3968077600002289; -0.897705078125; 0.8103868961334229; -0.10732412338256836; 
330; 0.49814456701278687; -1.2580680847167969; -0.4089415669441223; -1.0052684545516968; 0.4704405665397644; -0.05588829517364502; 
369; -0.3539500832557678; -1.6871459484100342; -0.3765742778778076; -1.1789368391036987; 0.8422306776046753; -0.159340038895607; 
391; 0.15510129928588867; -1.1517186164855957; -1.1398545503616333; -1.2891323566436768; 0.5267912149429321; -0.11670808494091034; 
348; 0.41611248254776; -1.598130226135254; -0.49255263805389404; -1.187148094177246; 0.7975217700004578; -0.2972138822078705; 
327; 0.2341098189353943; -1.291465163230896; -0.32363995909690857; -1.1742560863494873; 0.7721128463745117; -0.38225454092025757; 
350; 0.4198649525642395; -1.2379319667816162; -1.0222744941711426; -1.0027573108673096; 0.548240602016449; -0.1772066056728363; 
357; 0.3291071057319641; -0.8343207240104675; -1.1962974071502686; -0.9061932563781738; 0.7108651399612427; -0.11723540723323822; 
371; 0.24470502138137817; -0.7510517835617065; -0.6254574060440063; -0.7876070737838745; 0.7277566194534302; -0.0897177904844284; 
372; -0.7790082693099976; -1.2847336530685425; -0.009302020072937012; -1.042112112045288; 0.642747163772583; -0.12054069340229034; 
352; 0.5360605120658875; -0.9438959360122681; -0.5691978931427002; -1.1854794025421143; 0.6725656986236572; -0.373623251914978; 
393; 0.18512678146362305; -1.1889126300811768; -0.1045304536819458; -1.3574162721633911; 0.6700665354728699; -0.5191564559936523; 
349; -1.2612366676330566; -1.6498920917510986; -0.5382425785064697; -0.9441894292831421; 0.7295675277709961; -0.32185763120651245; 
347; -0.017742455005645752; -1.2101383209228516; -1.2254136800765991; -0.9426392316818237; 0.7230664491653442; -0.5226792693138123; 
346; 0.2247883677482605; -1.0300426483154297; -0.6390048861503601; -1.1072763204574585; 0.8489971160888672; -0.11567412316799164; 
336; -0.008029580116271973; -1.6940064430236816; -0.5051369071006775; -0.8453313112258911; 0.656569242477417; -0.37032273411750793; 
332; 0.060464680194854736; -0.9824101328849792; -0.8189720511436462; -1.1797246932983398; 0.5761458873748779; -0.171518936753273; 
324; 0.26354241371154785; -0.5138101577758789; -0.6339243650436401; -0.9482225179672241; 0.75337815284729; -0.31275632977485657; 
328; -0.03719070553779602; -0.6970524787902832; -0.688355028629303; -0.7907187938690186; 0.7683164477348328; -0.2060094177722931; 
366; 0.09411662817001343; -2.213120937347412; -1.0925406217575073; -0.9225003719329834; 0.7788630127906799; -0.20335598289966583; 
359; 0.05361008644104004; -1.3555588722229004; -0.848321795463562; -0.8512771129608154; 0.9267821311950684; -0.23872309923171997; 
394; 0.4709603190422058; -2.0877304077148438; -0.6600427627563477; -1.2227615118026733; 0.9332712888717651; -0.3523961007595062; 
306; 0.5252857208251953; -0.9224839210510254; -1.2950198650360107; -1.0448158979415894; 0.8475639820098877; -0.399247407913208; 
392; 0.30386072397232056; -1.0050950050354004; -0.3219684660434723; -0.8931611776351929; 0.6992026567459106; -0.3805825412273407; 
381; 0.05290055274963379; -1.5502327680587769; -0.6802427172660828; -0.7899135947227478; 0.8016494512557983; -0.26122283935546875; 
379; 0.6453235149383545; -2.2347893714904785; -1.3668830394744873; -0.8704432249069214; 0.7861568331718445; -0.3289435803890228; 
397; 0.30438143014907837; -1.0645320415496826; -1.2877495288848877; -0.9898707866668701; 0.5580466985702515; -0.25786247849464417; 
344; 0.16236728429794312; -1.709850549697876; -0.7317793965339661; -0.9830136895179749; 0.8158509135246277; -0.045355409383773804; 
342; 0.07003796100616455; -0.9072166085243225; -0.7361099123954773; -0.9662884473800659; 0.7229427099227905; -0.14381921291351318; 
358; 0.07761430740356445; -1.5004844665527344; -0.7808549404144287; -1.1671414375305176; 0.7194715738296509; -0.4787977337837219; 
365; 0.123127281665802; -1.0039418935775757; -1.4706602096557617; -1.0122300386428833; 0.5764347314834595; -0.28395986557006836; 
389; 0.34039098024368286; -1.985846996307373; -0.44471901655197144; -1.0007113218307495; 0.5304209589958191; -0.3726845979690552; 
308; 0.5528632998466492; -2.148378849029541; -1.1563329696655273; -1.2124665975570679; 0.4058895409107208; -0.08483350276947021; 
395; 0.3783826529979706; -1.6512479782104492; -1.4957841634750366; -0.7966818809509277; 0.7381713390350342; -0.15412619709968567; 
319; 0.03533220291137695; -0.9028871059417725; -1.0767793655395508; -1.0415921211242676; 0.5995771884918213; -0.08619147539138794; 
315; -0.03908818960189819; -1.552274465560913; -0.12134316563606262; -1.076021432876587; 0.7443099021911621; -0.14011241495609283; 
312; -0.0562480092048645; -0.7609317302703857; -0.9725914001464844; -0.6410195231437683; 0.7047269940376282; -0.28336456418037415; 
376; 0.01345139741897583; -1.5353708267211914; -0.5775313973426819; -1.186828374862671; 0.6529653072357178; -0.45774132013320923; 
317; 0.2176719605922699; -1.1289749145507812; -0.9489109516143799; -0.9107828736305237; 0.7252483367919922; 0.08293108642101288; 
313; 0.199471116065979; -0.5315371751785278; -1.189589500427246; -1.0790331363677979; 0.9532233476638794; -0.044239163398742676; 
341; 0.06780743598937988; -1.6379172801971436; -0.2804409861564636; -1.0210866928100586; 0.6140199899673462; -0.29320213198661804; 
378; 0.22025930881500244; -1.1888883113861084; -0.9820173978805542; -1.00907301902771; 0.7541124224662781; -0.35345086455345154; 
363; 0.1842845380306244; -0.8719587326049805; -0.6428059339523315; -0.7676582932472229; 0.7691122889518738; -0.1883675456047058; 
377; -0.5394350290298462; -1.8454376459121704; -0.42550432682037354; -0.7792490124702454; 0.6277144551277161; -0.254424512386322; 
370; -0.10442915558815002; -0.7855962514877319; -0.9560494422912598; -0.7894358038902283; 0.7573506832122803; -0.14497755467891693; 
343; 0.5483767986297607; -1.1652554273605347; -0.9723763465881348; -0.9840282201766968; 0.8148010969161987; -0.2104935497045517; 
345; 0.011217653751373291; -1.314579725265503; -0.4689421057701111; -0.9551201462745667; 0.7939112186431885; -0.48061737418174744; 
375; 0.08952629566192627; -0.904544472694397; -0.993597149848938; -0.8831428289413452; 0.6855707168579102; -0.08500279486179352; 
403; 0.14039990305900574; -0.7376373410224915; -1.4164164066314697; -1.035392165184021; 0.7041772603988647; -0.25062036514282227; 
400; -0.30883413553237915; -1.1259660720825195; -0.6768536567687988; -0.8622660040855408; 0.7168643474578857; -0.037900567054748535; 
420; 0.9193987846374512; -1.085709571838379; -0.6743139028549194; -0.9858118295669556; 0.5413633584976196; -0.3606705367565155; 
401; -0.47176846861839294; -1.5808546543121338; -1.3316878080368042; -0.9447332620620728; 0.6088321208953857; -0.31839656829833984; 
433; 0.2836039066314697; -0.7575949430465698; -0.8402508497238159; -1.0527994632720947; 0.6024020910263062; -0.33682873845100403; 
402; 0.27774709463119507; -1.5356035232543945; -1.2771966457366943; -1.0906654596328735; 0.7639960646629333; -0.2628942131996155; 
404; 0.49765270948410034; -1.8262417316436768; -1.0174994468688965; -1.0331909656524658; 0.7385786771774292; -0.40566933155059814; 
409; -0.21366390585899353; -1.3742964267730713; -1.2023193836212158; -0.8735415935516357; 0.8145545125007629; -0.34134194254875183; 
424; 0.415234237909317; -0.9285122156143188; -0.9747510552406311; -0.7352356910705566; 0.6159593462944031; -0.4226023554801941; 
407; 0.5800333023071289; -0.6590679883956909; -0.36386242508888245; -0.7487618923187256; 1.0482404232025146; -0.3278018832206726; 
423; 0.17238157987594604; -1.0627800226211548; -1.0339875221252441; -0.7631593942642212; 0.5638079047203064; -0.10665212571620941; 
422; 0.4604390859603882; -0.7850854396820068; -0.7807469367980957; -1.0113599300384521; 0.8576545715332031; -0.24981127679347992; 
408; -0.013222754001617432; -2.0927906036376953; -0.8533540368080139; -1.076810359954834; 0.7726095914840698; -0.21374596655368805; 
453; 0.23774981498718262; -1.097111701965332; -0.3887783885002136; -0.8818325996398926; 0.526780903339386; -0.49500176310539246; 
411; 0.260465145111084; -0.8525443077087402; -1.1159018278121948; -1.216334342956543; 0.7490109205245972; -0.28350603580474854; 
421; 0.12314635515213013; -1.0109128952026367; -1.0186736583709717; -0.934227705001831; 0.9895029664039612; -0.4062557518482208; 

419; 0.2613371014595032; -1.0561994314193726; -0.15071359276771545; -0.9328730702400208; 1.0129388570785522; -0.3288509249687195; 
405; 0.4217741787433624; -2.027862071990967; -0.4284617304801941; -1.116687536239624; 1.0196865797042847; -0.2307211458683014; 
410; -0.40891170501708984; -1.3884581327438354; -1.3101825714111328; -1.1552610397338867; 0.6934664249420166; -0.15408733487129211; 
446; 0.0483396053314209; -1.2419757843017578; -0.5977098345756531; -1.0108685493469238; 0.6010769605636597; -0.26295018196105957; 
468; 0.36002182960510254; -1.6345124244689941; -0.1310548186302185; -0.6472476124763489; 0.7836873531341553; -0.2654638886451721; 
498; 0.3930482864379883; -1.3585723638534546; -0.6237853765487671; -0.920411229133606; 0.7809869647026062; -0.33641502261161804; 
476; -0.13684570789337158; -1.638687014579773; -0.6465364694595337; -0.8995457291603088; 0.6398928165435791; -0.1965515911579132; 
454; -0.16144192218780518; -1.6661322116851807; -1.0990904569625854; -0.8800203800201416; 0.5902918577194214; -0.38581955432891846; 
449; -0.03072601556777954; -1.2172753810882568; -0.9563552737236023; -0.8870156407356262; 0.5553345084190369; -0.11428004503250122; 
469; -0.07567143440246582; -1.3005778789520264; -0.758200466632843; -0.8254663944244385; 0.8245865702629089; -0.2949736416339874; 
460; -0.5328351259231567; -1.3775615692138672; -0.8295813798904419; -0.7818173766136169; 0.7946464419364929; -0.355579674243927; 
478; 0.6622985601425171; -1.1945130825042725; -0.7767379283905029; -0.9229634404182434; 0.790211021900177; -0.06956437230110168; 
406; 0.8724253177642822; -1.0355510711669922; -0.301681250333786; -1.1284674406051636; 0.9405390620231628; -0.227373406291008; 
475; 0.09399938583374023; -1.4812313318252563; -0.9530245065689087; -0.9445446729660034; 0.6965229511260986; -0.08734466135501862; 
472; -0.3874553442001343; -1.9493967294692993; -1.4386626482009888; -0.7927803993225098; 0.7124347686767578; -0.30660104751586914; 
459; 0.3364449739456177; -0.9536604881286621; -0.9077872037887573; -0.8953536748886108; 1.2110326290130615; -0.2917226552963257; 
455; 0.23582488298416138; -1.3282175064086914; -0.4188435673713684; -1.0972537994384766; 0.95110684633255; -0.36079275608062744; 
462; 0.3314133882522583; -1.0345653295516968; -0.9249213933944702; -1.1788593530654907; 0.6724875569343567; -0.1269218623638153; 
447; 0.27940070629119873; -0.5380215644836426; -0.6613756418228149; -1.1008403301239014; 0.5559800863265991; -0.3165428638458252; 
482; 0.3428712487220764; -1.8941149711608887; -1.7943172454833984; -0.9277622699737549; 0.6757984161376953; -0.16355670988559723; 
494; -0.039414048194885254; -0.8151847124099731; -1.0749421119689941; -1.0181061029434204; 0.6969315409660339; -0.1914200484752655; 
495; 0.3451954126358032; -0.5654543042182922; -0.10948795080184937; -0.9291552305221558; 0.6004178524017334; -0.34019485116004944; 
467; -0.3281521499156952; -1.7010629177093506; -0.5030791759490967; -1.0353069305419922; 0.58824622631073; -0.2063945233821869; 
448; 0.07242542505264282; -1.7212615013122559; -0.9827913045883179; -0.9567748308181763; 0.9479731321334839; -0.37668362259864807; 
413; 0.5299807786941528; -0.9519443511962891; -0.21591916680335999; -0.8954643607139587; 1.0542495250701904; -0.48503291606903076; 
470; 0.3551754057407379; -1.4540095329284668; -0.7269335389137268; -0.6895968317985535; 0.5602176189422607; -0.32968854904174805; 
416; 0.40047258138656616; -1.6022493839263916; -0.43160825967788696; -1.1334807872772217; 0.5735906362533569; -0.3173755407333374; 
428; -0.011881828308105469; -1.2971793413162231; -1.3152775764465332; -0.7551813721656799; 0.7631157040596008; -0.19666016101837158; 
418; 0.0738288164138794; -1.3954825401306152; -0.620634138584137; -1.1172058582305908; 0.794422447681427; -0.018427684903144836; 
471; 0.03447622060775757; -1.8509228229522705; -0.7932080030441284; -0.9067185521125793; 0.8085954189300537; -0.3412754535675049; 
474; 0.07345974445343018; -1.638108253479004; -0.7376443147659302; -1.046034812927246; 0.8122885823249817; -0.20243069529533386; 
450; -0.5209751129150391; -1.5186742544174194; -0.5724159479141235; -0.9245238900184631; 0.4653339087963104; -0.24530956149101257; 
488; 0.3410332202911377; -1.1938140392303467; -0.752496600151062; -0.9407517313957214; 0.8226181268692017; -0.31289544701576233; 
483; -0.40375807881355286; -1.856675148010254; -0.3530186414718628; -1.0726101398468018; 0.7980519533157349; -0.39780983328819275; 
473; 0.4101558327674866; -0.9485950469970703; -0.4203128516674042; -0.924695611000061; 0.6794624328613281; -0.3056293725967407; 
417; 0.4859168529510498; -1.3544734716415405; -0.8501670956611633; -1.014391541481018; 0.7977688312530518; -0.2991850972175598; 
429; 0.47811731696128845; -0.5359578728675842; -0.43512457609176636; -1.046847939491272; 0.801813006401062; -0.014668762683868408; 
489; 0.32378262281417847; -1.2850525379180908; -0.7414167523384094; -0.9867088198661804; 0.7426338791847229; -0.26449376344680786; 
491; 0.337329626083374; -1.5649335384368896; -0.7300921678543091; -0.9429112672805786; 0.8112403154373169; -0.23960743844509125; 
456; -0.4214664101600647; -1.4895319938659668; -0.8372108936309814; -1.0639100074768066; 0.7203553915023804; -0.22330360114574432; 
427; 0.2971228361129761; -1.1852798461914062; -0.503881573677063; -1.0834786891937256; 0.6318714618682861; 0.01325252652168274; 
487; 0.5717117786407471; -1.2089638710021973; -0.4140733480453491; -1.0876473188400269; 0.7236406803131104; -0.04318217933177948; 
465; 0.14058917760849; -1.2631806135177612; -0.4786847233772278; -1.07774817943573; 0.7386821508407593; -0.22833532094955444; 
426; 0.3041549026966095; -1.4637057781219482; -0.6291346549987793; -1.0196460485458374; 0.8672797083854675; -0.20466949045658112; 
461; 0.599625289440155; -1.2349194288253784; -1.0051777362823486; -0.8555554151535034; 0.7855841517448425; -0.2046871781349182; 
438; 0.8434849381446838; -2.2296690940856934; -1.3557884693145752; -1.1516497135162354; 0.9391114115715027; -0.3822799324989319; 
437; 0.5054324865341187; -2.0238587856292725; -0.9319348931312561; -0.8876041173934937; 0.5611703395843506; -0.5163282752037048; 
466; 0.11237978935241699; -1.5055257081985474; -0.604219913482666; -0.9214580655097961; 0.8435614109039307; -0.22669461369514465; 
451; -0.035953402519226074; -1.4373167753219604; -0.025894105434417725; -1.0162726640701294; 0.34348437190055847; -0.41935810446739197; 
443; 0.0955662727355957; -1.5386826992034912; -0.04650390148162842; -0.9016852974891663; 0.640382707118988; -0.030730456113815308; 
493; 0.6208394765853882; -1.3049169778823853; -0.20168018341064453; -0.9191105365753174; 0.5795649886131287; -0.11903833597898483; 
481; 0.12353920936584473; -1.4601572751998901; -1.171245813369751; -1.2141053676605225; 0.7146421670913696; -0.37869328260421753; 
425; 0.26538556814193726; -0.953513503074646; -0.6203676462173462; -0.8016236424446106; 0.7953932881355286; -0.4229540228843689; 
490; -0.3453975021839142; -0.8746019601821899; -0.5140061378479004; -0.8111532926559448; 1.0249073505401611; -0.44630563259124756; 
439; 0.20173591375350952; -1.1557239294052124; -0.5426471829414368; -1.0812859535217285; 0.6097286939620972; -0.247420996427536; 
463; 0.43825632333755493; -0.7023483514785767; -0.1663549244403839; -1.0558120012283325; 0.7890281677246094; -0.22308476269245148; 
496; 0.5133463144302368; -0.7936414480209351; -0.7743783593177795; -0.8609327077865601; 0.6020729541778564; -0.4544105529785156; 
430; 0.03618001937866211; -1.0129845142364502; -1.0368179082870483; -1.0053588151931763; 0.794184684753418; -0.07432153820991516; 
432; 0.20119118690490723; -1.2354724407196045; -0.0528903603553772; -0.9123624563217163; 0.6896339654922485; -0.24130922555923462; 
485; -0.32474642992019653; -1.253368854522705; -1.0465319156646729; -1.033934235572815; 0.8090919256210327; -0.4302830994129181; 
492; 0.4940798282623291; -0.7796244621276855; -0.6215113401412964; -0.9081013202667236; 0.6325815916061401; -0.12707021832466125; 
431; 0.26269224286079407; -0.6612316966056824; -0.40993577241897583; -0.9511104822158813; 0.8615908622741699; -0.0926009863615036; 
435; 0.6065673232078552; -1.668269157409668; -0.4789946675300598; -0.9524168968200684; 0.6292028427124023; -0.06376513838768005; 
436; 0.6962127089500427; -1.64188814163208; -0.9910502433776855; -0.9158356785774231; 0.6249129176139832; -0.33068543672561646; 
414; 0.6403200626373291; -0.5971635580062866; -0.054581284523010254; -0.7358733415603638; 0.6526458263397217; -0.13729800283908844; 
479; -0.20256346464157104; -1.5643889904022217; -0.9599963426589966; -1.2164167165756226; 0.30946001410484314; -0.2446068823337555; 
457; -0.4828181862831116; -0.9643541574478149; -0.7885239124298096; -1.0161278247833252; 0.7396378517150879; -0.36511653661727905; 
477; 0.548235297203064; -1.7801427841186523; -0.4867545962333679; -0.7806599736213684; 0.5478801727294922; -0.17489303648471832; 
442; -0.4865846633911133; -1.8870816230773926; -0.019820988178253174; -1.0571833848953247; 0.6635428667068481; -0.20160865783691406; 
445; -0.39972561597824097; -0.9751836061477661; 0.0861479640007019; -1.008028268814087; 0.8642528057098389; -0.2107429802417755; 
440; 0.1278795599937439; -1.5095096826553345; -0.7776567339897156; -0.6833025813102722; 0.6317517757415771; -0.2583693861961365; 
444; 0.30667173862457275; -1.3731026649475098; -0.3418367803096771; -0.7433487176895142; 0.7883392572402954; -0.253576397895813; 
441; 0.1318252682685852; -1.0763837099075317; -0.5687777400016785; -0.9858200550079346; 0.8458770513534546; -0.2662900686264038; 
452; 0.34750673174858093; -1.2017273902893066; -0.7708702087402344; -0.8711957931518555; 0.788698136806488; -0.12883637845516205; 
458; 0.04687929153442383; -1.095433235168457; -0.9935146570205688; -1.0116114616394043; 0.6529643535614014; -0.2496282458305359; 
415; 0.1021718978881836; -1.2609177827835083; -0.41232573986053467; -1.0521941184997559; 0.7147762179374695; -0.14749780297279358; 
497; -0.32059139013290405; -1.0668610334396362; -1.1055848598480225; -0.8740166425704956; 0.5897008776664734; -0.4706727862358093; 
480; 0.061591118574142456; -1.4678218364715576; -0.8043925762176514; -1.0420745611190796; 0.5928826332092285; -0.18368037045001984; 
434; -0.20893612504005432; -0.7166008949279785; -0.2701699137687683; -0.9051188230514526; 0.7507370710372925; -0.22693733870983124; 
486; 0.24255135655403137; -1.4704363346099854; -0.5094068646430969; -0.9730498790740967; 0.7394763231277466; -0.22186815738677979; 
484; 0.1736283302307129; -0.7526952028274536; -1.0734317302703857; -0.9039835929870605; 0.542995035648346; -0.23501060903072357; 
464; 0.026209115982055664; -1.5906871557235718; -0.709856390953064; -1.2133253812789917; 0.7787967324256897; -0.2288329303264618; 
499; 0.00018322467803955078; -1.1460033655166626; -1.3090343475341797; -0.8129053115844727; 0.34996500611305237; -0.161741703748703; 
500; 0.2956158518791199; -0.7246932983398438; -1.547536849975586; -0.9799083471298218; 0.8642041683197021; -0.39020422101020813; 
501; -0.5181071162223816; -2.3622512817382812; -0.8534306287765503; -1.0199804306030273; 0.8099150657653809; -0.34300127625465393; 
503; 0.3337879180908203; -0.7357406616210938; -0.789353609085083; -1.0525445938110352; 0.7749120593070984; -0.30610397458076477; 
502; 0.0038223862648010254; -1.3843460083007812; 0.061070919036865234; -0.9050577878952026; 0.9004950523376465; -0.25502440333366394; 
505; -0.05067175626754761; -0.997044563293457; -0.5811433792114258; -0.9165266752243042; 0.976834237575531; -0.4854668974876404; 
504; 0.13112223148345947; -1.2050175666809082; -0.8226824402809143; -0.8381498456001282; 0.7315762639045715; -0.17638741433620453; 
