58; 0.5153806805610657; -0.6122004389762878; 0.22984330356121063; -0.725411593914032; 1.0164693593978882; -0.16001629829406738; 
65; 0.9226463437080383; -0.20314298570156097; -0.08901488780975342; -0.6775864362716675; 0.8244419693946838; -0.171439990401268; 
6; 0.6011634469032288; -0.7368744611740112; -0.49313682317733765; -0.9228500723838806; 1.0555129051208496; 0.029177049174904823; 
14; 1.2102439403533936; -0.5491020083427429; -0.08699151873588562; -0.7292377352714539; 0.9595822095870972; 0.24990281462669373; 
24; 0.9759217500686646; -0.20190954208374023; 0.4184900224208832; -0.8377882838249207; 0.870819628238678; 0.17187511920928955; 
17; 1.114026427268982; 0.03700685501098633; -0.17273186147212982; -0.7413832545280457; 0.7909515500068665; 0.08912654221057892; 
30; 0.98809814453125; -0.6468578577041626; 0.21569664776325226; -0.3039953112602234; 1.1165729761123657; 0.12254391610622406; 
48; 0.8788238763809204; 0.02002006210386753; 0.08646867424249649; -0.7880777716636658; 0.994080126285553; -0.13662314414978027; 
90; 0.3506430387496948; -0.3482688367366791; -0.1900109499692917; -0.6154340505599976; 0.8017616868019104; 0.10265575349330902; 
64; 1.078268051147461; -0.6223562955856323; -0.011869135312736034; -0.7371214032173157; 1.176263689994812; -0.061567872762680054; 
4; 0.5800628662109375; -0.7455967664718628; -0.3004252314567566; -0.6383063793182373; 1.064184546470642; -0.11333583295345306; 
15; 0.3033180236816406; -0.6716800928115845; 0.167540043592453; -0.8638836741447449; 0.9399446249008179; -0.03398088365793228; 
8; 
19; 0.5222175717353821; 0.029360370710492134; 0.16156020760536194; -0.7799522280693054; 1.0251449346542358; 0.0466754175722599; 
33; 0.5886344909667969; -1.1239099502563477; 0.028023796156048775; -0.5813215970993042; 1.1335411071777344; 0.17219004034996033; 

93; 1.0551064014434814; -0.42405426502227783; -0.19418659806251526; -0.24649667739868164; 0.7282220125198364; -0.01716398447751999; 
91; 0.7810145020484924; -0.783931314945221; 0.4558941423892975; -0.6215989589691162; 1.1779630184173584; 0.12180343270301819; 
95; 0.8762490153312683; 0.0550430491566658; 0.48654741048812866; -0.47195276618003845; 1.1641085147857666; -0.06691671162843704; 
68; 0.4462130069732666; -0.6247687935829163; 0.6204231381416321; -0.6924585700035095; 1.021384596824646; 0.04938243329524994; 
26; 0.7231279611587524; -0.27315813302993774; -0.3579329252243042; -0.7551829218864441; 0.817211925983429; 0.0116849634796381; 
57; 0.6212664246559143; -0.15532773733139038; 0.05205722153186798; -0.7339893579483032; 0.9994301199913025; -0.3409850001335144; 
49; 0.9125179052352905; -0.7114605903625488; 0.16881810128688812; -0.6936907768249512; 0.8168267607688904; -0.20744909346103668; 
92; 0.40532758831977844; -0.11293890327215195; 0.4568118155002594; -1.154815673828125; 0.8232484459877014; -0.06155768036842346; 
16; 0.6174488663673401; -0.8925005793571472; -0.06267107278108597; -0.8746774792671204; 0.8851704597473145; -0.07669739425182343; 
60; 0.7957033514976501; 0.0063009113073349; 0.14698241651058197; -0.8278716802597046; 1.2275670766830444; 0.28961801528930664; 
23; 0.8398391008377075; 0.34221351146698; -0.2612892687320709; -0.8779070973396301; 1.2039482593536377; -0.13464689254760742; 
88; 0.5311611890792847; -0.6650667190551758; 0.7230671048164368; -0.5574690699577332; 1.1337275505065918; 0.09264640510082245; 
22; 1.0354950428009033; -0.11807083338499069; -0.1307840347290039; -0.49693480134010315; 0.8920980095863342; -0.16782644391059875; 
94; 0.8384931683540344; -0.49219101667404175; 0.09509371966123581; -0.6263017654418945; 1.4014956951141357; -0.016315681859850883; 
32; 0.8744785189628601; -0.1090719997882843; -0.023288264870643616; -0.6437647342681885; 0.9591068625450134; 0.26857081055641174; 
40; 0.8654563426971436; -0.1997070014476776; 0.2058754712343216; -0.79384845495224; 1.2280833721160889; 0.042497679591178894; 
20; 0.9110779166221619; -0.21515046060085297; -0.39988553524017334; -0.8551512360572815; 1.060335397720337; -0.11005525290966034; 
21; 0.7974763512611389; -0.16901299357414246; -0.6643112301826477; -0.621371328830719; 0.9027391672134399; -0.29620277881622314; 
56; 0.9475225806236267; -0.6888089179992676; 0.38012221455574036; -0.7190998196601868; 1.0090465545654297; -0.026598967611789703; 
18; 0.9294314384460449; -0.25170043110847473; -0.46798282861709595; -0.5979634523391724; 1.1426749229431152; -0.15121178328990936; 
89; 1.061414361000061; -0.1872534602880478; -0.9614777565002441; -0.516264021396637; 0.9000846147537231; 0.06312194466590881; 
3; 0.40412163734436035; -0.11055488139390945; 0.07656164467334747; -0.6915937066078186; 1.0622504949569702; -0.04334422945976257; 
82; 0.5790113806724548; -0.5884408354759216; -0.18298004567623138; -0.6863531470298767; 1.1345447301864624; 0.1847621351480484; 
39; 0.5813846588134766; -0.18500293791294098; -0.17410369217395782; -0.7837604880332947; 0.9762610793113708; -0.027427183464169502; 
59; 0.7085195779800415; -0.6270967721939087; -0.33070752024650574; -0.49333465099334717; 0.9939013719558716; -0.0678616389632225; 
37; 0.7013038396835327; -0.44112324714660645; -0.39656487107276917; -0.6628842949867249; 1.0038342475891113; -0.07339900732040405; 
97; 0.469307005405426; 0.06089054420590401; -0.21067781746387482; -0.9544587731361389; 1.017539381980896; -0.2510302662849426; 
81; 1.1236035823822021; -0.47235846519470215; -0.43394315242767334; -0.951751708984375; 0.8638635277748108; -0.06613200157880783; 
72; 0.9207491874694824; -0.8562016487121582; 0.2378709316253662; -0.684217631816864; 1.1440112590789795; -0.05934273451566696; 
29; 1.0501667261123657; -0.7728935480117798; -0.005847472231835127; -0.4372604787349701; 1.2021214962005615; 0.05621559917926788; 
25; 0.5131640434265137; -0.9361253380775452; 0.23235857486724854; -0.7238811254501343; 1.0102685689926147; 0.2340461015701294; 
70; 0.4459645450115204; -0.2806273102760315; 0.04749618470668793; -0.689741313457489; 0.8301623463630676; 0.35878807306289673; 
69; 0.9078815579414368; -0.313664972782135; -0.06457493454217911; -0.6968976855278015; 1.083792805671692; -0.21950368583202362; 
27; 0.8368465900421143; -0.867232084274292; -0.1589803695678711; -0.6483491659164429; 1.126887559890747; 0.12126617133617401; 
9; 0.482727587223053; -0.14499852061271667; -0.8878151774406433; -0.7215184569358826; 1.0957437753677368; 0.04333272576332092; 
2; 0.6147057414054871; -0.3427610993385315; 0.10324045270681381; -0.6300065517425537; 1.034672498703003; -0.18234887719154358; 
67; 1.2876472473144531; -0.06309758871793747; -0.09206104278564453; -0.9155958890914917; 0.9981167912483215; 0.03505827113986015; 
63; 0.7531581521034241; -0.43350404500961304; 0.03318529576063156; -0.5258656740188599; 1.3667550086975098; -0.059793539345264435; 
0; 0.5447123646736145; -0.5125463604927063; 0.2724764347076416; -0.7887070775032043; 1.2464669942855835; -0.07956444472074509; 
43; 1.2442984580993652; -0.6149516105651855; -0.2878684401512146; -0.726557195186615; 1.170638084411621; 0.2669038772583008; 
98; 
35; 0.4731118977069855; -0.4327397346496582; -0.009539135731756687; -0.5573016405105591; 0.8523486852645874; -0.04256010055541992; 
42; 0.6544671654701233; -0.36443236470222473; -0.1957513988018036; -0.6937530636787415; 0.9804895520210266; 0.10032637417316437; 
10; 0.6839866042137146; -1.4320510625839233; -0.31658121943473816; -0.7567452192306519; 1.3017997741699219; 0.2912294268608093; 
98; 0.06438405811786652; -0.47574540972709656; 0.07112973928451538; -0.7012041807174683; 0.908077597618103; 0.13272497057914734; 
1; 0.9304378032684326; -0.45216843485832214; 0.12472457438707352; -0.8512394428253174; 1.1766780614852905; -0.08632785826921463; 
8; 0.7689750790596008; -1.4141217470169067; -0.07104144245386124; -0.5107766389846802; 0.8054200410842896; 0.3151267170906067; 
11; 0.5756029486656189; -0.5336131453514099; 0.05569520592689514; -0.6155354380607605; 0.9466082453727722; 0.12340199947357178; 
74; 0.763658881187439; -0.309283584356308; -0.23072469234466553; -0.8683782815933228; 1.026305079460144; -0.19514037668704987; 
12; 0.5008246898651123; -0.06410127878189087; -0.26683923602104187; -0.680097222328186; 1.0099796056747437; -0.14921382069587708; 
87; 0.9455808997154236; -0.7029723525047302; -0.1101200059056282; -0.5899349451065063; 0.9516301155090332; -0.2812132239341736; 
75; 1.0318996906280518; -0.5892438888549805; -0.13286861777305603; -0.7213666439056396; 1.1434869766235352; -0.12846221029758453; 
7; 0.589219868183136; -1.1743656396865845; 0.29676300287246704; -0.6897541880607605; 0.8305678963661194; -0.0158380139619112; 
55; 1.2397938966751099; -1.0445373058319092; 0.253961980342865; -0.64238440990448; 0.7547529935836792; -0.04520614445209503; 
77; 0.7609441876411438; -0.9091188311576843; 0.21234382688999176; -0.6007083654403687; 1.345428228378296; -0.11696331202983856; 
47; 0.08829282969236374; -0.6528211236000061; 0.0024289973080158234; -0.704154908657074; 0.8041300773620605; -0.0634021982550621; 
44; 0.7572973966598511; -0.832473874092102; 0.36656874418258667; -0.4624086618423462; 0.9369204640388489; -0.1688542366027832; 
36; 0.5015989542007446; -0.020005572587251663; -0.7960870265960693; -0.48103266954421997; 1.065169334411621; -0.06779154390096664; 
51; 0.778130054473877; -0.5926112532615662; 0.05701059103012085; -0.6334785223007202; 1.1239887475967407; 0.001957861939445138; 
73; 0.31230399012565613; -0.9789711833000183; 0.6611505746841431; -0.6990845203399658; 1.068353295326233; -0.10501008480787277; 
80; 0.9263123273849487; -0.47239071130752563; -0.24671439826488495; -0.6596202850341797; 1.1081520318984985; -5.538761615753174e-05; 
62; 0.3060899078845978; -0.4511885344982147; 0.4460509717464447; -0.5878078937530518; 1.0027040243148804; -0.036308713257312775; 
85; 0.5399720072746277; -0.6536076664924622; 0.026442082598805428; -0.6848549246788025; 0.7024917602539062; -0.046967022120952606; 
38; 0.6561145186424255; -0.33819979429244995; -0.1801777333021164; -0.6760118007659912; 1.217574954032898; -0.13171952962875366; 
34; 0.23588532209396362; -0.6857083439826965; -0.22710970044136047; -0.6583170294761658; 0.9057984352111816; -0.21125008165836334; 
83; 1.2956486940383911; 0.2343909740447998; 0.028923803940415382; -0.679412305355072; 0.9533641934394836; -0.2775218188762665; 
76; 0.45594722032546997; -0.6553725600242615; 0.17419154942035675; -0.8438299894332886; 1.0107362270355225; -0.059448614716529846; 
28; 0.25047755241394043; -0.4476879835128784; -0.03998126834630966; -0.8070638179779053; 0.7646194100379944; 0.00426982156932354; 
78; 0.6954853534698486; -0.048610057681798935; -0.16786207258701324; -0.5058122873306274; 1.145533800125122; -0.17371751368045807; 
50; 0.45410552620887756; -0.8226528167724609; -0.03175259381532669; -0.36970052123069763; 0.9390664100646973; 0.09718217700719833; 
52; 0.7918969392776489; -0.9519433379173279; 0.21431373059749603; -0.7604490518569946; 0.8561545014381409; 0.03579111397266388; 
46; 0.8267382979393005; 0.13960474729537964; -0.5785706043243408; -0.7994964718818665; 1.0504494905471802; 0.09232932329177856; 
5; 0.5787723064422607; -0.35149821639060974; -0.09989327937364578; -0.5994057655334473; 0.6902400255203247; 0.051488522440195084; 
53; 0.6918234825134277; 0.02715694159269333; -0.098379947245121; -0.6998206973075867; 0.872733473777771; 0.08206430077552795; 
45; 0.6351921558380127; -0.2268531173467636; 0.1900905966758728; -0.6514320969581604; 0.7915027141571045; 0.33043408393859863; 
96; 0.677678644657135; -0.94773268699646; -0.08474566787481308; -0.570590615272522; 1.0289112329483032; -0.22871488332748413; 
54; 0.8025422096252441; -0.10584653913974762; -0.37160226702690125; -0.6357547044754028; 1.0451263189315796; 0.1055627316236496; 
84; 0.9964281320571899; -0.4082772433757782; 0.1347893923521042; -0.5017150640487671; 1.1320784091949463; -0.07520915567874908; 
79; 0.7277063727378845; -0.6983548402786255; 0.7111696600914001; -0.6884578466415405; 1.2009093761444092; -0.06959007680416107; 
41; 0.5383293032646179; -0.09547224640846252; -0.15594588220119476; -0.6801020503044128; 0.7096042037010193; -0.07032272219657898; 
31; 0.6781683564186096; -0.8932285308837891; 0.417327880859375; -0.864583432674408; 0.8727800846099854; 0.05651756748557091; 
86; 0.7139918804168701; -1.0444324016571045; -0.032503869384527206; -0.6768182516098022; 0.7848936319351196; 0.0676032155752182; 
71; 0.37380728125572205; -0.49703091382980347; -1.8060096502304077; -0.7266438603401184; 1.0778448581695557; 0.07961709797382355; 
163; 0.41953498125076294; -0.7442428469657898; 0.19828282296657562; -0.6644157767295837; 1.1262563467025757; 0.013641087338328362; 
162; 0.6818817853927612; -0.48041918873786926; -0.3462725281715393; -0.7354568839073181; 1.163171648979187; -0.12633422017097473; 
176; 0.8936933875083923; -0.7175542712211609; 0.08300495147705078; -0.7735615372657776; 0.9198211431503296; -0.07934354245662689; 
164; 0.5821934342384338; -0.3494221270084381; -0.11212077736854553; -0.7189475893974304; 0.8493071794509888; -0.0576377734541893; 
111; 0.8664660453796387; -0.5620407462120056; 0.3650459349155426; -0.9087172746658325; 0.7833696007728577; 0.04036305099725723; 
104; 0.49172982573509216; -0.5936154723167419; -0.15599937736988068; -0.8297725319862366; 1.0191059112548828; -0.0753118023276329; 
171; 0.5002116560935974; -0.21409247815608978; 0.1159297376871109; -0.5645831227302551; 0.9753656387329102; 0.0441088005900383; 
157; 0.9050188064575195; -1.0769200325012207; 0.0006400439888238907; -0.7649097442626953; 0.8223340511322021; 0.25213441252708435; 
100; 0.025892212986946106; -0.047449901700019836; 0.04312819615006447; -0.6301503777503967; 0.7859272956848145; 0.15744593739509583; 
103; 1.1570706367492676; -0.149788960814476; 0.09056765586137772; -0.6945258378982544; 0.9806462526321411; -0.20476432144641876; 
170; -0.09409479051828384; -0.5687386989593506; -0.6730026006698608; -0.5778063535690308; 1.1696611642837524; -0.007662077434360981; 
106; 0.6159039735794067; -0.6894636750221252; -0.4132116734981537; -0.9084962606430054; 1.1654096841812134; -0.11073082685470581; 
112; 1.0630182027816772; -0.21401703357696533; -0.37452635169029236; -1.0268880128860474; 0.7568778991699219; -0.2375032752752304; 
156; 0.8340348601341248; -0.4900475740432739; -0.13216887414455414; -0.9380078315734863; 1.1032520532608032; -0.17215554416179657; 
107; 0.49460369348526; -0.8102787733078003; -0.042740028351545334; -0.8594052195549011; 1.1892467737197876; 0.1463898867368698; 
123; 0.9641063809394836; -0.9784114360809326; -0.016484029591083527; -0.6184468269348145; 1.0063027143478394; 0.018815189599990845; 
145; 0.6676738262176514; 0.006978845223784447; -0.6650119423866272; -0.8304095268249512; 0.9741638898849487; 0.1050296500325203; 
129; 1.1988648176193237; -0.07714123278856277; -0.8057582378387451; -0.9565743207931519; 1.2641147375106812; 0.2816116511821747; 
122; 0.48994389176368713; -0.5567721128463745; 0.5211986899375916; -0.6550368070602417; 0.9531222581863403; -0.0030731000006198883; 
127; 0.8788785338401794; -0.3874613642692566; -0.10064442455768585; -0.6384880542755127; 0.7747606039047241; 0.22520951926708221; 
121; 0.7352979183197021; -1.1055936813354492; -0.06286358088254929; -0.7816166281700134; 1.1755733489990234; 0.20789551734924316; 
161; 0.7366052865982056; -0.3637169897556305; -0.1435440182685852; -0.8687573671340942; 1.0472161769866943; -0.11676421761512756; 
114; 0.8344638347625732; -0.46465086936950684; 0.1683688908815384; -0.6541910767555237; 0.8068613409996033; 0.09611280262470245; 
168; 0.19934983551502228; -0.46622735261917114; 0.16243065893650055; -0.6472353935241699; 1.0019307136535645; -0.09914132952690125; 
180; 0.8476391434669495; -0.03315897285938263; -0.4266558289527893; -0.43010663986206055; 1.0419597625732422; -0.1743542104959488; 
117; 0.8500168919563293; -0.9408851861953735; 0.22633372247219086; -0.6923381090164185; 0.8856813311576843; 0.004342498257756233; 
148; 0.8024619221687317; -0.3138246536254883; -0.2836219072341919; -0.7343282103538513; 1.3163883686065674; 0.27843689918518066; 
105; 0.7757250666618347; -0.6495283842086792; 0.42355215549468994; -0.6810782551765442; 1.1010934114456177; 0.013070744462311268; 
169; 1.05086350440979; -0.5768514275550842; -1.0581531524658203; -0.4409247040748596; 0.8668922781944275; -0.02886722981929779; 
110; 0.5343408584594727; -0.7549024224281311; -0.3383551239967346; -0.6874534487724304; 0.8149416446685791; -0.1278902292251587; 
183; 1.0420247316360474; -0.4028451144695282; 0.17141635715961456; -0.6916326284408569; 0.9227283596992493; 0.13794109225273132; 
102; 0.7349303960800171; -0.5427548289299011; -0.5604016184806824; -0.8288054466247559; 1.3650535345077515; 0.12185417860746384; 
182; 0.5256813168525696; -0.2092033475637436; 0.2967929244041443; -0.8722676038742065; 1.0526434183120728; 0.06497354805469513; 
167; 0.6958425641059875; -0.49389997124671936; -0.6557909846305847; -0.6292316913604736; 1.111086130142212; -0.219245046377182; 
195; 0.537943959236145; -0.12735173106193542; 0.05140160769224167; -0.5952388048171997; 0.9064630270004272; -0.1001153439283371; 
185; 0.08198630809783936; -0.44449958205223083; -0.2273433357477188; -0.6185076832771301; 1.019337773323059; 0.10251384228467941; 
153; 1.140687346458435; -0.48899751901626587; -0.03960101678967476; -0.7555530071258545; 0.8510347008705139; 0.06013764441013336; 
197; 0.9630556702613831; -0.5676544308662415; 0.46581152081489563; -0.7751726508140564; 1.222341537475586; 0.04581644386053085; 
184; 0.672275722026825; -1.174835443496704; -0.12402027100324631; -0.6250596642494202; 1.103115200996399; -0.16967932879924774; 
188; 0.7263135313987732; -0.07761051505804062; -0.31391701102256775; -0.37936025857925415; 1.12958562374115; 0.06418567895889282; 
126; 0.9116590619087219; -0.7478009462356567; -0.25766557455062866; -0.6924605965614319; 0.894385039806366; 0.034837186336517334; 
128; 0.9996481537818909; -0.7004161477088928; -0.128060445189476; -0.8878659605979919; 0.9411096572875977; 0.008164547383785248; 
133; 0.7706308960914612; -0.6397721767425537; -0.4388691484928131; -0.8343105316162109; 0.9465833902359009; 0.004706314764916897; 
125; 0.274922639131546; -0.16277630627155304; -0.366445928812027; -0.8012512922286987; 0.9659363031387329; 0.11322464793920517; 
196; 0.33925899863243103; -0.19495025277137756; -0.21673397719860077; -0.889427661895752; 1.0766385793685913; -0.1132812574505806; 
165; 0.9082375168800354; -0.4226851165294647; 0.22021448612213135; -0.8454399108886719; 1.1731441020965576; -0.18317988514900208; 
155; 0.7333138585090637; -0.8079276084899902; 0.0811682790517807; -1.1202832460403442; 0.9842076301574707; 0.048914551734924316; 
174; 0.336578905582428; -0.5222983956336975; -0.4806763827800751; -0.8967757225036621; 0.9449694156646729; -0.15449348092079163; 
175; 0.18546468019485474; -0.4040065407752991; -0.2703161835670471; -0.8612154126167297; 0.9004039764404297; -0.16001027822494507; 
186; 0.6827398538589478; -0.5038755536079407; -0.3375769257545471; -0.9138631820678711; 1.2589253187179565; -0.168008953332901; 
108; 1.2213269472122192; -0.40015941858291626; -0.3745982050895691; -0.6476704478263855; 0.9370793104171753; 0.2148916870355606; 
198; 0.7004307508468628; -0.6832419037818909; 0.0060134450905025005; -0.7088918685913086; 0.9722184538841248; -0.20034748315811157; 
173; 0.5863925218582153; -0.565440833568573; -0.20478516817092896; -0.7094454169273376; 0.928399920463562; -0.14063838124275208; 
151; 0.6249719858169556; -0.4381801187992096; -0.3653632700443268; -0.6487398743629456; 0.7491370439529419; 0.04695393890142441; 
113; 0.49219027161598206; -0.5181486010551453; 0.40047580003738403; -0.7948227524757385; 1.208707332611084; 0.09710787981748581; 
142; 0.5136454701423645; -0.5934445261955261; -0.5384281277656555; -0.888999879360199; 0.8163222074508667; -0.023419175297021866; 
150; 0.4347209632396698; -0.590752899646759; 0.478561669588089; -0.7290935516357422; 1.143980622291565; 0.12682965397834778; 
109; 0.9684778451919556; -0.4682537913322449; 0.09892698377370834; -0.6032323837280273; 0.8279120326042175; 0.05999423563480377; 
124; 0.5360559225082397; -0.5139927268028259; -0.22815901041030884; -0.9191039204597473; 1.1237452030181885; 0.08224646747112274; 
130; 0.13215483725070953; -0.2165393978357315; -0.2394176870584488; -1.0894134044647217; 1.2186137437820435; 0.07050176709890366; 
194; 0.40871262550354004; 0.029081042855978012; -0.24884681403636932; -0.6953303217887878; 1.1277612447738647; -0.015699142590165138; 
132; 0.3728990852832794; -0.5022993087768555; 0.6115086078643799; -0.7281742095947266; 0.7187473773956299; 0.13018301129341125; 
119; 0.9002323746681213; -0.5384525060653687; -0.3771823048591614; -0.6340059041976929; 0.649850606918335; 0.18754850327968597; 
118; 1.1348434686660767; -0.11172963678836823; -0.3714195489883423; -0.7012319564819336; 0.8565206527709961; -0.09611646831035614; 
115; 1.040382742881775; -0.3602050244808197; 0.020922048017382622; -0.4096492826938629; 0.8439230918884277; 0.09719682484865189; 
131; 0.5835092067718506; -0.6715588569641113; 0.061857920140028; -0.6984848380088806; 0.7738932371139526; 0.06970842182636261; 
149; 0.7321321368217468; -0.13354428112506866; -0.5257015228271484; -0.5515681505203247; 0.7666906714439392; 0.3182714283466339; 
193; 0.8404656648635864; -0.11865250766277313; 0.04437544196844101; -0.6787857413291931; 0.9804399609565735; 0.15817400813102722; 
135; 0.7443728446960449; -0.243004709482193; -0.3869715929031372; -0.45888373255729675; 0.8949546813964844; 0.1833960860967636; 
137; 0.6560518145561218; -0.4508390724658966; 0.24272885918617249; -0.7414311170578003; 0.8351974487304688; 0.018281593918800354; 
159; 1.2600728273391724; -0.22729425132274628; 0.36135655641555786; -1.0458067655563354; 1.2124003171920776; -0.025099055841565132; 
101; 0.3721090853214264; -0.18792983889579773; 0.5398131012916565; -0.6096126437187195; 0.931799590587616; 0.08119682967662811; 
192; 0.3139888048171997; -0.8955974578857422; -0.8061285018920898; -0.8748857975006104; 1.1287025213241577; -0.10125403851270676; 
166; 0.3134368062019348; -0.8316155076026917; 0.250825971364975; -0.5949793457984924; 0.9808062314987183; -0.03065338544547558; 
146; 0.7406044602394104; 0.13288316130638123; 0.42630627751350403; -0.8181889057159424; 0.8353331685066223; -0.038479093462228775; 
120; 0.6403011679649353; -0.4774368107318878; 0.050123848021030426; -0.5265522003173828; 0.8283585906028748; 0.10908422619104385; 
147; 0.09508273005485535; -1.1023991107940674; 0.2257796674966812; -0.7195233106613159; 1.2801917791366577; -0.26176711916923523; 
199; 0.4156503975391388; -0.4892757833003998; -0.522952675819397; -0.6513333320617676; 1.195823073387146; -0.043563004583120346; 
189; 0.853874921798706; -0.5362513065338135; -0.15857496857643127; -0.8409053087234497; 0.7536954879760742; -0.0965639054775238; 
144; 0.7791303992271423; 0.18618977069854736; -0.6576011180877686; -0.7815144062042236; 0.9985426664352417; -0.1011793240904808; 
136; 0.644332230091095; -1.2960971593856812; 0.16549323499202728; -0.7344364523887634; 0.9160306453704834; -0.10377569496631622; 
139; 1.0730290412902832; -0.7834740281105042; -0.01369887962937355; -0.6614475250244141; 1.006232738494873; 0.22451399266719818; 
187; 0.744735062122345; -0.7318864464759827; 0.10291315615177155; -0.8624936938285828; 0.7523249983787537; 0.07390111684799194; 
116; 0.8739913702011108; -0.5823830366134644; -0.18710064888000488; -0.9351978302001953; 0.9125873446464539; -0.03371236473321915; 
143; 0.8304109573364258; -0.3308035135269165; 0.03849057853221893; -0.661735475063324; 0.9092548489570618; -0.06547164916992188; 
154; 0.757313072681427; -0.6872511506080627; -0.18229800462722778; -0.48756149411201477; 0.9247884154319763; -0.004419099539518356; 
152; 0.3942031264305115; -0.2852018475532532; -0.2331651896238327; -0.6415117383003235; 0.8439745903015137; 0.0017269942909479141; 
172; 0.7822364568710327; -0.42790281772613525; -0.0919688493013382; -0.99619060754776; 0.8795565366744995; 0.03885980695486069; 
190; 0.6935765743255615; -0.922380268573761; 0.07458905875682831; -0.7972845435142517; 1.0891742706298828; 0.13156676292419434; 
160; 0.7679431438446045; -0.24148692190647125; -0.08483706414699554; -0.6232919692993164; 0.7961557507514954; 0.20413736999034882; 
178; 0.7074975967407227; -0.4130212068557739; -0.8000866174697876; -0.6270788908004761; 1.1188085079193115; -0.22344796359539032; 
134; 1.0238128900527954; -0.32578545808792114; 0.5546152591705322; -0.7479631304740906; 1.0630954504013062; 0.12806497514247894; 
179; 0.9477693438529968; 0.008929337374866009; 0.24549062550067902; -0.4167224168777466; 0.7735375165939331; -0.03322304040193558; 
158; 0.4724114239215851; 0.0692988857626915; 0.1383434236049652; -0.5618545413017273; 0.7688058614730835; 0.18950915336608887; 
138; 0.9208728075027466; -0.4112014174461365; 0.0925586074590683; -0.7387371063232422; 1.2000449895858765; 0.08456142246723175; 
140; 0.4915299415588379; -0.5840767621994019; -0.5178811550140381; -0.677567720413208; 1.357498049736023; -0.06916487216949463; 
141; 0.7113982439041138; 0.02227095328271389; 0.09418950229883194; -0.3853822648525238; 1.1050856113433838; -0.12898355722427368; 
191; 0.7364054322242737; -0.3462984263896942; 0.009026831015944481; -0.8906242251396179; 1.0730233192443848; -0.2032664716243744; 
177; 0.10301259160041809; -0.5272185206413269; -0.17076992988586426; -0.6587831377983093; 0.7809540033340454; 0.206058531999588; 
249; 0.8460001945495605; -0.8957663774490356; -0.14563868939876556; -0.7260318398475647; 1.202846884727478; 0.10380284488201141; 
242; 0.6911671161651611; -0.6486772894859314; 0.14575569331645966; -0.7593363523483276; 0.9635999798774719; -0.2859383821487427; 
280; 1.0874345302581787; -0.4561173617839813; -0.14252720773220062; -0.5174077153205872; 1.0598039627075195; 0.07121707499027252; 
222; 0.6669624447822571; -0.5207022428512573; 0.2804098129272461; -0.7548069357872009; 1.0677717924118042; -0.18764641880989075; 
219; 0.9740102887153625; -0.11458303034305573; -0.505494236946106; -0.5484422445297241; 1.130630612373352; 0.15549151599407196; 
223; 0.7946979403495789; -0.840556263923645; 0.23597124218940735; -0.5557581782341003; 0.7241514921188354; -0.09276115149259567; 
281; 0.8423641324043274; -0.7834888696670532; 0.21085456013679504; -1.1247642040252686; 1.4538333415985107; -0.03240218758583069; 
238; 0.9191341996192932; 0.20674441754817963; 0.04836102947592735; -0.8911375403404236; 1.0351881980895996; -0.12527020275592804; 
279; 0.48049309849739075; -0.8401322960853577; 0.11113278567790985; -0.6730061769485474; 1.121926188468933; -0.019155418500304222; 
282; 0.4544958174228668; -0.3005995750427246; -0.0236002579331398; -0.8456695675849915; 1.026259183883667; 0.21949629485607147; 
217; 0.17932307720184326; -0.3753211498260498; 0.1316574364900589; -0.5287246108055115; 0.6628547310829163; -0.14230525493621826; 
251; 0.7545604705810547; -0.5832282900810242; -0.6891285181045532; -0.5685538649559021; 0.972696840763092; -0.11533192545175552; 
218; 0.6958081722259521; 0.44622552394866943; 0.18637463450431824; -0.743547797203064; 1.1948590278625488; -0.1747531145811081; 
202; 0.07917538285255432; -1.2806687355041504; 0.08221782743930817; -0.6545371413230896; 0.9341646432876587; 0.07454406470060349; 
205; 0.6964733600616455; 0.033062297850847244; 0.5234506130218506; -0.6440469622612; 0.7892538905143738; -0.24006067216396332; 
215; 1.1362780332565308; -0.6190575957298279; -0.45475733280181885; -0.8141379356384277; 1.050983190536499; -0.2482033520936966; 
241; 0.7260105609893799; -0.9229809045791626; 0.19378022849559784; -0.8286545872688293; 1.0090807676315308; -0.17033274471759796; 
248; 0.4449326694011688; -0.4029879570007324; -0.18087945878505707; -0.7037925124168396; 0.7656439542770386; 0.033492036163806915; 
266; 0.9409501552581787; -0.2615900933742523; 0.1512342095375061; -0.5104086995124817; 0.8934178948402405; -0.02428898587822914; 
250; 0.83332759141922; 0.4354051351547241; 0.3382701575756073; -0.5223455429077148; 1.0569006204605103; -0.22077423334121704; 
234; 1.065381407737732; -0.8873457312583923; 0.10289918631315231; -0.9068289995193481; 0.9368889331817627; 0.07522456347942352; 
245; 0.5503357648849487; -0.9740302562713623; -0.0786692276597023; -0.7943449020385742; 0.9309131503105164; 0.10197314620018005; 
212; 0.7368412017822266; -0.08377118408679962; -0.0856761708855629; -0.7357046008110046; 0.9831857681274414; -0.12481596320867538; 
207; 0.5273205637931824; 0.19911335408687592; 0.3920851945877075; -0.8215206265449524; 1.1692091226577759; -0.13882407546043396; 
214; 0.8206716179847717; -0.946726381778717; -0.17099303007125854; -0.3925054371356964; 0.8808045983314514; -0.11065995693206787; 
260; 0.6845005750656128; -0.46194320917129517; -0.04186948016285896; -0.7246372699737549; 1.066057562828064; 0.01824359782040119; 
203; 0.34233877062797546; -0.6761958599090576; -0.08707382529973984; -0.7410220503807068; 1.1201311349868774; -0.11016305536031723; 
206; 0.09954176843166351; -1.286375641822815; -0.04910988733172417; -0.7436283826828003; 1.350363850593567; -0.0294050145894289; 
265; 0.6830297708511353; -0.3026038110256195; -0.7058905363082886; -0.906643271446228; 0.9554392099380493; 0.029748380184173584; 
252; 0.8395062685012817; -0.5606254935264587; -0.05700881779193878; -0.5800114870071411; 1.278911828994751; 0.086228147149086; 
216; 0.45020705461502075; -0.6964952349662781; 0.09974998980760574; -0.6275856494903564; 1.2778716087341309; -0.27611950039863586; 
239; 0.8776098489761353; -0.11619129776954651; -0.4806973338127136; -0.4991753399372101; 0.9479097723960876; -0.18020161986351013; 
231; 0.707575798034668; -0.7506353855133057; -0.3725210130214691; -0.8016288876533508; 1.0874921083450317; -0.11668798327445984; 
230; 1.1820156574249268; -0.904140830039978; 0.4905727505683899; -0.8388541340827942; 0.9666727781295776; -0.25497713685035706; 
232; 0.3896569013595581; -0.6586065292358398; -0.36967870593070984; -0.9988672733306885; 1.008036732673645; 0.10191406309604645; 
244; 1.3456408977508545; -0.34512022137641907; -0.0857665091753006; -0.5980403423309326; 1.122694730758667; 0.043049756437540054; 
228; 0.4065389335155487; -0.6072983145713806; -0.681400716304779; -0.6133944988250732; 1.0083295106887817; 0.1431659311056137; 
233; 0.8705998659133911; -1.470120906829834; 0.28637784719467163; -0.749225378036499; 1.1341845989227295; 0.026734644547104836; 
267; 0.5993045568466187; -0.24056166410446167; -0.05699492245912552; -0.6734776496887207; 1.0541901588439941; 0.12603223323822021; 
229; 0.8875508904457092; -0.8412694334983826; 0.11243905127048492; -0.4928484261035919; 1.0362855195999146; -0.0038152942433953285; 
276; 0.6847094297409058; -0.5090933442115784; -0.08176649361848831; -0.7209390997886658; 0.9807929396629333; -0.3663608729839325; 
204; 0.6097822785377502; -1.0158765316009521; 0.2566649913787842; -0.5694184303283691; 0.7119865417480469; 0.2402641922235489; 
246; 1.2404897212982178; 0.16115233302116394; 0.18111003935337067; -0.4043254852294922; 0.872972309589386; -0.045581936836242676; 
278; 0.4662908613681793; -0.4303147792816162; 0.5205531120300293; -0.5385330319404602; 0.8153361082077026; -0.131571426987648; 
236; 0.3586331605911255; -0.4926114082336426; 0.021778365597128868; -0.5878227353096008; 1.0816999673843384; 0.06473000347614288; 
274; 1.1344197988510132; -0.8575282692909241; -0.7087742686271667; -0.5133666396141052; 0.9453810453414917; -0.01200813613831997; 
225; 0.1996002495288849; -0.8940634727478027; 0.11929403245449066; -0.7312005162239075; 1.0053985118865967; 0.18983307480812073; 
247; 0.43703049421310425; -0.6191498041152954; 0.0951860323548317; -0.8346472978591919; 0.8326677083969116; -0.040223024785518646; 
227; 0.6333222389221191; -0.6675395965576172; 0.24741078913211823; -0.6601192355155945; 0.9022148847579956; -0.022460373118519783; 
296; 0.6869235634803772; -0.7361466884613037; -0.5260785818099976; -0.6536841988563538; 1.053188681602478; -0.01639506407082081; 
270; 0.9016950726509094; -0.1454150676727295; -0.1889384537935257; -0.5381293892860413; 1.1195884943008423; 0.054267991334199905; 
277; 1.1612626314163208; -0.4833965599536896; 0.15381482243537903; -0.5560990571975708; 0.9600476622581482; -0.007590392604470253; 
297; 0.771485447883606; -1.1361974477767944; -0.2894575595855713; -0.762138843536377; 1.0921692848205566; -0.08897162973880768; 
275; 0.7818218469619751; -0.5336515307426453; 0.2075217217206955; -0.6963880062103271; 1.2458717823028564; -0.02539767138659954; 
224; 0.9671222567558289; -0.5400898456573486; 0.053664423525333405; -0.6158348917961121; 1.2574700117111206; 0.35392093658447266; 
289; 0.4034270942211151; -0.16369329392910004; -0.17212991416454315; -0.6173499226570129; 0.9213588833808899; -0.004592008888721466; 
273; 0.8615323901176453; -0.2431299239397049; -0.4047052562236786; -0.715644121170044; 1.1888810396194458; -0.348664253950119; 
 
271; 0.33022499084472656; -0.7562563419342041; -0.8080776929855347; -0.6243082284927368; 1.0964423418045044; 0.14181476831436157; 
259; 0.786419689655304; -0.4894959330558777; 0.00848037376999855; -0.8207383751869202; 0.9330649375915527; -0.0702270120382309; 
292; 0.8035680651664734; -0.5767130255699158; -0.3565969467163086; -0.9123939871788025; 1.1216459274291992; -0.09220230579376221; 
237; 0.838118851184845; -0.6561121940612793; -0.3251028060913086; -0.6613783240318298; 0.9653687477111816; -0.22959718108177185; 
226; 1.0271767377853394; -0.19479362666606903; -0.2512761652469635; -1.0607398748397827; 0.9882499575614929; 0.060084596276283264; 
257; 0.9201620817184448; -0.570465624332428; -0.5157987475395203; -0.745954155921936; 0.9866471290588379; -0.1835830956697464; 
272; 0.3918032944202423; -0.5431030988693237; 0.00012642424553632736; -0.7147901654243469; 1.229993462562561; 0.08665160089731216; 
288; 0.727052628993988; -0.3888102173805237; -0.17404600977897644; -0.7493906021118164; 1.3598297834396362; -0.010498937219381332; 
208; 0.469047486782074; -0.9219219088554382; -0.2740538418292999; -0.8007972240447998; 0.8123000264167786; 0.11610836535692215; 
287; 1.2112720012664795; -0.30497297644615173; -0.5385008454322815; -0.6261093616485596; 1.1371221542358398; -0.21442587673664093; 
285; 0.6034139394760132; -0.5223827958106995; -0.441682368516922; -0.5639855861663818; 0.7648300528526306; 0.14794808626174927; 
290; 0.43798860907554626; -0.44783639907836914; 0.338523805141449; -0.591772198677063; 1.0028270483016968; -0.22041238844394684; 
262; 0.6233596205711365; -0.330550879240036; 0.39946743845939636; -0.6320497393608093; 0.9691113233566284; -0.16296979784965515; 
295; 0.40346235036849976; -0.417703777551651; -0.3055800795555115; -0.5860156416893005; 0.9329363703727722; -0.15278324484825134; 
286; 1.162546992301941; -0.15155771374702454; -0.20862272381782532; -0.6905996203422546; 1.1683067083358765; -0.01704872027039528; 
213; 0.7001059651374817; -0.4233962297439575; -0.3279336988925934; -0.7350104451179504; 0.9944712519645691; 0.12710796296596527; 
254; 0.6758589148521423; -0.5629603862762451; 0.2044888734817505; -0.6484135389328003; 1.1075443029403687; 0.009484302252531052; 
220; 0.816039502620697; -0.8391678929328918; -0.35418620705604553; -0.4826107621192932; 1.0796284675598145; -0.07961402088403702; 
200; 1.316577672958374; -0.7794762849807739; -0.5616183280944824; -0.6967465877532959; 0.8911731839179993; 0.05702853202819824; 
291; 0.6580376625061035; -1.147736668586731; 0.5099260807037354; -0.8649562001228333; 1.1409162282943726; -0.18155670166015625; 
221; 0.7019068002700806; -0.19741250574588776; -0.13879825174808502; -0.7238954305648804; 0.9055010080337524; -0.13123439252376556; 
255; 0.5375372171401978; -1.0586012601852417; -0.39985013008117676; -0.8029342293739319; 1.033713936805725; 0.04741167277097702; 
253; 0.2169535756111145; -0.8935139179229736; 0.07315488904714584; -0.6865953207015991; 1.2236851453781128; 0.28878629207611084; 
264; 1.0612140893936157; -0.3363399803638458; 0.276103675365448; -0.7658526301383972; 0.7921710014343262; -0.11134037375450134; 
284; 0.8040570020675659; -0.2919464111328125; -0.43603143095970154; -0.5272966027259827; 0.8509689569473267; -0.07421284168958664; 
243; 0.7743316888809204; -0.6222555637359619; 0.17073310911655426; -1.016480565071106; 0.9686919450759888; -0.29135456681251526; 
235; 1.6281025409698486; -0.23068344593048096; -0.5959407687187195; -0.6510871648788452; 1.397359848022461; -0.045821573585271835; 
298; 1.0265676975250244; -0.3582364618778229; -0.379275381565094; -0.6415290832519531; 1.0773042440414429; -0.10805290192365646; 
201; 1.0717992782592773; -1.0511764287948608; -0.15185530483722687; -0.827254056930542; 1.3362184762954712; 0.003956207539886236; 
240; 0.9392374157905579; -0.28852134943008423; -0.046218231320381165; -0.6578140258789062; 0.8247857093811035; -0.03494783863425255; 
268; 0.7083672881126404; -0.5788064002990723; -0.5618648529052734; -0.5391380190849304; 0.9932758808135986; 0.25045642256736755; 
283; 0.519473671913147; 0.16252322494983673; -0.1562027633190155; -0.8586253523826599; 1.2707197666168213; 0.026266563683748245; 
209; 0.9786912798881531; -0.5402557849884033; -0.09690029174089432; -0.5251182317733765; 0.984880268573761; -0.09805378317832947; 
294; 1.0278240442276; -0.33160221576690674; -0.1745273917913437; -0.7990410327911377; 0.9680404663085938; -0.16858084499835968; 
211; 0.6151517033576965; -0.689940333366394; -0.8976799845695496; -0.7040591239929199; 1.0681450366973877; -0.1140718162059784; 
263; 0.632146418094635; -0.05461399629712105; -0.09781752526760101; -0.6016537547111511; 0.722541868686676; 0.44845783710479736; 
256; 1.2640111446380615; -0.91192626953125; -0.4466504454612732; -0.8936565518379211; 0.7136581540107727; 0.28067487478256226; 
269; 0.8879035115242004; -0.402669757604599; 0.37765777111053467; -0.38343366980552673; 1.2624232769012451; -0.050430119037628174; 
210; 0.873028039932251; -0.5047635436058044; -0.11717116087675095; -0.6659887433052063; 0.8338263630867004; 0.4840141832828522; 
261; 0.7509507536888123; -0.3110238015651703; -0.40883868932724; -0.6734306216239929; 0.9928915500640869; 0.11339239031076431; 
293; 0.9602040648460388; -0.4016747772693634; 0.024708371609449387; -0.7658106684684753; 0.7510148882865906; 0.04882972687482834; 
299; 0.11805728822946548; -0.005826443899422884; 0.44837456941604614; -0.7862935662269592; 1.26067054271698; -0.03264681622385979; 
354; 0.8867247700691223; -0.3800922632217407; 0.49598920345306396; -0.4853786826133728; 0.9972499012947083; 0.2610495090484619; 
316; 0.4745136797428131; -1.2066267728805542; -0.14113442599773407; -0.8249216079711914; 0.9799423217773438; 0.27216991782188416; 
304; 1.040048360824585; -0.24647772312164307; 0.2815587520599365; -1.0851514339447021; 0.7603176832199097; -0.07162652909755707; 
302; 0.47852861881256104; -0.6390346884727478; -0.31716179847717285; -0.699535608291626; 1.0504698753356934; -0.16539625823497772; 
353; 0.6305754780769348; -0.4255489110946655; 0.12454696744680405; -0.8336911797523499; 1.0711669921875; 0.3165108263492584; 
305; 0.907874345779419; -0.011681189760565758; -0.26910439133644104; -0.566989004611969; 0.9557693004608154; -0.18387539684772491; 
337; 0.21270011365413666; -0.38963350653648376; 0.026337027549743652; -0.6817680597305298; 0.8105265498161316; -0.35000523924827576; 
385; 0.7376698851585388; -0.47709205746650696; -0.37523189187049866; -0.5866463780403137; 0.6446198225021362; 0.13747647404670715; 
384; 0.37709328532218933; -0.6163592338562012; -0.17212040722370148; -0.8854776620864868; 1.0515578985214233; 0.13696546852588654; 
301; 0.7483051419258118; -0.7413422465324402; -0.05269990861415863; -0.7155767679214478; 1.0122095346450806; -0.0885699987411499; 
320; 1.0541671514511108; -0.4586125910282135; 0.0373566709458828; -0.5657612681388855; 1.126895546913147; -0.05352594330906868; 
322; 0.37807098031044006; -0.3932473361492157; 0.32509225606918335; -0.6918252110481262; 0.977681577205658; -0.17492683231830597; 
321; 0.5337722301483154; -0.47958365082740784; 0.045589808374643326; -0.7228935956954956; 1.2621870040893555; -0.33114516735076904; 
386; 0.7471933960914612; -0.9569888114929199; -0.3020380735397339; -0.5581042170524597; 0.8086363077163696; -0.01853848062455654; 
387; 0.46123433113098145; -0.8891285061836243; 0.19533823430538177; -0.6326836347579956; 1.072599172592163; -0.14796237647533417; 
309; 0.5160267949104309; -0.3512992262840271; 0.02756258100271225; -0.6962388753890991; 1.1846058368682861; -0.12901408970355988; 
326; 0.7427021265029907; -0.448387086391449; -0.2944316864013672; -0.6589056849479675; 0.9358314871788025; 0.1627175211906433; 
383; 0.3300182521343231; -0.628598690032959; -0.27914559841156006; -0.7367517352104187; 1.281285047531128; -0.0006436379626393318; 
311; 1.1478087902069092; -0.33462077379226685; -0.6657759547233582; -0.5427749156951904; 1.1083017587661743; 0.3404887020587921; 
303; 0.7833789587020874; -0.356538861989975; 0.11590834707021713; -0.7981439828872681; 0.9569292664527893; 0.14998763799667358; 
310; 1.03173828125; -1.5717411041259766; -0.17021812498569489; -0.8576340079307556; 0.9387519955635071; -0.11824879050254822; 
339; 1.0082725286483765; -0.4048236310482025; 0.464208722114563; -0.6872169971466064; 1.0656994581222534; 0.04886767268180847; 
318; 0.5645284056663513; -0.5185800790786743; 0.23617851734161377; -0.7933605909347534; 1.0795085430145264; 0.24948662519454956; 
325; 0.6415230631828308; -0.27118951082229614; -1.0765928030014038; -0.6708379983901978; 0.928665041923523; -0.023479249328374863; 
390; 0.8807884454727173; -0.4273349642753601; -0.1100020483136177; -1.0869536399841309; 1.1782622337341309; -0.4103696346282959; 
338; 0.945803165435791; -0.6893784999847412; 0.26964420080184937; -0.7678512334823608; 1.3177012205123901; 0.11670179665088654; 
399; 0.40844565629959106; -0.4422333240509033; 0.01806606911122799; -0.7217540740966797; 0.785651683807373; 0.17201614379882812; 
307; 0.7455386519432068; -0.9617618322372437; -0.8321198225021362; -0.48844194412231445; 1.0838847160339355; -0.14570173621177673; 
323; 0.3208636939525604; -0.3259475529193878; 0.24288882315158844; -0.6549078226089478; 1.1478421688079834; -0.003200940787792206; 
335; 0.4665589928627014; -0.7805558443069458; 0.18417829275131226; -0.8490422368049622; 0.9477304816246033; -0.2276628613471985; 
382; 0.7668942213058472; -0.7168521285057068; -0.08988074213266373; -0.6785224080085754; 0.8229867815971375; 0.11799938231706619; 
334; 1.2469745874404907; -0.46411365270614624; -0.17948302626609802; -0.7272503972053528; 0.9703019261360168; -0.039873864501714706; 
368; 0.3595549464225769; -0.5810517072677612; -0.5840204954147339; -0.6881769895553589; 1.0470929145812988; -0.03199297934770584; 
355; 0.7929243445396423; -0.6118645071983337; -0.4876289665699005; -0.9830973744392395; 0.9710816144943237; -0.015009768307209015; 
331; 0.34646618366241455; 0.10121601819992065; 0.3975507616996765; -1.136247158050537; 1.0463353395462036; -0.18891336023807526; 
356; 0.6891903877258301; -0.05632298067212105; 0.15529793500900269; -0.7721138596534729; 1.302959680557251; 0.2613110840320587; 
333; 0.3651331067085266; -0.8941082954406738; 0.13478557765483856; -0.4854154884815216; 1.1240053176879883; 0.014870177954435349; 
360; 0.5968766212463379; -0.5200532078742981; -0.38137462735176086; -0.8753750324249268; 0.9568644165992737; 0.002215953543782234; 
364; 0.8322383165359497; -0.39205124974250793; 0.13037441670894623; -0.6564363837242126; 1.0589900016784668; -0.07119021564722061; 
362; 0.9589373469352722; -0.58226478099823; -0.14657212793827057; -0.8110371232032776; 0.8716188073158264; 0.14907020330429077; 
373; 0.8025439381599426; -1.0151700973510742; -0.39087092876434326; -0.5871517062187195; 0.9588316679000854; -0.06863115727901459; 
361; 0.7142608761787415; -0.6891629695892334; 0.4314192831516266; -0.6544686555862427; 1.1963938474655151; -0.06071829795837402; 
340; 0.9335134029388428; -0.19119463860988617; 0.03318331390619278; -0.8406604528427124; 0.798796534538269; -0.15746845304965973; 
314; 1.0834165811538696; -0.9463276267051697; -0.8448163270950317; -0.49883633852005005; 0.8304368257522583; 0.1746741682291031; 
374; 0.8658282160758972; -0.22358891367912292; 0.18088652193546295; -0.6988530158996582; 0.7971779704093933; 0.14468277990818024; 
351; 0.7377170324325562; -0.7255769371986389; -0.17649561166763306; -0.5565625429153442; 1.2441153526306152; -0.1848006248474121; 
398; 0.5373380184173584; -1.1661043167114258; 0.11017313599586487; -0.4119645357131958; 1.21397066116333; 0.038465965539216995; 
380; 0.1721215844154358; -0.3068097233772278; 0.33963119983673096; -0.7588931322097778; 1.2187105417251587; 0.25764092803001404; 
329; 1.0801641941070557; -0.8922821879386902; -0.6988269090652466; -0.5846571922302246; 0.9085842967033386; -0.3950973451137543; 
300; 1.0824822187423706; -0.378661185503006; 0.14579325914382935; -0.7687134146690369; 0.7272617220878601; -0.03703548386693001; 
357; 0.699431300163269; -0.28176334500312805; -0.42923516035079956; -0.8459002375602722; 1.1121280193328857; 0.17359165847301483; 
396; 0.8938595056533813; -1.382756233215332; -0.5401619672775269; -0.9933517575263977; 0.7018551826477051; 0.2426256239414215; 
391; 0.7092012763023376; -0.531554639339447; -0.28480854630470276; -0.9969817996025085; 0.9311376810073853; 0.05645135045051575; 
327; 0.7622855305671692; -0.6655603647232056; 0.15721635520458221; -0.7688373327255249; 1.0773959159851074; 0.018182426691055298; 
369; -0.019070180132985115; -0.7599232792854309; 0.02499324269592762; -0.936447262763977; 1.0778974294662476; -0.021264035254716873; 
388; 0.9624487161636353; 0.3053509593009949; -0.07530230283737183; -0.8080654740333557; 1.1116586923599243; 0.014946812763810158; 
367; 1.26053786277771; -0.21751423180103302; 0.010856677778065205; -0.6205524206161499; 0.788142740726471; -0.06699314713478088; 
330; 1.2139182090759277; -0.7677061557769775; 0.274863600730896; -0.6942068338394165; 0.7956693768501282; 0.15497037768363953; 
324; 0.9750462174415588; 0.20394474267959595; 0.004471810534596443; -0.6778702735900879; 1.0041812658309937; -0.03471306338906288; 
352; 1.2998793125152588; -0.2084706425666809; 0.015743045136332512; -0.8711935877799988; 1.1021887063980103; -0.030014950782060623; 
371; 0.6973227858543396; 0.002080881968140602; 0.012267792597413063; -0.5121564269065857; 1.1310213804244995; 0.05248818174004555; 
393; 0.9215743541717529; -0.03063700720667839; 0.49436154961586; -1.1875691413879395; 0.9890565872192383; -0.13349232077598572; 
336; 0.45091092586517334; -0.8821917772293091; -0.06744229048490524; -0.6507734060287476; 0.8473637700080872; -0.030051322653889656; 
348; 0.9573020339012146; -0.8641344308853149; 0.14511103928089142; -0.9000442624092102; 1.030293345451355; -0.011446023359894753; 
394; 0.8968294262886047; -1.2517991065979004; -0.03366383910179138; -0.9535771012306213; 1.2688595056533813; -0.0576213113963604; 
328; 0.3517976701259613; -0.29112738370895386; -0.14200694859027863; -0.6156668663024902; 0.9528931379318237; 0.03926082327961922; 
350; 0.953410267829895; -0.4619373083114624; -0.2176196128129959; -0.7629108428955078; 0.8371770977973938; 0.12497546523809433; 
332; 0.7547074556350708; -0.2240949273109436; -0.16429752111434937; -0.7968907952308655; 0.8762374520301819; 0.20762217044830322; 
372; -0.16668201982975006; -0.7969866991043091; 0.6203493475914001; -0.8224530816078186; 0.8471977710723877; 0.1350862681865692; 
346; 0.6625193357467651; -0.4046282470226288; -0.06399424374103546; -0.7022305130958557; 1.1486176252365112; 0.10144402086734772; 
349; -0.4601690471172333; -0.6464272141456604; -0.18250823020935059; -0.7594964504241943; 0.9224613904953003; -0.09683184325695038; 
347; 0.32603150606155396; -0.4739278554916382; -0.6799975037574768; -0.7686991691589355; 0.9280315041542053; -0.3625122904777527; 
366; 0.5538512468338013; -1.4527835845947266; -0.2920432686805725; -0.7569745182991028; 0.9906094074249268; 0.050993796437978745; 
392; 0.9181740880012512; -0.5103757381439209; 0.2694818377494812; -0.7025204300880432; 1.0527042150497437; -0.18267536163330078; 
359; 0.626056969165802; -0.5838707685470581; -0.25028344988822937; -0.6055198907852173; 1.2294670343399048; 0.058357253670692444; 
379; 1.1328625679016113; -1.5795352458953857; -0.5419334769248962; -0.6376015543937683; 0.9369654059410095; -0.13788621127605438; 
381; 0.5994722843170166; -0.8605518341064453; -0.1026318222284317; -0.532465398311615; 1.2133610248565674; -0.12066714465618134; 
306; 0.9845914840698242; -0.3488736152648926; -0.9267072081565857; -0.8356542587280273; 0.991140604019165; -0.11758115887641907; 
397; 0.9213090538978577; -0.20243874192237854; -0.33549731969833374; -0.8262641429901123; 0.8192377090454102; -0.04605545848608017; 
344; 0.577211320400238; -1.3230042457580566; -0.33550378680229187; -0.7745294570922852; 1.0197162628173828; 0.16353434324264526; 
342; 0.4016941487789154; -0.23104628920555115; -0.3334027826786041; -0.7544708847999573; 1.1660199165344238; 0.05231833457946777; 
389; 0.8299468159675598; -1.2332459688186646; 0.19730286300182343; -0.74823397397995; 0.8192150592803955; 0.056532297283411026; 
358; 0.7705652117729187; -0.6959726810455322; 0.2040957510471344; -0.8504412770271301; 1.0031323432922363; -0.36238643527030945; 
395; 0.739185094833374; -0.9003510475158691; -0.6102120280265808; -0.6483421325683594; 1.0927014350891113; 0.08131816238164902; 
319; 0.5579233765602112; -0.21391084790229797; -0.2597825229167938; -0.8427738547325134; 0.8146730661392212; 0.15195044875144958; 
365; 0.6435576677322388; -0.3779885172843933; -0.8017838597297668; -0.7841526865959167; 0.8419126868247986; 0.05151612311601639; 
308; 1.4024903774261475; -1.5035974979400635; -0.6675455570220947; -1.0554622411727905; 0.6541032791137695; 0.22410975396633148; 
315; 0.5865153074264526; -0.9696958661079407; 0.5140959620475769; -0.8516348600387573; 1.043605923652649; 0.10420875996351242; 
363; 0.7100900411605835; -0.4701434075832367; -0.02416614070534706; -0.5979242324829102; 0.9752053618431091; -0.09009979665279388; 
312; 0.4666394293308258; -0.14252103865146637; -0.261279433965683; -0.46312135457992554; 1.0568346977233887; 0.15364758670330048; 
376; 0.7019626498222351; -0.4246394634246826; 0.40754634141921997; -0.7338638305664062; 0.9632490873336792; -0.05369924008846283; 
341; 0.4518362283706665; -0.9431968331336975; 0.3161282539367676; -0.629072904586792; 0.9033228754997253; 0.03035169094800949; 
317; 0.7171844840049744; -0.36740782856941223; -0.464661568403244; -0.6171180009841919; 1.0327188968658447; 0.29787716269493103; 
377; 0.31106337904930115; -1.2645463943481445; 0.23251476883888245; -0.5212305784225464; 0.8523554801940918; 0.03430504724383354; 
378; 0.7583667635917664; -0.681792140007019; -0.05871795117855072; -0.7102311849594116; 1.0150514841079712; -0.11725208163261414; 
370; 0.5267975330352783; -0.15433484315872192; -0.20815753936767578; -0.540325939655304; 0.9670782089233398; 0.10313448309898376; 
313; 0.8429050445556641; 0.017516275867819786; -0.6018602848052979; -0.6578514575958252; 1.1028351783752441; 0.22967955470085144; 
343; 1.0755515098571777; -0.4285444915294647; -0.2051382213830948; -0.6348732709884644; 1.1890225410461426; 0.06861838698387146; 
375; 0.5576345920562744; -0.23986762762069702; -0.5549495220184326; -0.6675989031791687; 0.9149699807167053; 0.28553783893585205; 
345; 0.7019926309585571; -0.499062716960907; 0.2597527503967285; -0.5938379764556885; 1.1331106424331665; -0.12676751613616943; 
420; 1.3807142972946167; -0.2864493131637573; -0.29570069909095764; -0.7114804983139038; 0.795943021774292; -0.24566695094108582; 
403; 0.5242152214050293; -0.5286833047866821; -0.6802587509155273; -0.8662921786308289; 1.0679055452346802; -0.14977701008319855; 
400; 0.19103378057479858; -0.5282756090164185; -0.12133432179689407; -0.7361765503883362; 0.9486897587776184; 0.1610819399356842; 
401; 0.3167869448661804; -0.7769197821617126; -0.4177422821521759; -0.589911937713623; 0.9687414169311523; 0.07731863856315613; 
433; 0.8773779273033142; 0.07704651355743408; -0.25523367524147034; -0.8262472152709961; 1.019520878791809; 0.21026906371116638; 
402; 0.8304408192634583; -0.4848130941390991; -0.5875398516654968; -0.8471888303756714; 1.1059223413467407; 0.057699743658304214; 
424; 0.818330705165863; -0.35881462693214417; -0.3268205225467682; -0.5083242654800415; 0.7997953295707703; -0.23688915371894836; 
422; 0.8748512864112854; -0.2783358097076416; -0.4235343039035797; -0.7368218898773193; 1.0240665674209595; 0.10702866315841675; 
423; 0.6268248558044434; -0.3183358311653137; -0.3978472948074341; -0.634437084197998; 0.8821990489959717; 0.1791294813156128; 
404; 1.1169147491455078; -1.0226609706878662; -0.4586047828197479; -0.8226749300956726; 1.0019910335540771; -0.18880760669708252; 
409; 0.4554910957813263; -0.7288768291473389; -0.6633140444755554; -0.6338319778442383; 1.1769124269485474; -0.01834523119032383; 
453; 0.8625336289405823; -0.549258828163147; 0.3448520600795746; -0.6211839318275452; 0.8125870227813721; -0.25638192892074585; 
419; 0.6821802854537964; -0.4329400360584259; 0.23307310044765472; -0.6703758239746094; 1.242591142654419; -0.123682901263237; 
407; 0.8944478631019592; -0.003231302835047245; 0.16096873581409454; -0.5347092747688293; 1.2067221403121948; -0.23984384536743164; 
421; 0.7157594561576843; -0.21598942577838898; -0.46106305718421936; -0.7063999176025391; 1.1601659059524536; -0.26297494769096375; 
408; 0.6515472531318665; -1.106633186340332; -0.13633637130260468; -0.709129810333252; 1.1607627868652344; 0.19961076974868774; 
446; 0.549617350101471; -0.6813496947288513; -0.098820760846138; -0.7487826347351074; 0.9377152919769287; 0.13224174082279205; 
405; 0.9557430744171143; -1.2275727987289429; 0.1628025472164154; -0.7772213816642761; 1.299477219581604; -0.04981953650712967; 
411; 1.0174050331115723; -0.014441210776567459; -0.19209778308868408; -0.8648137450218201; 1.0740188360214233; 0.02084759622812271; 
410; 0.28474342823028564; -0.4198482036590576; -0.45572155714035034; -0.7793317437171936; 0.9351134896278381; 0.060862231999635696; 
412; 0.9431710839271545; -0.558452844619751; -0.444465309381485; -0.6801519989967346; 1.151210069656372; -0.09863335639238358; 
476; 0.468557208776474; -0.9030924439430237; 0.06997673958539963; -0.6317181587219238; 0.9493997693061829; 0.09107838571071625; 
498; 0.8644455671310425; -0.5624383091926575; -0.05115107446908951; -0.7447648048400879; 1.1465294361114502; 0.0030760131776332855; 
469; 0.4686318635940552; -0.3834041655063629; 0.005250286310911179; -0.44429266452789307; 1.1316114664077759; -0.04493741691112518; 
468; 0.7486146092414856; -0.812677264213562; 0.5016949772834778; -0.47726622223854065; 1.0967583656311035; 0.04885558784008026; 
475; 0.6524450182914734; -1.0407665967941284; -0.41829922795295715; -0.5768243670463562; 1.105710506439209; 0.1623798906803131; 
406; 1.380476951599121; -0.4553031921386719; 0.15392354130744934; -0.6623953580856323; 1.3119605779647827; 0.026295609772205353; 
494; 0.42056646943092346; -0.3106227219104767; -0.7351720929145813; -0.797874391078949; 0.8943521976470947; 0.05225203558802605; 
478; 1.028759241104126; -0.560512900352478; -0.1576850861310959; -0.7023726105690002; 1.0569955110549927; 0.18940041959285736; 
449; 0.4944581389427185; -0.4466414451599121; -0.09120418131351471; -0.6221914887428284; 0.9498400092124939; 0.14819708466529846; 
454; 0.5798093676567078; -0.4542868733406067; -0.31470629572868347; -0.5783012509346008; 1.0287895202636719; -0.04037890210747719; 
472; 0.25085529685020447; -1.0150161981582642; -0.6926040053367615; -0.5208371877670288; 1.0468393564224243; -0.006834740750491619; 
460; -0.110806904733181; -0.5484426617622375; -0.10379473119974136; -0.5960569977760315; 0.8990612626075745; -0.014384554699063301; 
459; 0.9121672511100769; -0.4237256348133087; -0.17884203791618347; -0.6372948884963989; 1.505523920059204; 0.005800720304250717; 
455; 0.6429427862167358; -0.5121832489967346; 0.1766618937253952; -0.8700354695320129; 1.2665544748306274; -0.13502539694309235; 
495; 0.9495553374290466; 0.12454292178153992; 0.44785276055336; -0.6278091073036194; 0.8541164398193359; -0.06385824084281921; 
471; 0.6285302042961121; -1.1358195543289185; -0.23086972534656525; -0.6289399862289429; 1.0888025760650635; 0.07802511006593704; 
470; 0.7506710290908813; -0.6650213003158569; -0.11384173482656479; -0.5598699450492859; 0.7822259664535522; -0.06425083428621292; 
447; 0.671908438205719; 0.26341983675956726; 0.021816477179527283; -0.8421004414558411; 0.9896865487098694; -0.05065515637397766; 
467; 0.3068525195121765; -0.6396820545196533; 0.16247329115867615; -0.8519842624664307; 1.0248808860778809; 0.10720705986022949; 
428; 0.444283127784729; -0.4031990170478821; -0.45038682222366333; -0.47028982639312744; 1.0526641607284546; 0.13242660462856293; 
448; 0.6316734552383423; -1.0772210359573364; -0.1997394859790802; -0.6883664131164551; 1.262032389640808; -0.13083180785179138; 
473; 1.0494128465652466; -0.4346427321434021; -0.023334044963121414; -0.8261913657188416; 0.9554145336151123; -0.05615568161010742; 
474; 0.63392573595047; -0.9357383847236633; -0.08458130061626434; -0.8030319213867188; 1.187900424003601; 0.031683847308158875; 
488; 0.982632577419281; -0.43178948760032654; -0.19010454416275024; -0.7475942373275757; 1.235137701034546; 0.019183196127414703; 
462; 0.8861952424049377; -0.3184434473514557; -0.24925747513771057; -0.8894277811050415; 1.0373507738113403; 0.09835232049226761; 
427; 0.9227210879325867; -0.4471961259841919; 0.0944213792681694; -0.827282190322876; 1.0599219799041748; 0.37109923362731934; 
489; 0.728739857673645; -0.8713685274124146; -0.14625611901283264; -0.668806791305542; 0.8262936472892761; 0.0053661782294511795; 
450; 0.11069637537002563; -0.7285203337669373; 0.21271322667598724; -0.6708266735076904; 0.7016586065292358; 0.043955668807029724; 
487; 0.7680707573890686; -0.6091134548187256; 0.11196114867925644; -0.7813447713851929; 1.043878197669983; 0.14748789370059967; 
482; 1.0136897563934326; -1.2982889413833618; -1.1220769882202148; -0.6579575538635254; 1.091970682144165; 0.17587758600711823; 
429; 0.7039892673492432; 0.03710264712572098; 0.04207715392112732; -0.8668484687805176; 1.1171499490737915; 0.2379181683063507; 
456; 0.11805833131074905; -0.6668990254402161; -0.10212020576000214; -0.9117016196250916; 0.9613869786262512; 0.13076509535312653; 
413; 0.8816090226173401; -0.13755321502685547; 0.25883910059928894; -0.6847097277641296; 1.3346155881881714; -0.22569221258163452; 
418; 0.38501664996147156; -0.4228287935256958; -0.17291389405727386; -0.8730338215827942; 1.0183852910995483; 0.13267777860164642; 
416; 0.7759987115859985; -0.5071481466293335; 0.19183993339538574; -0.8527894616127014; 0.6422977447509766; -0.17609237134456635; 
438; 1.3385443687438965; -1.1849913597106934; -0.6579728126525879; -0.8859859108924866; 1.2939183712005615; -0.06936591863632202; 
426; 0.7283312678337097; -0.7872297167778015; -0.1741654872894287; -0.7650955319404602; 1.1387908458709717; -0.005311354994773865; 
443; 0.528793454170227; -1.0197407007217407; 0.5699484348297119; -0.6529772877693176; 1.049780011177063; 0.2686149477958679; 
483; 0.150032639503479; -0.797082781791687; 0.4285274147987366; -0.7269586324691772; 1.0207250118255615; -0.08926653861999512; 
417; 1.0838791131973267; -0.7282332181930542; -0.4321010112762451; -0.6777520179748535; 1.037481427192688; -0.105565644800663; 
439; 0.47031110525131226; -0.49064725637435913; -0.18632186949253082; -0.8921664357185364; 0.7586233019828796; 0.04994160681962967; 
491; 0.9532808065414429; -0.7338539361953735; -0.18380974233150482; -0.7353312373161316; 1.165597915649414; 0.03153601288795471; 
425; 0.8364194631576538; -0.2805107533931732; -0.08152680099010468; -0.5211548805236816; 1.2770622968673706; -0.22333446145057678; 
465; 0.7325406670570374; -0.6664694547653198; 0.11747386306524277; -0.8500491976737976; 1.1171499490737915; 0.01611921563744545; 
432; 0.711412787437439; -0.7212904691696167; 0.6020160913467407; -0.7255207300186157; 1.0715018510818481; -0.09603301435709; 
431; 0.6864454746246338; -0.34340038895606995; 0.06708122044801712; -0.7113498449325562; 1.1595163345336914; 0.13288366794586182; 
493; 1.1031453609466553; -0.6698980331420898; 0.22661344707012177; -0.5727009773254395; 0.8493376970291138; 0.15715178847312927; 
496; 1.1822034120559692; -0.27305296063423157; -0.2634090483188629; -0.8697831630706787; 0.9585340023040771; -0.172984778881073; 
461; 1.1093642711639404; -0.24364814162254333; -0.4095563590526581; -0.5734862685203552; 1.0565105676651; 0.18305444717407227; 
430; 0.6231236457824707; -0.22521686553955078; -0.08911548554897308; -0.663884162902832; 1.2103033065795898; 0.27209559082984924; 
466; 0.6563252806663513; -0.7819909453392029; 0.15114101767539978; -0.5051097869873047; 1.2933518886566162; 0.12780886888504028; 
437; 1.096278429031372; -1.222236156463623; -0.41236934065818787; -0.5626261234283447; 0.7826835513114929; -0.18320228159427643; 
481; 0.6766919493675232; -0.6961395144462585; -0.4184071123600006; -0.9249715209007263; 0.9444952011108398; -0.11740675568580627; 
490; 0.15116752684116364; -0.243331179022789; -0.11640515923500061; -0.5894221663475037; 1.3054560422897339; -0.22630244493484497; 
492; 1.1533862352371216; -0.24783000349998474; 0.03163987025618553; -0.7969854474067688; 1.0568498373031616; 0.15700563788414001; 
463; 0.8878387212753296; -0.09879204630851746; 0.12680982053279877; -0.8800042867660522; 1.0027098655700684; 0.020125577226281166; 
451; 0.5907834768295288; -0.7303878664970398; 0.5673395991325378; -0.8023899793624878; 0.8040755987167358; -0.028071286156773567; 
435; 1.1769452095031738; -1.1672953367233276; 0.1203114241361618; -0.666414737701416; 0.7834089398384094; 0.11126050353050232; 
485; 0.18470415472984314; -0.5369763970375061; -0.27977481484413147; -0.750165581703186; 1.0337737798690796; -0.2064937800168991; 
457; 0.20919594168663025; -0.24032826721668243; -0.05343720316886902; -0.6770182847976685; 0.9926435351371765; -0.08286766707897186; 
436; 1.0502957105636597; -0.7314707636833191; -0.42580926418304443; -0.6465147733688354; 0.9721497297286987; -0.03380689024925232; 
479; 0.5966660380363464; -0.9065107703208923; 0.1540461778640747; -0.7298718094825745; 0.8673117756843567; 0.06712500751018524; 
445; 0.27207767963409424; -0.22438789904117584; 0.7866565585136414; -0.7182283997535706; 1.2769598960876465; 0.11739571392536163; 
414; 0.946021318435669; 0.011026851832866669; 0.35552316904067993; -0.636749804019928; 0.8099207282066345; 0.12157651036977768; 
440; 0.7210200428962708; -0.7612085938453674; -0.20644553005695343; -0.45062270760536194; 0.8422898054122925; -0.14146868884563446; 
444; 0.9167784452438354; -0.5785790681838989; 0.42406079173088074; -0.480635404586792; 1.052070140838623; 0.0057974993251264095; 
477; 0.897607147693634; -0.9567911028862; 0.0344492644071579; -0.5643717050552368; 0.8345119953155518; 0.11835628747940063; 
441; 0.6163339018821716; -0.6682696342468262; 0.23418092727661133; -0.7804024815559387; 1.1094774007797241; -0.05542033538222313; 
442; 0.1865616887807846; -0.9001271724700928; 0.667143702507019; -0.8460627198219299; 0.9456558227539062; 0.03284314647316933; 
452; 0.7403963208198547; -0.5858296751976013; 0.05922683700919151; -0.7296019792556763; 1.1456632614135742; 0.11168616265058517; 
458; 0.6616924405097961; -0.33001285791397095; 0.07214982062578201; -0.8196866512298584; 0.9381860494613647; 0.002701573073863983; 
497; 0.23208773136138916; -0.6266999244689941; -0.2211424559354782; -0.5341277718544006; 1.0290724039077759; -0.17453639209270477; 
480; 0.6664261817932129; -0.6732851266860962; -0.16046226024627686; -0.7472565770149231; 0.8401790857315063; 0.054693371057510376; 
434; 0.1989322453737259; -0.4344797730445862; 0.3201355040073395; -0.7378271222114563; 0.8777439594268799; 0.11357025802135468; 
415; 0.7257576584815979; -0.5216982960700989; 0.013700384646654129; -0.6433368921279907; 1.0233216285705566; -0.012450683861970901; 
464; 0.39343148469924927; -0.6579502820968628; -0.2600191831588745; -0.8473004102706909; 1.0194947719573975; -0.09256002306938171; 
486; 0.6749241948127747; -0.9460993409156799; 0.032275110483169556; -0.6806071996688843; 0.8162603974342346; 0.05296662449836731; 
499; 0.6587402820587158; -0.5180172324180603; -0.6508866548538208; -0.6258374452590942; 0.5920217037200928; -0.07159045338630676; 
484; 0.8834726214408875; 0.18593204021453857; -0.2931641936302185; -0.6279125809669495; 0.8285207748413086; 0.1074516698718071; 
501; 0.5781831741333008; -1.3164836168289185; -0.0648278295993805; -0.8945618271827698; 1.129119873046875; 0.026606084778904915; 
500; 0.7794986367225647; 0.09109818190336227; -0.723991870880127; -0.6215187311172485; 1.1736891269683838; -0.038619913160800934; 
503; 0.823158323764801; -0.09354119002819061; -0.09542587399482727; -0.7558775544166565; 1.1003233194351196; -0.012230918742716312; 
502; 0.8577084541320801; -0.8488842844963074; 0.7613645195960999; -0.7033312916755676; 1.0590656995773315; 0.0470559187233448; 
505; 0.8851298093795776; -0.22587300837039948; 0.06894542276859283; -0.5544264912605286; 1.3409312963485718; -0.2518230080604553; 
504; 0.6774145364761353; -0.4689551889896393; -0.12024921923875809; -0.5645443797111511; 1.0920214653015137; -0.06367767602205276; 
