6; 0.610704779624939; -0.8210950493812561; -0.37087926268577576; -0.8858895301818848; 1.0167577266693115; -0.05379011854529381; 
58; 0.7188699245452881; -0.5619624257087708; 0.17139603197574615; -0.7957988381385803; 0.8582149744033813; -0.2079392522573471; 
13; 0.4905853569507599; -0.7861413955688477; -0.012671087868511677; -0.6718301177024841; 1.0215564966201782; -0.11396177858114243; 
14; 1.2722374200820923; -0.6287556886672974; 0.01371796615421772; -0.820797324180603; 0.956658661365509; 0.2988024950027466; 
65; 0.8675095438957214; -0.14907245337963104; -0.12885841727256775; -0.6280538439750671; 0.7715535163879395; -0.1986311972141266; 
17; 1.0781193971633911; 0.05928891897201538; -0.0683770701289177; -0.7624792456626892; 0.8413083553314209; -0.05468296259641647; 
24; 1.020183801651001; -0.1769966185092926; 0.523675262928009; -0.7030116319656372; 0.932869553565979; 0.10273589938879013; 
19; 0.6433355808258057; -0.06301619112491608; 0.05736101046204567; -0.838719367980957; 1.0499889850616455; 0.05995141714811325; 
15; 0.48756736516952515; -0.5641418099403381; 0.2962222993373871; -0.8786014914512634; 0.907849907875061; -0.08711173385381699; 
4; 0.6076427698135376; -0.9340505003929138; -0.15071338415145874; -0.5922045707702637; 1.1239601373672485; -0.0686408132314682; 
30; 1.0501270294189453; -0.6827373504638672; 0.06275640428066254; -0.4492429196834564; 1.0926446914672852; -0.0071237776428461075; 
48; 0.7924465537071228; -0.15808779001235962; 0.026631467044353485; -0.7593688368797302; 1.0550817251205444; -0.12492667138576508; 
22; 0.8151739239692688; -0.07186155766248703; -0.20981313288211823; -0.6256506443023682; 0.9396056532859802; -0.03326808288693428; 
90; 0.28458037972450256; -0.255554735660553; -0.20992323756217957; -0.6542943716049194; 0.8313467502593994; 0.19488780200481415; 
64; 1.1157113313674927; -0.6706215143203735; -0.08598253130912781; -0.6015059947967529; 1.1762365102767944; 0.07371659576892853; 
20; 0.7912374138832092; -0.2413504719734192; -0.3956117331981659; -0.7745123505592346; 1.0256428718566895; -0.05081832781434059; 
66; -0.15447595715522766; -0.30434906482696533; -0.044937342405319214; -0.8076379299163818; 1.0144325494766235; 0.24337486922740936; 
93; 1.123618483543396; -0.33666670322418213; -0.059966135770082474; -0.23767545819282532; 0.7093865275382996; -0.012882951647043228; 
91; 0.6021517515182495; -0.8611271381378174; 0.46509456634521484; -0.7773231863975525; 1.1916550397872925; -0.0006505362689495087; 
95; 0.727860689163208; -0.10781934857368469; 0.39986225962638855; -0.4138008952140808; 1.0475202798843384; 0.1338423192501068; 
33; 0.3607732653617859; -0.9034655094146729; -0.03835730999708176; -0.5103179812431335; 1.1166762113571167; 0.12121140211820602; 
99; 0.6827466487884521; 0.1248413696885109; -0.20884394645690918; -0.8379321694374084; 0.9177459478378296; -0.1536046415567398; 
49; 1.2289507389068604; -0.7693895697593689; 0.18941451609134674; -0.6807119846343994; 0.7944507598876953; -0.10058482736349106; 
26; 0.8086633682250977; 0.027441877871751785; -0.28569483757019043; -0.6523058414459229; 0.8586336970329285; -0.0027838237583637238; 
23; 1.0068691968917847; 0.10263991355895996; -0.23057663440704346; -0.7227466702461243; 1.1333484649658203; -0.04878899082541466; 
16; 0.8131228685379028; -0.796905517578125; -0.03585762530565262; -0.7917931079864502; 0.9220152497291565; -0.08768639713525772; 
21; 0.7087560892105103; -0.0494145043194294; -0.4638170897960663; -0.5905858874320984; 0.9132985472679138; -0.2167668640613556; 
57; 0.7397318482398987; -0.15830232203006744; 0.14524318277835846; -0.7820992469787598; 0.9119967818260193; -0.2791503965854645; 
29; 1.0724762678146362; -0.710120677947998; -0.08206523954868317; -0.5234958529472351; 1.152690052986145; -0.1271858513355255; 
60; 0.8178852796554565; 0.04498253017663956; 0.21169812977313995; -0.8228851556777954; 1.1783783435821533; 0.08896102011203766; 
18; 0.944459855556488; -0.1997966468334198; -0.39584416151046753; -0.6326119303703308; 1.1773016452789307; -0.08698861300945282; 
88; 0.7252200841903687; -0.3057158589363098; 0.5800669193267822; -0.6392837762832642; 1.0516060590744019; 0.011856676079332829; 
92; 0.36634713411331177; -0.21647405624389648; 0.48518815636634827; -0.925022304058075; 0.7855076193809509; -0.13238444924354553; 
68; 0.3525981307029724; -0.6811500787734985; 0.5995509624481201; -0.6932753920555115; 1.080845594406128; 0.06800573319196701; 
32; 0.6983877420425415; -0.026079285889863968; -0.09641481190919876; -0.5883594751358032; 0.9746668338775635; 0.1922786831855774; 
40; 0.7870053052902222; -0.17316260933876038; 0.06871695816516876; -0.7498087882995605; 1.1267379522323608; -0.016790904104709625; 
89; 1.1056808233261108; -0.2762623727321625; -1.0119421482086182; -0.6155120134353638; 0.8479662537574768; 0.1079626977443695; 
94; 0.7396152019500732; -0.1824307143688202; -0.08403565734624863; -0.6982049942016602; 1.1675955057144165; 0.015207333490252495; 
56; 0.7697310447692871; -0.5736376047134399; 0.222770094871521; -0.7009033560752869; 0.94817715883255; -0.06172735616564751; 
72; 0.916953980922699; -0.751023530960083; 0.35752546787261963; -0.7105447053909302; 1.187368392944336; -0.026708953082561493; 
82; 0.5639827251434326; -0.5012239813804626; -0.0630047619342804; -0.6451537013053894; 1.1271440982818604; 0.09657692909240723; 
39; 0.738766610622406; -0.03464838117361069; -0.12459202110767365; -0.622642457485199; 0.9794873595237732; -0.040138937532901764; 
37; 0.7324566841125488; -0.5684102773666382; -0.3604547083377838; -0.6705655455589294; 0.9975306987762451; -0.10531263798475266; 
59; 0.8118434548377991; -0.4671259820461273; -0.17642764747142792; -0.49468374252319336; 0.9582494497299194; -0.03585074469447136; 
2; 0.6558132171630859; -0.3187994956970215; 0.253562331199646; -0.7147809267044067; 0.9761548638343811; -0.22843855619430542; 
70; 0.6993473172187805; -0.458086222410202; 0.132528617978096; -0.6189435124397278; 0.773559033870697; 0.3114665150642395; 
9; 0.47850143909454346; -0.40978989005088806; -0.8809580206871033; -0.7464866638183594; 1.1437665224075317; 0.008398475125432014; 
81; 1.009498953819275; -0.3245799243450165; -0.39900004863739014; -1.0439881086349487; 0.867280125617981; 0.05022003501653671; 
63; 0.7921985387802124; -0.37810206413269043; 0.0545872338116169; -0.5045292973518372; 1.2262319326400757; -0.050960466265678406; 
0; 0.6728899478912354; -0.5314005017280579; 0.39693447947502136; -0.6667137742042542; 1.2304314374923706; -0.09686443209648132; 
43; 1.1360867023468018; -0.5356222987174988; -0.14365288615226746; -0.7890609502792358; 1.1583110094070435; 0.21147675812244415; 
10; 0.7970030903816223; -1.4314275979995728; -0.24490822851657867; -0.5485052466392517; 1.1486598253250122; 0.16216956079006195; 
35; 0.6462619304656982; -0.23174282908439636; 0.028246687725186348; -0.5964811444282532; 0.9438085556030273; -0.028244076296687126; 
69; 0.9078216552734375; -0.3037422299385071; -0.057495951652526855; -0.6902770400047302; 1.0152640342712402; -0.14262372255325317; 
27; 0.8276239633560181; -0.9023231267929077; -0.08448921889066696; -0.6784774661064148; 1.111451268196106; 0.1588628590106964; 
25; 0.473882794380188; -0.87746262550354; 0.19636866450309753; -0.7168522477149963; 0.9311015009880066; 0.24059395492076874; 
1; 1.0163910388946533; -0.5236267447471619; -0.0035595977678894997; -0.8330391645431519; 1.206606388092041; -0.015163183212280273; 
67; 1.3158601522445679; -0.16287091374397278; -0.08698484301567078; -0.8925924301147461; 0.9635016918182373; 0.09271804243326187; 
8; 0.6617755889892578; -1.3045393228530884; -0.05516491085290909; -0.5648308992385864; 0.8987547755241394; 0.3958035111427307; 
12; 0.5806412100791931; 0.037472110241651535; -0.2493201047182083; -0.6208031177520752; 0.9425088167190552; -0.09992709755897522; 
11; 0.5292124152183533; -0.5945739150047302; 0.23199640214443207; -0.559927225112915; 0.8789908289909363; 0.11192720383405685; 
98; 0.3200737535953522; -0.5083799958229065; 0.2099343091249466; -0.7038384079933167; 0.8952910304069519; 0.05306347832083702; 
55; 1.169299602508545; -1.1892656087875366; 0.09847947955131531; -0.7154842019081116; 0.8156261444091797; 0.12684045732021332; 
74; 0.5837154388427734; -0.3178987503051758; -0.31160253286361694; -0.9692730903625488; 0.9227487444877625; -0.11675310134887695; 
61; 0.7237982153892517; -0.47361698746681213; -0.12887494266033173; -0.9108132123947144; 1.1827648878097534; 0.06966421753168106; 
75; 0.9286539554595947; -0.8016422390937805; -0.16147176921367645; -0.7069326043128967; 0.9610032439231873; -0.1503613293170929; 
42; 0.7076039910316467; -0.4182955324649811; -0.11057537794113159; -0.5892490744590759; 1.0773099660873413; 0.16934514045715332; 
77; 0.7293820381164551; -1.0978615283966064; 0.28769731521606445; -0.6544279456138611; 1.1192395687103271; -0.03751267120242119; 
44; 0.8521075248718262; -0.8232571482658386; 0.4311992824077606; -0.580101490020752; 0.9866313934326172; -0.07221675664186478; 
47; 0.16818805038928986; -0.578884482383728; 0.18553492426872253; -0.6737598776817322; 0.7780832648277283; -0.006347965449094772; 
51; 0.7972208261489868; -0.6508859992027283; 0.19461552798748016; -0.659706175327301; 1.1662554740905762; 0.05148421972990036; 
7; 0.5747496485710144; -1.140426754951477; 0.27916419506073; -0.6452813744544983; 0.831896960735321; -0.13372616469860077; 
87; 1.0434926748275757; -0.6726090312004089; -0.07304559648036957; -0.5927085280418396; 1.010846734046936; -0.1872587949037552; 
62; 0.3148403763771057; -0.20138077437877655; 0.2580108046531677; -0.6624375581741333; 1.018641710281372; 0.07718807458877563; 
36; 0.5435278415679932; 0.007287853397428989; -0.7571602463722229; -0.4433596730232239; 1.0468835830688477; -0.03274330124258995; 
73; 0.3928294777870178; -1.0585203170776367; 0.6245661377906799; -0.6931881904602051; 1.0938953161239624; -0.1446952223777771; 
46; 0.7482143044471741; 0.07812800258398056; -0.4595526158809662; -0.8184087872505188; 1.0227887630462646; 0.1465364694595337; 
52; 0.8862819671630859; -0.8506760001182556; 0.16527080535888672; -0.8449993133544922; 0.7957302331924438; -0.009782209992408752; 
50; 0.5052627325057983; -0.7154784798622131; -0.21487689018249512; -0.4209769666194916; 1.0306479930877686; 0.07286491245031357; 
85; 0.5779054164886475; -0.8748170733451843; 0.10984119772911072; -0.749600887298584; 0.7694441080093384; -0.06015561893582344; 
80; 0.882663369178772; -0.4187481105327606; 0.019750436767935753; -0.6669373512268066; 1.0368596315383911; -0.046410541981458664; 
28; 0.23526614904403687; -0.552778959274292; -0.06533157080411911; -0.8171933889389038; 0.7439582347869873; 0.05329440161585808; 
5; 0.5977987051010132; -0.36413976550102234; -0.1996222883462906; -0.6298896074295044; 0.7566590905189514; -0.06135159730911255; 
38; 0.7436985969543457; -0.21098071336746216; -0.16829362511634827; -0.8121763467788696; 1.2219866514205933; -0.07194837927818298; 
83; 1.3540468215942383; 0.25367438793182373; -0.046107809990644455; -0.5513824224472046; 0.945303738117218; -0.1526423841714859; 
34; 0.1665765792131424; -0.7917972207069397; -0.12772859632968903; -0.7099806666374207; 0.9296428561210632; -0.1851721554994583; 
45; 0.5822187662124634; -0.06754620373249054; 0.09733569622039795; -0.6192502975463867; 0.7345722317695618; 0.2773749828338623; 
53; 0.8332682251930237; 0.05864330381155014; 0.05613475292921066; -0.6140625476837158; 0.8189439177513123; -0.06265634298324585; 
54; 1.1216121912002563; -0.15065261721611023; -0.2360726296901703; -0.6632136106491089; 1.0475399494171143; 0.09198975563049316; 
76; 0.66861891746521; -0.6833999156951904; 0.17484408617019653; -0.6767979860305786; 1.0176759958267212; -0.058625683188438416; 
96; 0.6579210162162781; -0.601030170917511; -0.09963364154100418; -0.5622066855430603; 0.8865839242935181; -0.2171870619058609; 
78; 0.6886200308799744; 0.06014536693692207; -0.1208922490477562; -0.6046788096427917; 1.0315443277359009; -0.1260656863451004; 
79; 0.755840003490448; -0.6335884928703308; 0.691963791847229; -0.6329552531242371; 1.1678451299667358; 0.17885613441467285; 
84; 0.9873656630516052; -0.5029560923576355; 0.13179701566696167; -0.42288362979888916; 1.1324995756149292; -0.036711473017930984; 
41; 0.5392630100250244; -0.19886626303195953; -0.13887159526348114; -0.6233501434326172; 0.6991793513298035; -0.014298904687166214; 
31; 0.6637317538261414; -0.9666204452514648; 0.4333297610282898; -0.9207061529159546; 0.9914823770523071; 0.022767141461372375; 
86; 0.6366761922836304; -0.8752782940864563; -0.04529847949743271; -0.760392427444458; 0.8254051804542542; 0.1283016800880432; 
71; 0.4786739647388458; -0.4586244523525238; -1.4000717401504517; -0.537869393825531; 1.005092740058899; 0.10164732486009598; 
163; 0.29979994893074036; -0.6321353316307068; 0.13311584293842316; -0.5508676767349243; 1.1063883304595947; -0.06198909506201744; 
162; 0.6782276034355164; -0.6203621029853821; -0.38312456011772156; -0.7635062336921692; 1.0076154470443726; -0.11843493580818176; 
111; 0.6822730302810669; -0.39617684483528137; 0.2557617425918579; -0.8775662779808044; 0.7969737648963928; 0.12513837218284607; 
176; 0.8191772103309631; -0.4687906801700592; 0.04916853830218315; -0.7282997369766235; 0.9854419827461243; -0.0553058460354805; 
164; 0.6068257093429565; -0.37279844284057617; -0.01226735021919012; -0.7009974718093872; 0.8029137849807739; -0.03250536695122719; 
170; -0.04828523471951485; -0.6670595407485962; -0.7008899450302124; -0.6093282699584961; 1.1386945247650146; 0.04960005730390549; 
104; 0.586212158203125; -0.47075921297073364; -0.14521896839141846; -0.7537788152694702; 0.9133929014205933; -0.07338789105415344; 
112; 1.1369982957839966; -0.1600257158279419; -0.46748071908950806; -0.8277899622917175; 0.831972062587738; -0.0840534046292305; 
106; 0.7324734330177307; -0.7817649841308594; -0.3697129786014557; -0.9824899435043335; 1.116482138633728; -0.18054786324501038; 
157; 0.859237790107727; -0.897777259349823; 0.06255066394805908; -0.7734306454658508; 0.861018717288971; 0.2693180441856384; 
171; 0.635414719581604; -0.08331069350242615; 0.08787337690591812; -0.5450245141983032; 1.0460034608840942; 0.1435951292514801; 
123; 0.8262559175491333; -1.054023027420044; 0.09215853363275528; -0.6174786686897278; 0.9885443449020386; 0.058347903192043304; 
156; 0.6950885653495789; -0.6291505694389343; -0.19539928436279297; -1.0243555307388306; 1.1145280599594116; -0.05395347625017166; 
127; 1.0866764783859253; -0.15350960195064545; -0.03664900362491608; -0.7523736953735352; 0.806526243686676; 0.0994330421090126; 
107; 0.6420872211456299; -0.648724377155304; -0.10972461104393005; -0.7719271183013916; 1.1839768886566162; 0.19800859689712524; 
103; 1.2390100955963135; -0.032846055924892426; 0.07762665301561356; -0.6334193348884583; 0.9464713931083679; -0.0534193329513073; 
100; 0.1977567821741104; -0.017210837453603745; 0.08546812832355499; -0.5264577865600586; 0.8279841542243958; 0.2076297402381897; 
145; 0.6659936904907227; 0.01471051387488842; -0.7442547082901001; -0.7543290257453918; 0.9601321220397949; 0.2026267647743225; 
122; 0.6459811925888062; -0.4890249967575073; 0.3501412868499756; -0.7108351588249207; 0.9072211980819702; -0.07991210371255875; 
129; 1.1283200979232788; -0.03135911002755165; -0.6693422794342041; -1.057151436805725; 1.2208963632583618; 0.2431737184524536; 
117; 0.8560424447059631; -0.9194004535675049; 0.22888565063476562; -0.6546300053596497; 0.9761479496955872; 0.1134604886174202; 
110; 0.6670643091201782; -0.5884050130844116; -0.29272547364234924; -0.7162084579467773; 0.8191230893135071; -0.19245626032352448; 
121; 0.7543312311172485; -1.0173101425170898; -0.04929715767502785; -0.7168517708778381; 1.156548261642456; 0.13944000005722046; 
181; 1.2044093608856201; -0.15585020184516907; 0.004992293193936348; -0.9121822118759155; 0.890062689781189; 0.045977748930454254; 
161; 0.6689160466194153; -0.5747261643409729; 0.05181863158941269; -0.8686392307281494; 1.1078174114227295; 0.035966865718364716; 
105; 0.8488874435424805; -0.5823885798454285; 0.3841426968574524; -0.6790045499801636; 1.0073784589767456; 0.17240555584430695; 
169; 1.0825581550598145; -0.6237745881080627; -0.947483479976654; -0.44750455021858215; 0.7864237427711487; -0.05230667442083359; 
133; 0.7658942937850952; -0.7366739511489868; -0.3322196304798126; -0.8192865252494812; 0.8848347067832947; 0.07845548540353775; 
114; 0.8325827717781067; -0.6904006004333496; 0.06691186130046844; -0.6459230184555054; 0.8612323999404907; 0.019291959702968597; 
168; 0.4493776857852936; -0.5890421271324158; 0.4397738575935364; -0.7255920171737671; 1.0039231777191162; -0.15038880705833435; 
183; 1.07099449634552; -0.6631126403808594; 0.26030486822128296; -0.7925519943237305; 0.8191360235214233; 0.23000496625900269; 
180; 0.6865614652633667; -0.08861470222473145; -0.5519582629203796; -0.5586768984794617; 1.0555695295333862; -0.15481552481651306; 
167; 0.7145058512687683; -0.3565231263637543; -0.5878883004188538; -0.6602463126182556; 1.1097638607025146; -0.2717376947402954; 
148; 0.8331332802772522; -0.49790099263191223; -0.2705448567867279; -0.5667557120323181; 1.1634061336517334; 0.21452462673187256; 
185; 0.05790451169013977; -0.7018371224403381; -0.2279798686504364; -0.6840795874595642; 1.037163496017456; 0.09706567227840424; 
102; 0.8576133847236633; -0.533780574798584; -0.5489065051078796; -0.8946895599365234; 1.233840823173523; 0.1635710448026657; 
182; 0.6347680687904358; -0.36052075028419495; 0.31728726625442505; -0.7820842862129211; 0.8870108127593994; 0.09639623761177063; 
126; 0.8372244834899902; -0.512203574180603; -0.2957321107387543; -0.698366105556488; 0.9001571536064148; -0.020796846598386765; 
153; 1.0626262426376343; -0.4682363271713257; 0.08757058531045914; -0.8716791272163391; 0.9623565077781677; 0.10636745393276215; 
188; 0.6791425347328186; 0.021362531930208206; -0.2255261242389679; -0.31455501914024353; 1.1384446620941162; 0.20228233933448792; 
128; 1.2618898153305054; -0.766726016998291; 0.07738913595676422; -0.862366259098053; 1.0298042297363281; -0.08351924270391464; 
125; 0.36517149209976196; -0.09353966265916824; -0.4204207956790924; -0.774235188961029; 1.1251055002212524; 0.16716912388801575; 
195; 0.6675875782966614; 0.021286964416503906; 0.09489955008029938; -0.6280051469802856; 0.7681547403335571; -0.15692012012004852; 
165; 1.0014792680740356; -0.31673771142959595; 0.18865966796875; -0.7314437627792358; 1.1401396989822388; -0.13820581138134003; 
184; 0.6892110109329224; -1.254982352256775; -0.05171039700508118; -0.6843466758728027; 1.1388343572616577; -0.16877374053001404; 
174; 0.5073714256286621; -0.5984117388725281; -0.2951788902282715; -0.8827714323997498; 0.9545727968215942; -0.10048910975456238; 
197; 0.8902716040611267; -0.5462064146995544; 0.42987051606178284; -0.7435672879219055; 1.292901873588562; 0.10466510057449341; 
130; 0.08499634265899658; -0.31906062364578247; -0.16268277168273926; -0.9244111776351929; 1.1320501565933228; 6.751343607902527e-05; 
101; 0.554141640663147; -0.18122825026512146; 0.5859836935997009; -0.7130388021469116; 0.9014028906822205; -0.019047679379582405; 
108; 1.1350111961364746; -0.10172470659017563; -0.2741267681121826; -0.6754739284515381; 0.9253556728363037; 0.2278231382369995; 
132; 0.40731608867645264; -0.4677770137786865; 0.5333496332168579; -0.7634456157684326; 0.7913247346878052; 0.15712304413318634; 
109; 0.8170616626739502; -0.45555034279823303; 0.013102640397846699; -0.7046570777893066; 0.7905569076538086; 0.12777362763881683; 
118; 1.1294935941696167; -0.04008765518665314; -0.21960055828094482; -0.8136623501777649; 0.849182665348053; -0.08553265780210495; 
151; 0.510604739189148; -0.484596848487854; -0.30942603945732117; -0.5747632384300232; 0.7662321925163269; 0.07097703963518143; 
175; 0.3024057447910309; -0.34294307231903076; -0.24737310409545898; -0.949391782283783; 0.9432491660118103; -0.05709113925695419; 
155; 0.947378396987915; -0.8006596565246582; 0.09178155660629272; -0.872279703617096; 0.9837332963943481; 0.029515646398067474; 
150; 0.4137362837791443; -0.6015810966491699; 0.46141788363456726; -0.7275822758674622; 0.9396620392799377; 0.16038475930690765; 
196; 0.44273555278778076; -0.2595616579055786; -0.26983726024627686; -0.8236799836158752; 0.9754258394241333; -0.19161729514598846; 
124; 0.6619651913642883; -0.6744329333305359; -0.36649778485298157; -0.8918592929840088; 1.0167994499206543; 0.08020485937595367; 
142; 0.7330930233001709; -0.5164294838905334; -0.4620131254196167; -0.8386289477348328; 0.9328195452690125; 0.12187934666872025; 
119; 1.1380435228347778; -0.5024415850639343; -0.2968127131462097; -0.5634890794754028; 0.6467970013618469; 0.11587751656770706; 
186; 0.6209181547164917; -0.673200786113739; -0.1057695746421814; -0.8296429514884949; 1.2380667924880981; -0.09573183953762054; 
198; 0.6066105961799622; -0.6187945008277893; 0.11954281479120255; -0.7119827270507812; 0.898626983165741; -0.10391407459974289; 
113; 0.5582658648490906; -0.5008794665336609; 0.39227616786956787; -0.8264771699905396; 1.0859757661819458; 0.057138003408908844; 
173; 0.5557193160057068; -0.47254300117492676; -0.16701413691043854; -0.7162331938743591; 0.9450124502182007; -0.13618095219135284; 
194; 0.39963164925575256; 0.050884880125522614; -0.40313881635665894; -0.730872631072998; 0.9907556772232056; 0.06199377030134201; 
135; 0.9050848484039307; -0.24706140160560608; -0.6413952708244324; -0.5045517683029175; 0.8606719374656677; 0.21000751852989197; 
137; 0.8356807231903076; -0.5153273940086365; 0.36544519662857056; -0.7345266342163086; 0.8658058047294617; 0.016862379387021065; 
131; 0.6689918041229248; -0.65847247838974; 0.246184840798378; -0.6252838969230652; 0.8983799815177917; 0.04099901393055916; 
147; 0.27297988533973694; -1.108909010887146; 0.06395183503627777; -0.7114744186401367; 1.2866880893707275; -0.17329201102256775; 
120; 0.6688787341117859; -0.703116774559021; 0.11124567687511444; -0.49392080307006836; 0.9000797271728516; 0.18961136043071747; 
159; 1.225528597831726; -0.2589244544506073; 0.596194326877594; -0.8035888671875; 1.0893234014511108; 0.04739410802721977; 
193; 0.8262606263160706; -0.12778598070144653; -0.21578088402748108; -0.536111056804657; 0.9372230768203735; 0.006031230092048645; 
149; 0.8410323262214661; -0.1367758810520172; -0.559001088142395; -0.6023749113082886; 0.7228074669837952; 0.28009670972824097; 
136; 0.7821614742279053; -1.2131295204162598; 0.23970343172550201; -0.6021263003349304; 0.8803420066833496; -0.1529378890991211; 
166; 0.204908549785614; -0.8344113230705261; 0.0916052907705307; -0.6670362949371338; 1.068434476852417; 0.05929097160696983; 
146; 0.9222885370254517; 0.04121727496385574; 0.3408356010913849; -0.8845368027687073; 0.86919105052948; -0.012191584333777428; 
192; 0.445474773645401; -0.7968695163726807; -0.745857298374176; -0.7968146204948425; 1.055442214012146; -0.07330415397882462; 
115; 0.8077773451805115; -0.25355061888694763; -0.0022342288866639137; -0.4120485782623291; 0.8631476163864136; 0.04937760531902313; 
144; 0.6720767021179199; -0.0010166596621274948; -0.6038148999214172; -0.7072955369949341; 0.9296852946281433; -0.026585781946778297; 
139; 1.1111607551574707; -0.6433581113815308; -0.043660156428813934; -0.5945981740951538; 0.9585979580879211; 0.15238791704177856; 
189; 0.8659087419509888; -0.4173434376716614; -0.2347048819065094; -0.8234818577766418; 0.8765554428100586; -0.1407555192708969; 
116; 0.7925307750701904; -0.5984218120574951; -0.23194542527198792; -0.9703660011291504; 0.8301098346710205; -0.17427119612693787; 
172; 1.0773123502731323; -0.4051564335823059; 0.0013904478400945663; -0.8912603855133057; 0.82099848985672; 0.07718300819396973; 
187; 0.6976659297943115; -0.7330883145332336; 0.17787162959575653; -0.8522523045539856; 0.8299523591995239; 0.09340688586235046; 
143; 0.668125331401825; -0.2726970314979553; 0.00886589102447033; -0.5680896043777466; 0.8729813694953918; -0.11122968792915344; 
154; 0.6512529253959656; -0.8237618803977966; -0.12877830862998962; -0.5685683488845825; 0.9065690636634827; 0.1329164206981659; 
152; 0.4993562698364258; -0.2763948440551758; -0.1971496343612671; -0.763859212398529; 0.8956896066665649; 0.01424442883580923; 
160; 0.6574850678443909; -0.12105584889650345; -0.033377066254615784; -0.6977230906486511; 0.8118836283683777; 0.17416459321975708; 
178; 0.8049676418304443; -0.432704895734787; -0.6052960157394409; -0.6056047081947327; 1.077650547027588; -0.1234106793999672; 
190; 0.6391090154647827; -0.7092225551605225; 0.017338253557682037; -0.807380735874176; 0.9469493627548218; 0.1147904247045517; 
134; 0.9673122763633728; -0.18478581309318542; 0.4049634635448456; -0.780289888381958; 1.025942325592041; 0.16306519508361816; 
158; 0.5239128470420837; 0.08100305497646332; 0.28531503677368164; -0.5724931955337524; 0.7473219037055969; 0.25072771310806274; 
179; 0.8921802639961243; 0.10497872531414032; 0.22029417753219604; -0.3270992636680603; 0.8044057488441467; -0.06922556459903717; 
138; 0.8233190178871155; -0.3643355667591095; -0.040494129061698914; -0.6331939101219177; 1.1436537504196167; 0.14224596321582794; 
140; 0.44123345613479614; -0.5371242761611938; -0.5394203662872314; -0.6131081581115723; 1.2522178888320923; 0.06973649561405182; 
141; 0.6338245272636414; -0.21280890703201294; 0.1496904194355011; -0.43138039112091064; 0.9508062601089478; -0.019305553287267685; 
191; 0.7953952550888062; -0.4146934747695923; 0.08320795744657516; -0.8687828183174133; 1.0708574056625366; -0.11244925856590271; 
177; 0.11132385581731796; -0.606949508190155; -0.16972064971923828; -0.6228634715080261; 0.8870787024497986; 0.2060423493385315; 
249; 0.7586905360221863; -1.1589851379394531; 0.01858958974480629; -0.6538357734680176; 1.0806148052215576; -0.0404488742351532; 
219; 0.8135549426078796; -0.18655714392662048; -0.3834989070892334; -0.656450092792511; 1.0555579662322998; 0.1693730354309082; 
242; 0.6699638962745667; -0.5562757849693298; 0.35710614919662476; -0.6965005993843079; 0.8938693404197693; -0.20692434906959534; 
222; 0.6261938810348511; -0.5674986243247986; 0.349654883146286; -0.59619140625; 0.9696819186210632; -0.04407842084765434; 
238; 0.7454622983932495; 0.19685739278793335; 0.037338417023420334; -0.8020694851875305; 0.8070418834686279; -0.01636672206223011; 
202; -0.0839301347732544; -0.9435692429542542; 0.15590335428714752; -0.6493476033210754; 0.9102188348770142; 0.17495538294315338; 
215; 0.9675716757774353; -0.5327019095420837; -0.5125459432601929; -0.9298998713493347; 1.0408782958984375; -0.19862504303455353; 
205; 0.868629515171051; -0.019915815442800522; 0.4619070887565613; -0.6642278432846069; 0.7566680908203125; -0.23411035537719727; 
223; 0.6502545475959778; -0.8753709197044373; 0.3214472234249115; -0.5106807947158813; 0.7885141372680664; -0.08896903693675995; 
217; 0.20058788359165192; -0.35356631875038147; 0.32970955967903137; -0.5210148096084595; 0.7382678985595703; -0.14491836726665497; 
218; 0.8190248608589172; 0.13055074214935303; 0.15425552427768707; -0.7034706473350525; 1.2056702375411987; -0.020674938336014748; 
206; 0.4062245488166809; -1.2488696575164795; 0.08513472229242325; -0.8684887290000916; 1.13385009765625; -0.054003991186618805; 
280; 0.9392352104187012; -0.36513957381248474; -0.17200997471809387; -0.4386705160140991; 1.0743900537490845; -0.0311487577855587; 
212; 0.7874110341072083; -0.03661952540278435; -0.01890150085091591; -0.8368540406227112; 1.0045125484466553; -0.04179716855287552; 
234; 1.2477576732635498; -0.7532087564468384; 0.3418605327606201; -0.9308202862739563; 0.9032330513000488; 0.06201901286840439; 
214; 0.8458513617515564; -0.7919661998748779; -0.023175301030278206; -0.5390062928199768; 0.8968374729156494; -0.07013122737407684; 
203; 0.31309035420417786; -0.6203892230987549; -0.16249752044677734; -0.6988310813903809; 1.0328232049942017; -0.09490763396024704; 
241; 0.6378772258758545; -0.7688029408454895; 0.18103282153606415; -0.8260128498077393; 0.915327787399292; -0.02019955776631832; 
251; 0.7420474886894226; -0.435458242893219; -0.45829087495803833; -0.709415853023529; 0.8101467490196228; -0.21118950843811035; 
207; 0.7041117548942566; 0.10558898746967316; 0.3606487214565277; -0.7116525173187256; 1.095746397972107; -0.12074347585439682; 
260; 0.6630780100822449; -0.40062808990478516; -0.023744117468595505; -0.7204456925392151; 0.9711629748344421; 0.014338941313326359; 
216; 0.4740544259548187; -0.9157314300537109; 0.26301732659339905; -0.569618821144104; 1.2165848016738892; -0.17789827287197113; 
266; 1.0285871028900146; -0.1812637746334076; 0.16368089616298676; -0.5329567790031433; 0.8923640251159668; 0.039097316563129425; 
248; 0.6462005376815796; -0.37827426195144653; -0.08956168591976166; -0.7357310056686401; 0.7812495827674866; 0.041723690927028656; 
265; 0.6203229427337646; -0.3045228123664856; -0.6101707816123962; -0.8172265291213989; 0.9511061310768127; -0.007462661247700453; 
231; 0.7535662055015564; -0.6804814338684082; -0.3779029846191406; -0.7808628678321838; 1.0559889078140259; -0.0937003344297409; 
281; 0.6718476414680481; -0.8407644629478455; 0.2368176132440567; -0.9829561114311218; 1.4434629678726196; 0.046607911586761475; 
245; 0.5408236384391785; -0.9892888069152832; 0.006153024733066559; -0.8128162622451782; 0.9231973886489868; 0.04495307430624962; 

282; 0.6223928928375244; -0.34364259243011475; -0.1497085690498352; -0.8718894720077515; 1.0958731174468994; 0.1429263949394226; 
232; 0.38572606444358826; -0.6233298182487488; -0.23599201440811157; -0.8999878168106079; 0.918491780757904; 0.09701402485370636; 
239; 0.82554030418396; -0.05353400111198425; -0.36296606063842773; -0.5958578586578369; 0.862305223941803; -0.21973168849945068; 
230; 1.1795704364776611; -0.8468931913375854; 0.2553159296512604; -0.8820682168006897; 0.9797707200050354; -0.1737077832221985; 
250; 0.6917689442634583; 0.3818646967411041; 0.24209822714328766; -0.547214925289154; 1.0673284530639648; -0.21543706953525543; 
244; 1.0624644756317139; -0.6116079688072205; -0.04756874591112137; -0.6387613415718079; 1.184107780456543; 0.09168971329927444; 
228; 0.4457549452781677; -0.5492789149284363; -0.4112284779548645; -0.6556771993637085; 0.9094430208206177; 0.05389075353741646; 
236; 0.5367690920829773; -0.5395447015762329; 0.15288573503494263; -0.6824504733085632; 1.1807700395584106; 0.03159517049789429; 
204; 0.6677948236465454; -1.0084625482559204; 0.0384017750620842; -0.6334409117698669; 0.7632007002830505; 0.3248762786388397; 
267; 0.614960789680481; -0.20637863874435425; -0.04745566099882126; -0.7199920415878296; 0.9851128458976746; 0.153261199593544; 
233; 0.9400652647018433; -1.5296436548233032; 0.21475356817245483; -0.7295101284980774; 1.1143629550933838; -0.04674249887466431; 
252; 0.8519224524497986; -0.5110713839530945; -0.009290703572332859; -0.6347953081130981; 1.133051872253418; 0.07503016293048859; 
225; 0.21823565661907196; -0.8506971597671509; 0.17917078733444214; -0.7844527363777161; 0.9757745862007141; 0.10918483138084412; 
229; 0.8772534728050232; -0.7498041391372681; 0.04751688241958618; -0.4709984064102173; 1.1002697944641113; 0.035732295364141464; 
276; 0.6441960334777832; -0.422359824180603; -0.19548849761486053; -0.6830761432647705; 1.0368497371673584; -0.2592134475708008; 
246; 1.1329169273376465; 0.18854078650474548; 0.16502645611763; -0.4667436480522156; 0.9638110399246216; -0.20674455165863037; 
274; 0.9672008752822876; -0.7941416501998901; -0.6804019808769226; -0.5321298837661743; 0.9493540525436401; 0.010660409927368164; 
227; 0.660013735294342; -0.5750227570533752; 0.09341437369585037; -0.7667408585548401; 0.8406174182891846; 0.016887661069631577; 
278; 0.4612163007259369; -0.2793203294277191; 0.5759620666503906; -0.5574809312820435; 0.9071557521820068; -0.19354361295700073; 
247; 0.4427630305290222; -0.697077751159668; 0.07107922434806824; -0.7412328124046326; 0.78432697057724; 0.07195214927196503; 
289; 0.4763873219490051; -0.30274271965026855; -0.3084687292575836; -0.5429304242134094; 0.991915762424469; 0.012188546359539032; 
224; 0.9582406878471375; -0.649776816368103; 0.06148247420787811; -0.5443238019943237; 1.231208324432373; 0.19674575328826904; 
277; 1.1420844793319702; -0.3930590748786926; 0.3185167908668518; -0.588979959487915; 1.0439412593841553; 0.011274602264165878; 
237; 0.8191965818405151; -0.5485851764678955; -0.029953159391880035; -0.6161101460456848; 1.032850742340088; -0.09798535704612732; 
296; 0.6782664656639099; -0.7513552308082581; -0.48874446749687195; -0.6744539141654968; 1.1469275951385498; -0.02955767512321472; 
275; 0.7528097033500671; -0.28492313623428345; 0.14041481912136078; -0.6872559189796448; 1.1795494556427002; -0.06534536182880402; 
273; 0.6888025403022766; -0.13381801545619965; -0.20710067451000214; -0.5523200035095215; 1.1000431776046753; -0.2822609543800354; 
292; 0.8602731227874756; -0.5827757716178894; -0.2915298044681549; -0.8829939365386963; 1.1305376291275024; -0.03518686443567276; 
297; 0.7559280395507812; -0.9284723997116089; -0.15575659275054932; -0.67612224817276; 1.098204255104065; -0.037501461803913116; 
258; 1.393750786781311; -1.0909225940704346; 0.059926312416791916; -0.7063938975334167; 1.0650614500045776; -0.25464895367622375; 
226; 0.9584695100784302; -0.19018661975860596; -0.21274293959140778; -0.9216813445091248; 0.9417214393615723; -0.016141269356012344; 
270; 0.8732382655143738; 0.0036566145718097687; -0.10940100252628326; -0.613386332988739; 1.0857584476470947; 0.09281571209430695; 
271; 0.34455981850624084; -0.8579286336898804; -0.6738003492355347; -0.5011237263679504; 1.0449655055999756; -0.03221416100859642; 
259; 0.811292827129364; -0.633273184299469; 0.13484197854995728; -0.7859141826629639; 0.9102869629859924; -0.13275445997714996; 
287; 1.2242745161056519; -0.39785027503967285; -0.6416938304901123; -0.6366755962371826; 1.1266833543777466; -0.13699574768543243; 
288; 0.4179140031337738; -0.49849045276641846; -0.11227665841579437; -0.7406725883483887; 1.4482975006103516; 0.17082083225250244; 
285; 0.5511273741722107; -0.5852952599525452; -0.3218528926372528; -0.46561458706855774; 0.8577654957771301; 0.3100706934928894; 
272; 0.5227646231651306; -0.689738392829895; 0.013688644394278526; -0.7133594155311584; 1.1834168434143066; 0.13376738131046295; 
213; 0.7928038239479065; -0.5760655403137207; -0.1940540373325348; -0.7468986511230469; 0.9632009267807007; 0.04761354997754097; 
257; 0.9204272031784058; -0.4294320046901703; -0.4389798939228058; -0.7562636733055115; 1.032357931137085; -0.22343894839286804; 
286; 1.0899317264556885; -0.2784918546676636; -0.3577575385570526; -0.8556908965110779; 1.123438835144043; -0.027316804975271225; 
200; 1.2500395774841309; -0.8293296694755554; -0.6817530989646912; -0.7491315603256226; 0.9791489839553833; -0.004652673378586769; 
220; 0.8551859855651855; -0.9488683938980103; -0.24125194549560547; -0.5443931221961975; 1.0631484985351562; -0.07279874384403229; 
254; 0.6797072887420654; -0.6428610682487488; 0.20626474916934967; -0.5964058041572571; 0.9983475208282471; -0.058760788291692734; 
290; 0.3486240804195404; -0.39078596234321594; 0.34614360332489014; -0.581767201423645; 0.9738286733627319; -0.15626686811447144; 
221; 0.7503674626350403; -0.10988501459360123; -0.04678739607334137; -0.714171826839447; 0.9964390993118286; -0.05987320840358734; 
295; 0.4812074899673462; -0.34661078453063965; -0.3279079794883728; -0.6645531058311462; 0.9715948700904846; -0.1301604062318802; 
255; 0.7353522777557373; -1.0962650775909424; -0.3953924775123596; -0.7679843902587891; 0.9075355529785156; 0.02481113001704216; 
253; 0.1695462316274643; -0.9549278020858765; 0.09959141910076141; -0.6819016933441162; 1.1843116283416748; 0.2611406445503235; 
291; 0.7603439092636108; -0.9673457145690918; 0.2755405604839325; -0.8942677974700928; 1.203012228012085; -0.07457738369703293; 
243; 0.9911592602729797; -0.521062970161438; 0.06385941803455353; -0.9723010659217834; 0.8471874594688416; -0.24512597918510437; 
262; 0.5435420274734497; -0.3028251826763153; 0.3446790874004364; -0.6337617635726929; 0.8745144009590149; -0.08867239952087402; 
201; 1.1217974424362183; -1.1081088781356812; -0.020044274628162384; -0.7840912342071533; 1.2264621257781982; -0.02682250179350376; 
284; 0.8078416585922241; -0.1484505832195282; -0.3395684063434601; -0.5685542821884155; 0.9733420610427856; -0.18761326372623444; 
235; 1.5133864879608154; -0.2894377112388611; -0.5392760634422302; -0.6821871399879456; 1.3669350147247314; 0.03428655117750168; 
264; 0.9947385787963867; -0.46820932626724243; 0.1486816704273224; -0.6804832220077515; 0.7933382391929626; -0.22949162125587463; 
240; 0.8802653551101685; -0.24577614665031433; 0.011558419093489647; -0.6716535091400146; 0.8058694005012512; -0.16239283978939056; 
298; 1.0801548957824707; -0.23167455196380615; -0.29523929953575134; -0.6307308673858643; 0.9990363121032715; -0.16235914826393127; 
209; 1.003788948059082; -0.38405248522758484; -0.2169361710548401; -0.5405653715133667; 0.9571158289909363; -0.05880441889166832; 
268; 0.6856937408447266; -0.5021997690200806; -0.5894938111305237; -0.5271832346916199; 1.0322977304458618; 0.23520606756210327; 
283; 0.6632658243179321; 0.13999934494495392; -0.21596480906009674; -0.6798192858695984; 1.1811378002166748; 0.020971709862351418; 
294; 0.9456378221511841; -0.20790736377239227; -0.02850961685180664; -0.680094301700592; 0.926842987537384; -0.16882635653018951; 
211; 0.7766935229301453; -0.6119204163551331; -0.9558426737785339; -0.653812050819397; 0.9829936027526855; 0.09146813303232193; 
263; 0.7089841961860657; -0.24072518944740295; -0.13836288452148438; -0.6163453459739685; 0.7313152551651001; 0.31621262431144714; 
256; 1.1895556449890137; -0.9508176445960999; -0.30596494674682617; -0.9067665934562683; 0.8198007941246033; 0.21409837901592255; 
269; 0.7239680886268616; -0.32778939604759216; 0.25049179792404175; -0.5902597904205322; 1.3198057413101196; -0.17182889580726624; 
210; 0.8541080951690674; -0.4303886592388153; -0.1069624125957489; -0.7312235832214355; 0.8623781800270081; 0.4746488034725189; 
261; 0.8407230377197266; -0.30295807123184204; -0.3089434504508972; -0.7331416606903076; 0.9089877605438232; 0.2505663335323334; 
299; 0.13463762402534485; 0.18535581231117249; 0.382121205329895; -0.8174208402633667; 1.0873039960861206; -0.020218271762132645; 
293; 0.9417514801025391; -0.3441993296146393; 0.04377560690045357; -0.8426656126976013; 0.7498522996902466; 0.07886049151420593; 
304; 1.058329701423645; -0.2542724609375; 0.3816399872303009; -0.9226270914077759; 0.7738181948661804; -0.11583338677883148; 
354; 0.9287003874778748; -0.3162641227245331; 0.38829317688941956; -0.484752893447876; 0.9014483094215393; 0.29327690601348877; 
316; 0.5800175070762634; -1.2411531209945679; -0.23846352100372314; -0.7484521269798279; 0.9969293475151062; 0.20581641793251038; 
337; 0.368286669254303; -0.19305230677127838; 0.08535575121641159; -0.6987205743789673; 0.8317981958389282; -0.3062475919723511; 
305; 0.9514867663383484; -0.16270306706428528; -0.2629271149635315; -0.7356175184249878; 0.9551657438278198; -0.15395841002464294; 
302; 0.49244996905326843; -0.4763425886631012; 0.1752311885356903; -0.5734922289848328; 0.9931250214576721; -0.06403037905693054; 
353; 0.6197354197502136; -0.47316789627075195; 0.15156057476997375; -0.7976964712142944; 0.9783139228820801; 0.3005844056606293; 
320; 0.6918833255767822; -0.42405858635902405; 0.18873396515846252; -0.6871981024742126; 1.2518320083618164; -0.042764849960803986; 
385; 0.5270835757255554; -0.42228201031684875; -0.3517695963382721; -0.6250033378601074; 0.6946783661842346; 0.045913126319646835; 
321; 0.490875780582428; -0.22241927683353424; 0.11038872599601746; -0.9195307493209839; 1.192739725112915; -0.29106712341308594; 
384; 0.4885011613368988; -0.5266187787055969; -0.2678053677082062; -0.881231963634491; 0.9879763722419739; 0.09154900908470154; 
301; 0.728090763092041; -0.5450646281242371; 0.08081366121768951; -0.7549582123756409; 1.0801478624343872; -0.0365043468773365; 
322; 0.4583103656768799; -0.46715134382247925; 0.19839516282081604; -0.647227942943573; 1.0004770755767822; -0.08799884468317032; 
326; 0.960803747177124; -0.5028136372566223; -0.41872331500053406; -0.7313070893287659; 0.9634445309638977; 0.2888144552707672; 
309; 0.5236974358558655; -0.3572651147842407; 0.023892879486083984; -0.7614800930023193; 1.1904702186584473; 0.012276033870875835; 
339; 1.014727234840393; -0.5119865536689758; 0.5870119333267212; -0.6555964946746826; 1.0327866077423096; 0.043119385838508606; 
386; 0.8593425154685974; -0.797903835773468; -0.1844671219587326; -0.4766376316547394; 0.8568692207336426; 0.0043454859405756; 
310; 1.1373929977416992; -1.1870160102844238; -0.04460441693663597; -0.9290360808372498; 0.9183040857315063; -0.049508675932884216; 
311; 1.1739784479141235; -0.24069954454898834; -0.7116497159004211; -0.4388774335384369; 1.0514342784881592; 0.2498786747455597; 
398; 0.6733849048614502; -0.9962894916534424; 0.1273268461227417; -0.4690069854259491; 1.146080493927002; 0.02186235412955284; 
338; 1.0079466104507446; -0.6917988657951355; 0.3532799184322357; -0.7395130395889282; 1.264075517654419; 0.1955299973487854; 
387; 0.4806605577468872; -0.6484612822532654; 0.39190295338630676; -0.7167743444442749; 1.0952311754226685; -0.04706062749028206; 
399; 0.43945685029029846; -0.5402747988700867; 0.0930616706609726; -0.6751185655593872; 0.7824195027351379; 0.17867979407310486; 
390; 0.967959463596344; -0.4782654941082001; -0.17753778398036957; -1.1108602285385132; 1.2159465551376343; -0.31427109241485596; 
318; 0.5349729061126709; -0.5890238881111145; 0.196807861328125; -0.7303891181945801; 1.0627551078796387; 0.23210909962654114; 
307; 0.7559614181518555; -0.863036036491394; -0.5435353517532349; -0.5133835673332214; 1.0824058055877686; -0.2366415560245514; 
396; 0.9065077900886536; -1.1045459508895874; -0.3237294852733612; -0.9542800188064575; 0.7757967710494995; 0.12916715443134308; 
303; 0.8063731789588928; -0.25465095043182373; 0.05237817391753197; -0.7829642295837402; 0.8384320139884949; 0.1971801221370697; 
383; 0.3277626037597656; -0.6604101657867432; -0.2902880311012268; -0.7422542572021484; 1.3531697988510132; 0.03259461000561714; 
300; 1.047242283821106; -0.14093787968158722; 0.0997864380478859; -0.8162742853164673; 0.7851594686508179; 0.024169718846678734; 
325; 0.7645276784896851; -0.3635222613811493; -0.7025618553161621; -0.5186938643455505; 1.0043320655822754; -0.07921510934829712; 
335; 0.47678297758102417; -0.8715287446975708; 0.3030865490436554; -0.9735154509544373; 1.0499354600906372; -0.2800234258174896; 
368; 0.45333316922187805; -0.6697676181793213; -0.5282700061798096; -0.7176489233970642; 0.9253953099250793; -0.12945082783699036; 
334; 1.1988575458526611; -0.2796909213066101; -0.37272968888282776; -0.7057012915611267; 0.9462258219718933; -0.016807589679956436; 
382; 0.757926344871521; -0.6622980833053589; -0.2554779052734375; -0.714993953704834; 0.7969621419906616; 0.05776451900601387; 
355; 0.6751960515975952; -0.6509434580802917; -0.33871564269065857; -1.0032215118408203; 0.8811002373695374; 0.07638446986675262; 
323; 0.23597432672977448; -0.329876184463501; 0.18914486467838287; -0.6567562222480774; 1.0863831043243408; 0.08662306517362595; 
360; 0.6295329928398132; -0.6248790621757507; -0.2848898470401764; -0.9184108972549438; 0.9140996336936951; -0.08032122999429703; 
356; 0.7620512247085571; -0.1736059933900833; 0.2132810801267624; -0.5910999774932861; 1.339743971824646; 0.311154842376709; 
362; 0.8919219970703125; -0.3822723627090454; -0.09875783324241638; -0.7850821614265442; 1.004077434539795; 0.012720893137156963; 
333; 0.4865906834602356; -0.8961995840072632; 0.1711612343788147; -0.48604685068130493; 1.1666820049285889; -0.003171296790242195; 
340; 0.9345836639404297; -0.2796017527580261; -0.005240762606263161; -0.8246363997459412; 0.8095141649246216; -0.11483992636203766; 
314; 1.0045312643051147; -0.8827621936798096; -0.7616763114929199; -0.6075211763381958; 0.8617369532585144; 0.1492849886417389; 
361; 0.8262477517127991; -0.64075767993927; 0.4890177547931671; -0.5482837557792664; 1.0580060482025146; -0.015830475836992264; 
331; 0.37258824706077576; 0.2001335173845291; 0.4461979269981384; -1.1518911123275757; 1.1006442308425903; -0.17269352078437805; 
364; 0.9524151682853699; -0.31286343932151794; 0.10024374723434448; -0.6004858613014221; 1.0543817281723022; -0.0768946036696434; 
367; 1.2040362358093262; -0.27676862478256226; -0.012637162581086159; -0.6372860074043274; 0.9048798680305481; -0.08307759463787079; 
373; 0.5828114151954651; -1.151832938194275; -0.34231477975845337; -0.5913071632385254; 0.8633547425270081; -0.07775700837373734; 
351; 0.9256783127784729; -0.47809696197509766; -0.26221078634262085; -0.5589359402656555; 1.0175660848617554; -0.21701975166797638; 
380; 0.09536721557378769; -0.20803450047969818; 0.28941452503204346; -0.7237794399261475; 1.2093452215194702; 0.06301575154066086; 
329; 1.108307957649231; -0.8522136211395264; -0.6967718005180359; -0.5564695000648499; 0.9984353184700012; -0.3619152009487152; 
388; 0.9659964442253113; 0.22469079494476318; -0.024731123819947243; -0.7271140813827515; 1.021155595779419; 0.07875795662403107; 
374; 0.8188308477401733; -0.3447616398334503; 0.06662262976169586; -0.637210488319397; 0.7601685523986816; 0.07543280720710754; 
369; 0.15556152164936066; -0.9414429664611816; 0.15516066551208496; -0.931400716304779; 1.082006812095642; 0.051027532666921616; 
391; 0.7004902958869934; -0.4458876848220825; -0.46573778986930847; -1.045007348060608; 0.8490584492683411; 0.14879421889781952; 
348; 1.034632921218872; -0.7755542993545532; 0.12039333581924438; -0.8861610889434814; 1.045165777206421; -0.05241045355796814; 
327; 0.7963159680366516; -0.5861896276473999; 0.287674218416214; -0.8789944648742676; 1.0594216585159302; -0.14286260306835175; 
350; 0.9827547073364258; -0.5013173222541809; -0.33981961011886597; -0.7408223748207092; 0.8568221926689148; 0.10066377371549606; 
357; 0.8839031457901001; -0.2061573714017868; -0.4821373522281647; -0.6613022685050964; 1.018201470375061; 0.1043771505355835; 
371; 0.7276738286018372; -0.16271254420280457; 0.0066879140213131905; -0.5556699633598328; 1.0267587900161743; 0.1399419903755188; 
372; -0.19943054020404816; -0.610849142074585; 0.5447466373443604; -0.7577431201934814; 0.8791225552558899; 0.123618483543396; 
352; 1.1505759954452515; -0.18889179825782776; 0.07229188084602356; -0.8809590935707092; 0.9992157816886902; -0.059029847383499146; 
393; 0.953686535358429; -0.2830207347869873; 0.5856533050537109; -1.0029032230377197; 1.0258265733718872; -0.13557028770446777; 
349; -0.4844376742839813; -0.9263025522232056; 0.07682318985462189; -0.6564135551452637; 0.9796680212020874; -0.05971995368599892; 
347; 0.5099051594734192; -0.6415241360664368; -0.5695480108261108; -0.6965035200119019; 0.966851532459259; -0.2646857798099518; 
346; 0.760094404220581; -0.3572414517402649; -0.001422511413693428; -0.8287428021430969; 1.1264697313308716; 0.16461114585399628; 
336; 0.5393227934837341; -0.9017735123634338; 0.08608973771333694; -0.6002858281135559; 0.927737295627594; -0.10829123109579086; 
332; 0.6161075830459595; -0.25966739654541016; -0.0800681933760643; -0.8383219242095947; 0.8738511204719543; 0.11244465410709381; 
324; 0.9120777249336243; 0.08176867663860321; -0.02369837649166584; -0.6855118870735168; 1.0786864757537842; 0.009674638509750366; 
328; 0.47713181376457214; -0.18529656529426575; -0.1317887306213379; -0.554330050945282; 1.0043044090270996; 0.00030823610723018646; 
366; 0.708051323890686; -1.2115275859832764; -0.21869635581970215; -0.6431723237037659; 1.091249704360962; 0.10300241410732269; 
359; 0.5566684007644653; -0.6863537430763245; -0.24125073850154877; -0.596990168094635; 1.200461506843567; -0.011869306676089764; 
394; 1.033371925354004; -1.2092556953430176; -0.010327190160751343; -0.9764707684516907; 1.2232481241226196; -0.09376237541437149; 
306; 0.9551514387130737; -0.28740444779396057; -0.7113437652587891; -0.8247504830360413; 1.060860276222229; -0.14881031215190887; 
392; 0.919488787651062; -0.2709617614746094; 0.2925957143306732; -0.627661943435669; 0.9817314147949219; -0.10205759853124619; 
381; 0.5865031480789185; -0.7978388667106628; -0.09455050528049469; -0.5641759037971497; 1.0768128633499146; -0.05656855180859566; 
379; 1.1183085441589355; -1.4148681163787842; -0.49316006898880005; -0.5806484222412109; 1.0097819566726685; -0.09386268258094788; 
397; 0.9088379144668579; -0.3212856650352478; -0.3211798071861267; -0.6863118410110474; 0.855338990688324; 0.024803973734378815; 
344; 0.6018185019493103; -1.1382843255996704; -0.1820240169763565; -0.7834569811820984; 1.0045828819274902; 0.1362188756465912; 
342; 0.6179503798484802; -0.2680813670158386; -0.12632179260253906; -0.6683144569396973; 0.9605435729026794; 0.08910371363162994; 
358; 0.6772197484970093; -0.6497669219970703; -0.011522125452756882; -0.8025529384613037; 0.9840466976165771; -0.18418391048908234; 
365; 0.6375210285186768; -0.3014032542705536; -0.7928997278213501; -0.7422598600387573; 0.8484823107719421; -0.01773400604724884; 
389; 0.8546307682991028; -1.2184007167816162; 0.16534702479839325; -0.7145392894744873; 0.8033528327941895; -0.09978412091732025; 
308; 1.1254940032958984; -1.3047471046447754; -0.4494297504425049; -0.9282053709030151; 0.6915671825408936; 0.2026134431362152; 
395; 0.8521570563316345; -0.8974999189376831; -0.7166742086410522; -0.5678378939628601; 0.9666308164596558; 0.09896258264780045; 
319; 0.5898323655128479; -0.22315892577171326; -0.3356291651725769; -0.784917414188385; 0.8779915571212769; 0.1492672562599182; 
315; 0.5312028527259827; -0.8289557099342346; 0.4280146658420563; -0.8359910249710083; 1.0008593797683716; 0.1075998842716217; 
312; 0.5382528901100159; -0.12362893670797348; -0.24262812733650208; -0.3673588037490845; 0.9884516596794128; 0.017906468361616135; 
376; 0.9323970675468445; -0.46234506368637085; 0.33072173595428467; -0.7478317618370056; 1.0758044719696045; -0.034318845719099045; 
317; 0.69814133644104; -0.4542337656021118; -0.3434405028820038; -0.6608338356018066; 0.9975689649581909; 0.2910909950733185; 
313; 0.7272467017173767; 0.00033649569377303123; -0.5425838232040405; -0.8184388875961304; 1.201701283454895; 0.1558123081922531; 
341; 0.6137881875038147; -0.7769730091094971; 0.24233625829219818; -0.7384029030799866; 0.8779546618461609; -0.034926630556583405; 
378; 0.781165599822998; -0.4192623794078827; -0.22240908443927765; -0.7062610983848572; 1.0157402753829956; -0.04181960970163345; 
363; 0.571662962436676; -0.3137705326080322; -0.16646826267242432; -0.5888009071350098; 1.016614556312561; -0.02143455296754837; 
377; 0.08093791455030441; -1.0909514427185059; 0.2872869372367859; -0.4733257591724396; 0.9575563669204712; 0.035707730799913406; 
370; 0.41287747025489807; -0.12632840871810913; -0.27482542395591736; -0.5458821654319763; 1.0315525531768799; 0.09584535658359528; 
343; 1.1186596155166626; -0.4542943239212036; -0.24115130305290222; -0.6948047280311584; 1.1415404081344604; 0.11493159830570221; 
345; 0.719286322593689; -0.49653860926628113; 0.2149551957845688; -0.5929951071739197; 1.1667577028274536; -0.15607452392578125; 
375; 0.49999669194221497; -0.2632952034473419; -0.3678840696811676; -0.6377760767936707; 0.9011073708534241; 0.19924838840961456; 
403; 0.6285618543624878; -0.2210146188735962; -0.7935755252838135; -0.8023466467857361; 0.9903386831283569; -0.01016758568584919; 
400; 0.29398447275161743; -0.5376309752464294; -0.08923563361167908; -0.6272275447845459; 0.9803292751312256; 0.1842246800661087; 
420; 1.4135655164718628; -0.36857083439826965; -0.08630812168121338; -0.7342917919158936; 0.8356879353523254; -0.13442155718803406; 
401; 0.25321081280708313; -0.6034725904464722; -0.46940919756889343; -0.5929164886474609; 0.9679290056228638; 0.04225824773311615; 
433; 0.8313018083572388; -0.08379412442445755; -0.2843758761882782; -0.8325916528701782; 0.8780211806297302; -0.0391097366809845; 
402; 0.8647946715354919; -0.708913266658783; -0.5142888426780701; -0.8124728202819824; 1.073546051979065; 0.020841101184487343; 
404; 1.131531000137329; -0.8368287086486816; -0.21533942222595215; -0.7391342520713806; 1.003901720046997; -0.11938629299402237; 
409; 0.3661504089832306; -0.6836431622505188; -0.5616447329521179; -0.6337168216705322; 1.1043003797531128; -0.08265451341867447; 
424; 0.8879064917564392; -0.30043068528175354; -0.3556990623474121; -0.5372486114501953; 0.8172355890274048; -0.17654629051685333; 
407; 1.00575590133667; -0.13396897912025452; 0.12421638518571854; -0.5407535433769226; 1.2412084341049194; -0.09647031128406525; 
423; 0.7287994027137756; -0.3647362291812897; -0.3598800599575043; -0.5146589875221252; 0.836402416229248; 0.15102361142635345; 
422; 1.0372358560562134; -0.21060042083263397; -0.18000252544879913; -0.7677128314971924; 1.0563467741012573; 0.002656293101608753; 
408; 0.6417353749275208; -1.1038258075714111; -0.09376180171966553; -0.707744300365448; 1.1128119230270386; 0.14067892730236053; 
453; 0.7919520139694214; -0.38767290115356445; 0.2897331714630127; -0.6511818766593933; 0.7616535425186157; -0.25362297892570496; 
411; 0.8868037462234497; -0.10688427090644836; -0.34930214285850525; -0.8926163911819458; 1.04414701461792; 0.01357986032962799; 
412; 0.8436101675033569; -0.6116988658905029; -0.41872596740722656; -0.7489140033721924; 1.1963258981704712; -0.11438960582017899; 
421; 0.5907914638519287; -0.37416359782218933; -0.3231036067008972; -0.681251049041748; 1.2742418050765991; -0.142099529504776; 
419; 0.7294676303863525; -0.5017925500869751; 0.3253030776977539; -0.6784867644309998; 1.2137153148651123; -0.10344870388507843; 
405; 0.872204065322876; -1.195099115371704; 0.06944379955530167; -0.8538089990615845; 1.2681177854537964; 0.004641268867999315; 
410; 0.244429811835289; -0.5934421420097351; -0.6305974721908569; -0.8625228404998779; 0.9609512686729431; 0.10897374898195267; 
446; 0.5539904832839966; -0.5272303819656372; 0.042076606303453445; -0.7506342530250549; 0.9056403636932373; -0.003541538491845131; 
468; 0.8462538719177246; -0.8499835133552551; 0.3281387686729431; -0.4584771394729614; 1.0172677040100098; -0.0194158423691988; 
498; 0.9008634090423584; -0.5471273064613342; -0.007475927472114563; -0.6526601314544678; 1.0438045263290405; -0.11569638550281525; 
476; 0.40977776050567627; -0.8602939248085022; 0.0022608344443142414; -0.6293092370033264; 0.9184814095497131; 0.07443953305482864; 
454; 0.4908992648124695; -0.7316888570785522; -0.3929697275161743; -0.5465113520622253; 0.9109827280044556; -0.10348378121852875; 
449; 0.5825067758560181; -0.5259090662002563; -0.22845356166362762; -0.5884091258049011; 0.8361920118331909; 0.11315780878067017; 
469; 0.6413074135780334; -0.4612371027469635; -0.0023429349530488253; -0.5095556974411011; 1.1855871677398682; 0.05011064559221268; 
460; 0.1332544982433319; -0.6422821283340454; -0.15079820156097412; -0.5645933747291565; 1.0129938125610352; -0.10874054580926895; 
478; 1.1415705680847168; -0.6170887351036072; -0.22002364695072174; -0.6814731359481812; 1.0482124090194702; 0.1551479697227478; 
406; 1.3414033651351929; -0.35194268822669983; 0.2653134763240814; -0.8289671540260315; 1.2496755123138428; 0.010616938583552837; 
475; 0.6459570527076721; -0.7192153930664062; -0.30834460258483887; -0.6784987449645996; 1.0234405994415283; 0.18023543059825897; 
472; 0.2921196222305298; -0.9958182573318481; -0.6057212948799133; -0.465528666973114; 0.9947327375411987; 0.016144633293151855; 
459; 0.9921031594276428; -0.23328453302383423; -0.2596886456012726; -0.562707781791687; 1.48025381565094; -0.01997622847557068; 
455; 0.802464485168457; -0.481309711933136; 0.1984831690788269; -0.7792981266975403; 1.2584270238876343; -0.09031479060649872; 
462; 0.8538546562194824; -0.3268144428730011; -0.23727136850357056; -0.860980212688446; 0.9639303684234619; 0.1528702676296234; 
447; 0.7984570860862732; 0.0902121365070343; -0.053131818771362305; -0.781660795211792; 0.8287714719772339; -0.055353663861751556; 
482; 1.0099985599517822; -0.9300352334976196; -0.7935683131217957; -0.5713280439376831; 1.0474950075149536; 0.14646856486797333; 
494; 0.4374042749404907; -0.29191476106643677; -0.5539753437042236; -0.8059777617454529; 0.891788899898529; 0.07494667172431946; 
495; 0.9199000597000122; 0.0796893984079361; 0.5105956196784973; -0.6682596802711487; 0.8678714632987976; -0.05670884996652603; 
467; 0.26341351866722107; -0.8569221496582031; 0.09259240329265594; -0.7669383883476257; 0.8691849708557129; 0.10666472464799881; 
448; 0.6841195225715637; -0.8881129622459412; -0.1387210488319397; -0.6857777833938599; 1.2325801849365234; -0.07413321733474731; 
413; 0.9522287845611572; -0.2783977687358856; 0.3047430217266083; -0.6570128202438354; 1.2888412475585938; -0.2388332188129425; 
470; 0.8390441536903381; -0.7072465419769287; -0.07162870466709137; -0.4399057626724243; 0.8528567552566528; -0.05909879505634308; 
416; 0.9107565879821777; -0.7226897478103638; 0.16186277568340302; -0.8439056873321533; 0.8505756258964539; -0.015553785488009453; 
428; 0.6148961186408997; -0.45388615131378174; -0.4006034731864929; -0.44807279109954834; 1.0846471786499023; 0.1283869743347168; 
418; 0.5464239120483398; -0.6497651934623718; -0.12066888809204102; -0.8746165633201599; 1.0254887342453003; 0.20772264897823334; 
471; 0.5518243312835693; -1.0327528715133667; -0.11086928099393845; -0.6580175161361694; 1.0827336311340332; -0.05212096869945526; 
474; 0.6088271737098694; -0.7228309512138367; -0.07364765554666519; -0.7757260203361511; 1.1169264316558838; 0.05754338949918747; 
450; 0.08872807025909424; -0.7096691131591797; 0.08566290140151978; -0.6415387988090515; 0.7865486741065979; 0.016881171613931656; 
488; 0.978158712387085; -0.4610053300857544; -0.11605548113584518; -0.6965650320053101; 1.144362449645996; -0.05440901964902878; 
483; 0.2681916654109955; -0.9742567539215088; 0.31259870529174805; -0.7582454085350037; 1.109822392463684; -0.11831596493721008; 
473; 0.9229494333267212; -0.2735477387905121; 0.16396835446357727; -0.6764477491378784; 0.9594523906707764; -0.08448375761508942; 
417; 1.0898836851119995; -0.6291440725326538; -0.21758617460727692; -0.6863966584205627; 1.0959495306015015; -0.05146404355764389; 
429; 0.915769636631012; 0.006137765944004059; 0.020180288702249527; -0.8263859152793884; 1.0045950412750244; 0.19220149517059326; 
489; 0.831781804561615; -0.6550898551940918; -0.10932701826095581; -0.7671966552734375; 0.9846404194831848; 0.02208375558257103; 
491; 0.9242249131202698; -0.8363548517227173; -0.14577071368694305; -0.6730090379714966; 1.1281691789627075; 0.0668904036283493; 
456; 0.19094876945018768; -0.7160302996635437; -0.1405266970396042; -0.8146296143531799; 0.9602078199386597; 0.038715947419404984; 
427; 0.8087307810783386; -0.4954860508441925; 0.13001605868339539; -0.8080177307128906; 0.8964561820030212; 0.2469315230846405; 
487; 1.0726124048233032; -0.5682360529899597; 0.11175786703824997; -0.8852434754371643; 0.932906448841095; 0.1719508022069931; 
465; 0.7326512336730957; -0.5306816101074219; 0.13843752443790436; -0.7626433968544006; 1.003889799118042; 0.0400419756770134; 
426; 0.7604041695594788; -0.8152758479118347; -0.1090310737490654; -0.7815420031547546; 1.0619882345199585; -0.02838609553873539; 
461; 1.128711462020874; -0.3759542405605316; -0.25485873222351074; -0.5868601202964783; 1.0324842929840088; 0.0740632712841034; 
438; 1.2902992963790894; -1.4230140447616577; -0.6232631802558899; -0.9236767888069153; 1.208253026008606; -0.1562223732471466; 
437; 1.0963518619537354; -1.0566192865371704; -0.2495768815279007; -0.5835192203521729; 0.8525598049163818; -0.2231280654668808; 
466; 0.7495620250701904; -0.6634055376052856; 0.1083938330411911; -0.5610806345939636; 1.1876564025878906; 0.0878971740603447; 
451; 0.5712776184082031; -0.5458000302314758; 0.5813130736351013; -0.7263611555099487; 0.6547212600708008; -0.11499494314193726; 
443; 0.6183268427848816; -0.7836332321166992; 0.47907716035842896; -0.6626056432723999; 0.8994606137275696; 0.23612430691719055; 
493; 1.1000269651412964; -0.6345385909080505; 0.31948816776275635; -0.6275274157524109; 0.8474006056785583; 0.11405497044324875; 
481; 0.7909813523292542; -0.7413698434829712; -0.4165905714035034; -0.8945448398590088; 1.0304327011108398; -0.08455853909254074; 
425; 0.8669625520706177; -0.2621350884437561; 0.01621636003255844; -0.5826660990715027; 1.0659986734390259; -0.1913994699716568; 
490; 0.148788183927536; -0.3161222040653229; -0.004630034789443016; -0.627590537071228; 1.2402597665786743; -0.2322627753019333; 
439; 0.7227898240089417; -0.44668450951576233; 0.09373066574335098; -0.8217264413833618; 0.8773621916770935; 0.014904559589922428; 
463; 0.9129210710525513; -0.08071790635585785; 0.39000818133354187; -0.8326753377914429; 1.005324363708496; 0.036132797598838806; 
496; 1.0650925636291504; -0.13482904434204102; -0.08099710941314697; -0.6119846701622009; 0.9040928483009338; -0.19164735078811646; 
430; 0.7043095827102661; -0.17251169681549072; -0.21073856949806213; -0.6619094610214233; 1.1212570667266846; 0.2085796594619751; 
432; 0.706011950969696; -0.5337491631507874; 0.538892388343811; -0.6372220516204834; 0.9605851769447327; 0.024922462180256844; 
485; 0.22949741780757904; -0.5155463814735413; -0.38988566398620605; -0.7284137606620789; 1.0512598752975464; -0.1702507734298706; 
492; 1.071401834487915; -0.1915949136018753; -0.052982740104198456; -0.6662088632583618; 0.9698519110679626; 0.11930149793624878; 
431; 0.7554411888122559; -0.2022543102502823; 0.11970900744199753; -0.7192644476890564; 1.134171724319458; 0.14286281168460846; 
435; 1.102693796157837; -0.8076895475387573; 0.10244303941726685; -0.7318606972694397; 0.8636571764945984; 0.17032361030578613; 
436; 1.3121646642684937; -0.8395645618438721; -0.19325610995292664; -0.6258441805839539; 0.9048436880111694; -0.02605731599032879; 
414; 1.0801074504852295; 0.03810831531882286; 0.40477341413497925; -0.5203332901000977; 0.8965053558349609; 0.0717843770980835; 
479; 0.6898490190505981; -0.6725630760192871; -0.04869137331843376; -0.7639645338058472; 0.7623265981674194; 0.12901121377944946; 
457; 0.185474693775177; -0.1295885145664215; -0.01840585470199585; -0.7068705558776855; 1.0440068244934082; -0.0657963827252388; 
477; 1.04104745388031; -0.9831411838531494; 0.04090254753828049; -0.54131019115448; 0.7943669557571411; 0.06968982517719269; 
442; 0.18272805213928223; -0.9899259209632874; 0.5921916961669922; -0.7465083599090576; 0.9395034909248352; 0.06534314900636673; 
445; 0.19748711585998535; -0.217344731092453; 0.6490455269813538; -0.7074556946754456; 1.1502426862716675; 0.06447016447782516; 
440; 0.7272085547447205; -0.8243021965026855; -0.1398105025291443; -0.44819262623786926; 0.8954751491546631; -0.0344587080180645; 
444; 0.9115791320800781; -0.5992742776870728; 0.2994018495082855; -0.5202252864837646; 1.0764652490615845; 0.005640588700771332; 
441; 0.6626540422439575; -0.4564340114593506; 0.06364919990301132; -0.7354564666748047; 1.1574821472167969; -0.02301393449306488; 
452; 0.8113374710083008; -0.5921825766563416; -0.1670818030834198; -0.6353548169136047; 0.9951614141464233; 0.1028987467288971; 
458; 0.7144472599029541; -0.30393150448799133; -0.1319505274295807; -0.695604145526886; 0.9926221370697021; 0.045989181846380234; 
415; 0.6440708041191101; -0.5262011289596558; 0.15918028354644775; -0.7848384976387024; 0.972096860408783; 0.11525863409042358; 
497; 0.23782546818256378; -0.3958289623260498; -0.34412163496017456; -0.5870439410209656; 0.9019889831542969; -0.22003678977489471; 
480; 0.5481376051902771; -0.8012614846229553; -0.2364393174648285; -0.762100100517273; 0.8359335660934448; 0.029471267014741898; 
434; 0.27327197790145874; -0.18687018752098083; 0.31404179334640503; -0.6905933022499084; 0.9629562497138977; -0.018511813133955002; 
486; 0.6926624178886414; -0.7835150361061096; -0.0015684645622968674; -0.7806922793388367; 0.9459197521209717; 0.005446675233542919; 
484; 0.7209031581878662; -0.029552007094025612; -0.3149998188018799; -0.6239421367645264; 0.8195754289627075; 0.02598421834409237; 
464; 0.5622125864028931; -0.9000419974327087; -0.16165722906589508; -0.9619458317756653; 1.0045477151870728; -0.017258547246456146; 
499; 0.5524678826332092; -0.4999377429485321; -0.6741989254951477; -0.5810992121696472; 0.6074953675270081; 0.05181805044412613; 
500; 0.9647493958473206; 0.10263648629188538; -0.6761574745178223; -0.6081688404083252; 1.2011312246322632; -0.017369743436574936; 
501; 0.31825369596481323; -1.2302861213684082; -0.1305960863828659; -0.7369240522384644; 1.1309490203857422; -0.03122461587190628; 
503; 0.8853979110717773; -0.06908886134624481; -0.14009025692939758; -0.7735511064529419; 1.0420364141464233; -0.04360709711909294; 
502; 0.6091455817222595; -0.5765458941459656; 0.6205678582191467; -0.6352260708808899; 1.167715311050415; -0.008142627775669098; 
505; 0.5607844591140747; -0.15342803299427032; 0.16369274258613586; -0.610535740852356; 1.2829279899597168; -0.18884225189685822; 
504; 0.6015744209289551; -0.641237735748291; -0.2415052056312561; -0.5945556163787842; 0.9809540510177612; 0.06771330535411835; 
