58; 1.3639039993286133; 0.3041091561317444; 1.0464072227478027; -0.38602176308631897; 1.297309398651123; 0.2152097076177597; 
6; 1.0510097742080688; -0.06305736303329468; 0.3015729486942291; -0.6324619054794312; 1.4204726219177246; 0.10635021328926086; 
14; 1.8498882055282593; 0.3521326780319214; 0.7488248944282532; -0.3669790029525757; 1.309016466140747; 0.5724995136260986; 
13; 1.152995228767395; 0.32636409997940063; 0.7684582471847534; -0.3726513981819153; 1.505232572555542; 0.35527169704437256; 
65; 1.3211671113967896; 0.4884808659553528; 0.46765193343162537; -0.34221675992012024; 1.1017882823944092; 0.062299877405166626; 
17; 1.7151730060577393; 0.7798075079917908; 0.6707270741462708; -0.511599063873291; 1.1420018672943115; 0.33153223991394043; 
24; 1.7933342456817627; 0.8298861384391785; 1.2728606462478638; -0.3008243441581726; 1.2366507053375244; 0.3710181713104248; 
30; 1.6605496406555176; 0.20085430145263672; 0.6960077285766602; -0.0039064884185791016; 1.3986879587173462; 0.30549049377441406; 
48; 1.36893630027771; 0.6469421982765198; 0.7734246253967285; -0.4537932276725769; 1.3878722190856934; 0.12202264368534088; 
4; 1.2389050722122192; 0.09039276838302612; 0.6779692769050598; -0.3430430293083191; 1.4665560722351074; 0.24283182621002197; 
19; 1.3953197002410889; 0.6197338104248047; 0.9178120493888855; -0.4659022390842438; 1.2997405529022217; 0.3587183654308319; 
90; 1.0667829513549805; 0.528925895690918; 0.6908078193664551; -0.3594387173652649; 1.1106504201889038; 0.47478872537612915; 
15; 1.1402565240859985; 0.032157301902770996; 0.811987042427063; -0.6679505109786987; 1.2348304986953735; 0.12172803282737732; 
64; 1.646509051322937; 0.3840809464454651; 0.7615192532539368; -0.31241488456726074; 1.5981955528259277; 0.289393812417984; 
66; 0.7382593154907227; 0.4492955505847931; 0.6486378908157349; -0.6170439124107361; 1.2908828258514404; 0.5365809202194214; 
93; 1.6416878700256348; 0.28440484404563904; 0.5409194827079773; -0.06454762816429138; 1.025397777557373; 0.12745355069637299; 
91; 1.5362598896026611; 0.18974381685256958; 1.2101000547409058; -0.42486947774887085; 1.6298906803131104; 0.43944674730300903; 
99; 1.2892577648162842; 0.8324686288833618; 0.5016909837722778; -0.5842059850692749; 1.1002376079559326; 0.26089879870414734; 
95; 1.4030988216400146; 0.6042972803115845; 1.00673508644104; -0.20431014895439148; 1.3795804977416992; 0.33410677313804626; 
33; 1.0239264965057373; -0.2477373480796814; 0.4619116187095642; -0.25503042340278625; 1.424269437789917; 0.4217905104160309; 
22; 1.3583862781524658; 0.32338833808898926; 0.4937940239906311; -0.2408299446105957; 1.1717957258224487; 0.10716626048088074; 
26; 1.1729692220687866; 0.44600173830986023; 0.25738152861595154; -0.44160914421081543; 1.1136643886566162; 0.3302736282348633; 
49; 1.6890065670013428; 0.04658931493759155; 0.6830547451972961; -0.3831067681312561; 1.143939733505249; 0.08540533483028412; 
16; 1.0925748348236084; -0.18010038137435913; 0.46264445781707764; -0.6143889427185059; 1.180492877960205; 0.12480413168668747; 
57; 1.3582260608673096; 0.5719863176345825; 0.7661540508270264; -0.5639101266860962; 1.1751956939697266; -0.005066007375717163; 
23; 1.5813837051391602; 0.9287298917770386; 0.5352244973182678; -0.48455050587654114; 1.4149198532104492; 0.13527633249759674; 
20; 1.2735753059387207; 0.3820807933807373; 0.13221579790115356; -0.6299479603767395; 1.2887725830078125; 0.15805914998054504; 
68; 0.8107591271400452; -0.194738507270813; 0.9899210333824158; -0.5294704437255859; 1.297410488128662; 0.19012410938739777; 
92; 1.0863922834396362; 0.4693824052810669; 1.1717820167541504; -0.8519434928894043; 1.0299327373504639; 0.11561071872711182; 
60; 1.2769756317138672; 0.8006069660186768; 0.8354596495628357; -0.4579337239265442; 1.3874216079711914; 0.47149962186813354; 
88; 1.2808196544647217; 0.4009770154953003; 1.3097678422927856; -0.258796751499176; 1.42824125289917; 0.44691896438598633; 
 
32; 1.2654355764389038; 0.5392512083053589; 0.5199517011642456; -0.291204035282135; 1.332639217376709; 0.4267914891242981; 
40; 1.2963727712631226; 0.30225491523742676; 0.7708340883255005; -0.5465751886367798; 1.455387830734253; 0.23522834479808807; 
18; 1.3879377841949463; 0.4777386784553528; 0.30389755964279175; -0.3624691367149353; 1.39912748336792; 0.09866027534008026; 
94; 1.3501073122024536; 0.23229306936264038; 0.498243510723114; -0.3440539836883545; 1.5208017826080322; 0.1431206464767456; 
3; 1.1412073373794556; 0.55771404504776; 0.815700888633728; -0.25534188747406006; 1.34273099899292; 0.29610493779182434; 
29; 1.5497158765792847; -0.030393898487091064; 0.5181643962860107; -0.279333233833313; 1.4431453943252563; 0.1967233419418335; 
89; 1.7907929420471191; 0.6076398491859436; 0.04311847686767578; -0.14220070838928223; 1.2534472942352295; 0.4678014814853668; 
56; 1.458648681640625; 0.09190988540649414; 0.8432500958442688; -0.38811415433883667; 1.3320130109786987; 0.3024657964706421; 
82; 1.2151989936828613; 0.21276235580444336; 0.6973307132720947; -0.36089640855789185; 1.4580495357513428; 0.4356730580329895; 
59; 1.2814863920211792; 0.04694473743438721; 0.4445638060569763; -0.18740195035934448; 1.3377182483673096; 0.2910248339176178; 
72; 1.441777229309082; 0.0005750060081481934; 0.9264117479324341; -0.3430534601211548; 1.509116291999817; 0.36432966589927673; 
97; 1.3826093673706055; 0.9135897755622864; 0.7172597050666809; -0.5440236330032349; 1.4490714073181152; 0.21068331599235535; 
39; 1.284212350845337; 0.7137221693992615; 0.614189863204956; -0.3038473129272461; 1.3706238269805908; 0.3195684850215912; 
37; 1.1885308027267456; 0.04358839988708496; 0.1880110204219818; -0.4264097511768341; 1.176743745803833; 0.07977807521820068; 
81; 1.477445125579834; 0.1926335096359253; 0.2619618773460388; -0.7308529615402222; 1.1821658611297607; 0.18328841030597687; 
70; 1.1065218448638916; 0.45087170600891113; 0.6516342759132385; -0.31679829955101013; 1.1133167743682861; 0.6409733295440674; 
2; 1.4049724340438843; 0.2890923023223877; 0.8264403343200684; -0.4108082950115204; 1.3103504180908203; 0.06958456337451935; 
25; 1.0318150520324707; -0.10349345207214355; 0.6566301584243774; -0.5340923070907593; 1.2177727222442627; 0.4893605709075928; 
9; 1.068547010421753; 0.6269951462745667; -0.1738874912261963; -0.5309352874755859; 1.3432371616363525; 0.25400644540786743; 
27; 1.1945466995239258; -0.21561545133590698; 0.4643964469432831; -0.36505287885665894; 1.3652493953704834; 0.3653430640697479; 
69; 1.4712390899658203; 0.5181576013565063; 0.6532453298568726; -0.4493263363838196; 1.29938542842865; 0.09252634644508362; 
63; 1.4199013710021973; 0.7900375127792358; 0.9934389591217041; -0.1880382001399994; 1.699476957321167; 0.2936992645263672; 
67; 1.826307773590088; 0.4448116421699524; 0.499891996383667; -0.6487644910812378; 1.232696533203125; 0.3962259888648987; 
0; 1.0771673917770386; 0.11624056100845337; 0.8055161237716675; -0.4768165946006775; 1.4276632070541382; 0.16258397698402405; 
35; 1.193514108657837; 0.5181996822357178; 0.7868640422821045; -0.2611808776855469; 1.1004023551940918; 0.1887371838092804; 
10; 1.396378755569458; -0.7100095748901367; 0.30307334661483765; -0.4193386733531952; 1.4815714359283447; 0.4071989059448242; 
43; 1.616468071937561; 0.22486335039138794; 0.34598416090011597; -0.4970622658729553; 1.53235924243927; 0.5464732646942139; 
1; 1.5584332942962646; 0.21791046857833862; 0.6075910329818726; -0.5836175680160522; 1.4789574146270752; 0.15515124797821045; 
8; 1.2698861360549927; -0.4749792814254761; 0.4506531357765198; -0.3485751152038574; 1.1295486688613892; 0.6605234146118164; 
61; 1.3364200592041016; 0.35166168212890625; 0.4368648827075958; -0.6374796628952026; 1.3932411670684814; 0.37119829654693604; 
11; 1.1694598197937012; 0.18264728784561157; 0.9481337070465088; -0.22216549515724182; 1.1540791988372803; 0.4370468854904175; 
98; 1.195052981376648; 0.5075192451477051; 1.0215495824813843; -0.1959362030029297; 1.2964446544647217; 0.45945629477500916; 
12; 0.9331966638565063; 0.48728927969932556; 0.41397222876548767; -0.4198697805404663; 1.1503686904907227; 0.030335381627082825; 
42; 1.206170916557312; 0.24918794631958008; 0.5843884944915771; -0.4107760787010193; 1.3261584043502808; 0.3306730389595032; 
74; 1.2535240650177002; 0.3772442042827606; 0.523081362247467; -0.6075102686882019; 1.3143858909606934; 0.05339929461479187; 
55; 1.7793874740600586; -0.16937559843063354; 0.9867237210273743; -0.23895636200904846; 1.121936559677124; 0.3608641028404236; 
75; 1.7160193920135498; 0.07879382371902466; 0.6333701610565186; -0.2861649990081787; 1.3147250413894653; 0.14779770374298096; 
87; 1.6329621076583862; -0.006580352783203125; 0.526001513004303; -0.2840457558631897; 1.231397271156311; 0.007500603795051575; 
47; 0.8561542630195618; 0.14347761869430542; 0.6556368470191956; -0.36167049407958984; 1.1702358722686768; 0.27690380811691284; 
77; 1.3388566970825195; -0.11209803819656372; 0.9710015058517456; -0.3336678147315979; 1.425654411315918; 0.21269196271896362; 
7; 1.0348200798034668; -0.4023856520652771; 0.7494024634361267; -0.4655013680458069; 1.0810357332229614; 0.15538229048252106; 
51; 1.3034738302230835; -0.024185597896575928; 0.7573798894882202; -0.456496000289917; 1.3128998279571533; 0.23632702231407166; 
44; 1.3349045515060425; -0.17094355821609497; 0.8993995189666748; -0.3258868157863617; 1.242856740951538; 0.022578835487365723; 
36; 1.184929609298706; 0.7970467805862427; 0.18743282556533813; -0.1261502504348755; 1.5513558387756348; 0.26727283000946045; 
62; 0.9042621850967407; 0.48964986205101013; 0.9859635829925537; -0.3733883798122406; 1.3087040185928345; 0.3130953311920166; 
73; 1.0090285539627075; -0.028319835662841797; 1.228621244430542; -0.3586101830005646; 1.48854398727417; 0.13170890510082245; 
80; 1.330725908279419; 0.37081292271614075; 0.6475851535797119; -0.38971543312072754; 1.4215734004974365; 0.22206056118011475; 
85; 1.0838093757629395; -0.01982104778289795; 0.626324474811554; -0.49014508724212646; 1.0558053255081177; 0.17392514646053314; 
50; 0.9972622990608215; 0.15435492992401123; 0.4554367661476135; -0.1377861350774765; 1.2710227966308594; 0.3137420415878296; 
52; 1.3389676809310913; -0.08795124292373657; 0.9150794148445129; -0.4357856810092926; 1.0135700702667236; 0.26243317127227783; 
46; 1.1829698085784912; 0.5857553482055664; -0.09303262829780579; -0.6826910972595215; 1.1676476001739502; 0.2995924651622772; 
28; 0.9135095477104187; 0.3316458761692047; 0.5009174942970276; -0.5596665143966675; 0.9857285022735596; 0.34732478857040405; 
38; 1.4484646320343018; 0.7148761749267578; 0.7904538512229919; -0.350468248128891; 1.605294108390808; 0.2024947553873062; 
83; 1.8102202415466309; 0.8500857353210449; 0.5771300792694092; -0.3363683521747589; 1.218255877494812; 0.04446189105510712; 
34; 1.1240178346633911; 0.27044451236724854; 0.6895308494567871; -0.3311431407928467; 1.2569698095321655; 0.1824815273284912; 
76; 1.1885106563568115; -0.04647183418273926; 0.9486092925071716; -0.5607906579971313; 1.3433334827423096; 0.13523775339126587; 
5; 1.0324478149414062; 0.311369389295578; 0.4129844307899475; -0.3483927845954895; 0.955114483833313; 0.24906764924526215; 
78; 1.1476536989212036; 0.5923200249671936; 0.3596439063549042; -0.38230228424072266; 1.3721177577972412; 0.15359172224998474; 
45; 1.2608797550201416; 0.5291224718093872; 0.935509204864502; -0.3070257604122162; 1.0938441753387451; 0.6221112012863159; 
53; 1.1703176498413086; 0.4905335605144501; 0.3875473141670227; -0.42676421999931335; 1.0540512800216675; 0.18809372186660767; 
54; 1.4276422262191772; 0.4796047508716583; 0.3622254729270935; -0.48985087871551514; 1.3165068626403809; 0.300493061542511; 
96; 1.4292325973510742; 0.07607829570770264; 0.606289267539978; -0.1892765462398529; 1.3229975700378418; 0.13173505663871765; 
79; 1.2666867971420288; 0.23385709524154663; 1.332593560218811; -0.35359108448028564; 1.322339415550232; 0.4194920063018799; 
84; 1.4713656902313232; 0.10564690828323364; 0.7276440262794495; -0.2842158079147339; 1.4132333993911743; 0.27383866906166077; 
41; 1.1342045068740845; 0.5458283424377441; 0.689668595790863; -0.36460787057876587; 1.0755956172943115; 0.31677761673927307; 
31; 1.1829071044921875; -0.1655052900314331; 0.9978793859481812; -0.638512372970581; 1.2562448978424072; 0.3106021285057068; 
86; 1.2595562934875488; -0.1195327639579773; 0.7007284164428711; -0.38997071981430054; 1.0909616947174072; 0.46014514565467834; 
71; 1.087430715560913; 0.3752189874649048; -0.525252640247345; -0.3105891942977905; 1.3202099800109863; 0.3750249147415161; 
163; 0.9837111830711365; 0.040217041969299316; 0.6836704611778259; -0.3262358605861664; 1.3029656410217285; 0.26312682032585144; 
162; 1.4482061862945557; 0.5070416331291199; 0.7325394153594971; -0.2911812663078308; 1.537859320640564; 0.31703972816467285; 
176; 1.4973604679107666; 0.3380843997001648; 0.712221086025238; -0.476310133934021; 1.3259055614471436; 0.23867177963256836; 
111; 1.1673011779785156; 0.30876803398132324; 0.8620061874389648; -0.6115602254867554; 1.0373812913894653; 0.377147376537323; 
164; 1.1761385202407837; 0.23826202750205994; 0.5065857172012329; -0.4139290153980255; 1.1418758630752563; 0.16067461669445038; 
104; 1.1101760864257812; 0.2783474624156952; 0.34187549352645874; -0.6098495721817017; 1.2113680839538574; 0.18529702723026276; 
170; 0.6789969801902771; 0.18477755784988403; 0.21718943119049072; -0.3444869816303253; 1.5041979551315308; 0.297367662191391; 
157; 1.5306594371795654; -0.2606316804885864; 0.7163976430892944; -0.48006054759025574; 1.1449700593948364; 0.4667154848575592; 
112; 1.6041033267974854; 0.5202063918113708; 0.23870709538459778; -0.5571252703666687; 1.0386569499969482; 0.18601641058921814; 
171; 1.030245065689087; 0.5475432872772217; 0.7056832909584045; -0.3403577506542206; 1.2426419258117676; 0.28051066398620605; 
106; 1.28369140625; 0.1528993844985962; 0.36183643341064453; -0.5171725749969482; 1.4637880325317383; 0.13060717284679413; 
100; 0.6441965103149414; 0.6697520017623901; 0.6938976049423218; -0.3282245993614197; 1.0108330249786377; 0.3137664198875427; 
103; 1.811676263809204; 0.722673237323761; 0.6577866673469543; -0.39264199137687683; 1.2214685678482056; 0.1832580268383026; 
156; 1.4527862071990967; 0.49057114124298096; 0.6222256422042847; -0.6276952624320984; 1.4194977283477783; 0.17961977422237396; 
123; 1.2962532043457031; -0.48803287744522095; 0.5404925346374512; -0.37634170055389404; 1.2248080968856812; 0.2126835584640503; 
107; 0.9613944292068481; -0.03108072280883789; 0.6090604066848755; -0.5715049505233765; 1.405942678451538; 0.4588429927825928; 
145; 1.3556134700775146; 0.6708232164382935; 0.17247188091278076; -0.40270254015922546; 1.357309341430664; 0.5179563760757446; 
127; 1.4104702472686768; 0.24211880564689636; 0.448459267616272; -0.40855738520622253; 0.9897141456604004; 0.4407542645931244; 
129; 1.7189667224884033; 0.458385705947876; 0.028098642826080322; -0.7703239321708679; 1.4625771045684814; 0.5578085780143738; 
122; 1.1083377599716187; 0.17064356803894043; 1.0306169986724854; -0.39131879806518555; 1.2792975902557373; 0.11815080046653748; 
181; 1.647589921951294; 0.5368576645851135; 0.7379226684570312; -0.6269635558128357; 1.1761335134506226; 0.3465748727321625; 
121; 1.2047815322875977; -0.2440541386604309; 0.4990164339542389; -0.5942590832710266; 1.399227499961853; 0.42387303709983826; 
161; 1.2339296340942383; 0.08960855007171631; 0.6704481244087219; -0.534093976020813; 1.3517292737960815; 0.12222528457641602; 
117; 1.407017707824707; -0.32468611001968384; 0.9365279674530029; -0.33059853315353394; 1.2484123706817627; 0.3869662582874298; 
105; 1.473333477973938; 0.29931366443634033; 1.0122302770614624; -0.3199717402458191; 1.3467072248458862; 0.3979698419570923; 
110; 0.9879797697067261; 0.19863098859786987; 0.303911030292511; -0.4077030420303345; 1.150817632675171; 0.08180858194828033; 
114; 1.4841299057006836; 0.27393192052841187; 0.7046307921409607; -0.30626729130744934; 1.0882740020751953; 0.3539431095123291; 
169; 1.72011399269104; 0.045146405696868896; 0.004160165786743164; -0.16540959477424622; 1.1439862251281738; 0.3630344569683075; 
180; 1.2843017578125; 0.5640749931335449; 0.13146129250526428; -0.25365930795669556; 1.2836157083511353; 0.06430383026599884; 
168; 0.6988915205001831; 0.16553187370300293; 0.7834008932113647; -0.4578235149383545; 1.2059932947158813; -0.019386738538742065; 
148; 1.5860038995742798; 0.34645453095436096; 0.5892850160598755; -0.38977593183517456; 1.4767305850982666; 0.593525767326355; 
183; 1.7325615882873535; 0.11877590417861938; 0.9111908674240112; -0.36180898547172546; 1.2518460750579834; 0.4709755778312683; 
102; 1.3062288761138916; 0.10606318712234497; 0.09412389993667603; -0.6362906694412231; 1.615036964416504; 0.3911716341972351; 
167; 1.1313420534133911; 0.2564461827278137; -0.09419786930084229; -0.45491763949394226; 1.350888729095459; -0.006742030382156372; 
185; 0.9341614246368408; 0.515831470489502; 0.6748661994934082; -0.2742345631122589; 1.3927819728851318; 0.4405696392059326; 
182; 1.0730061531066895; 0.2868366241455078; 0.9216229915618896; -0.5485690832138062; 1.1780799627304077; 0.3950938880443573; 
195; 1.121189832687378; 0.6779374480247498; 0.7209932208061218; -0.40158790349960327; 1.1048645973205566; 0.03452719748020172; 
153; 1.6869864463806152; 0.012433350086212158; 0.6217224597930908; -0.4449438750743866; 1.170036792755127; 0.3976125717163086; 
197; 1.2219452857971191; -0.04864117503166199; 0.9127812385559082; -0.4812837839126587; 1.4069311618804932; 0.22293305397033691; 
188; 1.3534033298492432; 0.704905092716217; 0.4641459584236145; -0.05966395139694214; 1.490199327468872; 0.39068296551704407; 
126; 1.3560210466384888; -0.02856898307800293; 0.14426100254058838; -0.4865700602531433; 1.1246932744979858; 0.21423251926898956; 
184; 1.167680025100708; -0.34028905630111694; 0.49301961064338684; -0.42357102036476135; 1.3550775051116943; 0.0679243803024292; 
128; 1.6753367185592651; -0.0826253890991211; 0.45468729734420776; -0.6177088022232056; 1.264585018157959; 0.2359907627105713; 
125; 0.5667040944099426; 0.27454692125320435; 0.14677488803863525; -0.5526344180107117; 1.2078388929367065; 0.3229624927043915; 
165; 1.7236220836639404; 0.31185322999954224; 0.8242180347442627; -0.4776837229728699; 1.4558334350585938; 0.15186095237731934; 
174; 0.992946207523346; 0.27673715353012085; 0.3549056351184845; -0.5595294237136841; 1.2286254167556763; 0.20109498500823975; 
196; 0.995510458946228; 0.7817788124084473; 0.6168174743652344; -0.39226987957954407; 1.305240511894226; 0.2255478799343109; 
155; 1.4488983154296875; -0.10614019632339478; 0.5591924786567688; -0.6060227155685425; 1.2554705142974854; 0.3102763295173645; 
175; 0.6788877248764038; 0.30541396141052246; 0.2989261746406555; -0.577065110206604; 1.0937352180480957; 0.10599924623966217; 
108; 1.7121434211730957; 0.29136985540390015; 0.2863386571407318; -0.31304091215133667; 1.2034621238708496; 0.3930045962333679; 
151; 1.3036316633224487; 0.5565530061721802; 0.5272307395935059; -0.2057850956916809; 1.1088005304336548; 0.3979189395904541; 
130; 0.8150090575218201; 0.4595474600791931; 0.569683313369751; -0.7013386487960815; 1.3558707237243652; 0.3108941316604614; 
 
186; 1.0743827819824219; 0.0977746844291687; 0.25186267495155334; -0.7171481251716614; 1.3735458850860596; 0.13914981484413147; 
150; 1.2966811656951904; 0.36465001106262207; 1.2735481262207031; -0.37079158425331116; 1.4003121852874756; 0.4798000454902649; 
198; 1.3087241649627686; 0.05500459671020508; 0.744229257106781; -0.4172191619873047; 1.121791124343872; 0.1343679428100586; 
75; 
113; 1.122653603553772; 0.28119951486587524; 0.9492371082305908; -0.3275819718837738; 1.4887646436691284; 0.3780863881111145; 
173; 1.0886211395263672; 0.001422286033630371; 0.300118088722229; -0.4644879996776581; 1.074458360671997; 0.1022803857922554; 
132; 0.8099783658981323; 0.25110170245170593; 0.9642428159713745; -0.5168576240539551; 0.9369535446166992; 0.28235167264938354; 
124; 0.9885931015014648; 0.21068650484085083; 0.30009886622428894; -0.6269608736038208; 1.3516349792480469; 0.3094920516014099; 
118; 1.509737491607666; 0.4262385666370392; 0.33068549633026123; -0.473672479391098; 1.1571905612945557; 0.1582442820072174; 
119; 1.595742106437683; 0.20496433973312378; 0.4158281683921814; -0.32308584451675415; 0.9870147705078125; 0.3847807049751282; 
194; 1.3354862928390503; 0.9051548838615417; 0.4858306646347046; -0.35697266459465027; 1.3146673440933228; 0.3646710515022278; 
101; 1.2689850330352783; 0.5678555369377136; 1.2802788019180298; -0.38549214601516724; 1.2354545593261719; 0.25984856486320496; 
135; 1.2315783500671387; 0.29103994369506836; 0.06155306100845337; -0.26309844851493835; 1.1011879444122314; 0.41250813007354736; 
131; 1.0977402925491333; -0.01802462339401245; 0.6168200373649597; -0.44127270579338074; 1.043015956878662; 0.20885251462459564; 
137; 1.1206953525543213; 0.15868276357650757; 0.8795287609100342; -0.5145413279533386; 0.9562333822250366; 0.22092226147651672; 
193; 1.2218372821807861; 0.6623056530952454; 0.7293229103088379; -0.24420851469039917; 1.2367581129074097; 0.28747180104255676; 
159; 1.834404706954956; 0.5094144344329834; 1.1635525226593018; -0.5288072824478149; 1.4403162002563477; 0.3404642939567566; 
149; 1.4026060104370117; 0.5724441409111023; 0.275541752576828; -0.3295910954475403; 0.9179948568344116; 0.5283645987510681; 
115; 1.3191577196121216; 0.1496417224407196; 0.48539990186691284; -0.272643506526947; 1.0336087942123413; 0.27001461386680603; 
120; 1.1705222129821777; 0.13701945543289185; 0.48749181628227234; -0.2806814908981323; 1.0805193185806274; 0.3310653567314148; 
166; 1.0287373065948486; 0.1571131944656372; 1.1573636531829834; -0.30521154403686523; 1.3412821292877197; 0.30191895365715027; 
147; 1.1370422840118408; -0.13326537609100342; 1.0120325088500977; -0.341137170791626; 1.6322890520095825; 0.10751475393772125; 
192; 1.1316512823104858; 0.26152896881103516; -0.012954115867614746; -0.4312330484390259; 1.4720566272735596; 0.20498265326023102; 
146; 1.4802732467651367; 0.6466533541679382; 1.0710055828094482; -0.6320657730102539; 1.1538827419281006; 0.2199842482805252; 
136; 1.2212936878204346; -0.47121554613113403; 0.7254916429519653; -0.34557825326919556; 1.211595892906189; 0.010194331407546997; 
199; 1.0687687397003174; 0.24202287197113037; 0.22959193587303162; -0.3620080351829529; 1.5060901641845703; 0.2934759259223938; 
144; 1.1552445888519287; 0.588312566280365; -0.13003098964691162; -0.5655579566955566; 1.1501643657684326; 0.19658155739307404; 
189; 1.3943345546722412; 0.2861824035644531; 0.5793001651763916; -0.5383642911911011; 0.9981584548950195; 0.1431727409362793; 
139; 1.5320703983306885; -0.18268781900405884; 0.5110100507736206; -0.3708499073982239; 1.1543607711791992; 0.4040096700191498; 
187; 1.3539862632751465; 0.10707217454910278; 0.5798047184944153; -0.5822415351867676; 1.1129093170166016; 0.4144722521305084; 
116; 1.3651556968688965; 0.18281900882720947; 0.40898048877716064; -0.7188624739646912; 1.1101276874542236; 0.18402990698814392; 
143; 1.040900707244873; 0.3241271674633026; 0.39083024859428406; -0.4431861340999603; 1.0834250450134277; 0.05773460119962692; 
172; 1.565311074256897; 0.3488577604293823; 0.5832502245903015; -0.5700511932373047; 1.1864354610443115; 0.291398823261261; 
154; 1.2533280849456787; 0.15446144342422485; 0.5066695213317871; -0.23185011744499207; 1.3524560928344727; 0.4569229781627655; 
152; 0.9698596000671387; 0.30775123834609985; 0.3441382646560669; -0.4850062131881714; 1.0817469358444214; 0.23898270726203918; 
160; 1.266040325164795; 0.31998103857040405; 0.4435696601867676; -0.512227475643158; 1.0798914432525635; 0.39991649985313416; 
178; 1.3016159534454346; 0.1941068470478058; -0.08442026376724243; -0.3249686062335968; 1.2873389720916748; 0.021578773856163025; 
190; 1.1924721002578735; 0.10215187072753906; 0.6857637166976929; -0.5555274486541748; 1.2354567050933838; 0.45131736993789673; 
134; 1.6456084251403809; 0.5976626873016357; 1.2141462564468384; -0.36001187562942505; 1.3962483406066895; 0.43911290168762207; 
158; 1.1009690761566162; 0.7254357933998108; 0.8382497429847717; -0.3409092128276825; 0.979620099067688; 0.510819137096405; 
179; 1.5049102306365967; 0.7471408843994141; 0.9208446145057678; -0.15699473023414612; 1.073552131652832; 0.2798362374305725; 
138; 1.491654634475708; 0.5171932578086853; 0.7180996537208557; -0.3593091070652008; 1.4631853103637695; 0.46537673473358154; 
140; 0.9142009019851685; -0.11469942331314087; 0.026843488216400146; -0.3898550271987915; 1.3933461904525757; 0.26305902004241943; 
141; 1.2008925676345825; 0.46831876039505005; 0.8168584108352661; -0.17819252610206604; 1.2390199899673462; 0.15856924653053284; 
191; 1.4584710597991943; 0.5240011215209961; 0.7489119172096252; -0.5516036748886108; 1.3299345970153809; 0.13494013249874115; 
177; 0.7758599519729614; 0.4238349199295044; 0.6782056093215942; -0.3761447072029114; 1.1972641944885254; 0.4751121997833252; 
249; 1.4388387203216553; -0.06182658672332764; 0.8034259676933289; -0.26148930191993713; 1.5342333316802979; 0.36256206035614014; 
242; 1.193303108215332; -0.0708349347114563; 0.779232919216156; -0.4574478566646576; 1.1973646879196167; -0.004592180252075195; 
219; 1.3881442546844482; 0.4158656895160675; 0.05240750312805176; -0.37906885147094727; 1.2382949590682983; 0.3007030487060547; 
222; 1.3389267921447754; 0.2739027738571167; 0.9582103490829468; -0.40591171383857727; 1.3954709768295288; 0.1525156944990158; 
223; 1.3906371593475342; -0.02775365114212036; 0.8337106704711914; -0.2603493630886078; 1.0887775421142578; 0.3432334363460541; 
280; 1.5591716766357422; 0.590133547782898; 0.7040996551513672; -0.10711371898651123; 1.4977294206619263; 0.3891945779323578; 
238; 1.4057400226593018; 0.8269903659820557; 0.8082161545753479; -0.399482786655426; 1.2511255741119385; 0.22336336970329285; 
202; 0.5532481670379639; -0.6441786885261536; 0.6586610078811646; -0.48221445083618164; 1.1330740451812744; 0.29687267541885376; 
217; 0.8673473596572876; 0.36246025562286377; 0.8729936480522156; -0.20721998810768127; 0.9073957204818726; 0.10378603637218475; 
205; 1.4355162382125854; 0.6797422170639038; 0.952877938747406; -0.2865559160709381; 0.9984031319618225; 0.1448618620634079; 
218; 1.0928171873092651; 0.7469221949577332; 0.5287455916404724; -0.5159326195716858; 1.4631060361862183; 0.09726959466934204; 
215; 1.5275346040725708; 0.34045612812042236; 0.1288515329360962; -0.5659656524658203; 1.3491871356964111; -0.034667789936065674; 
251; 1.3237006664276123; 0.38068342208862305; 0.2648457884788513; -0.3218773305416107; 1.1468300819396973; 0.1451990157365799; 
281; 1.3575438261032104; -0.27309733629226685; 0.8683933019638062; -0.7847568988800049; 1.7275989055633545; 0.35588011145591736; 
279; 1.2187505960464478; 0.09660482406616211; 0.7750210762023926; -0.33534398674964905; 1.4122369289398193; 0.3421812653541565; 
282; 1.1219196319580078; 0.3198210299015045; 0.6495570540428162; -0.5937052965164185; 1.4244132041931152; 0.5496681332588196; 
212; 1.3775376081466675; 0.7285135388374329; 0.5468474626541138; -0.508150041103363; 1.2764918804168701; 0.2617163062095642; 
241; 1.1696481704711914; -0.20376133918762207; 0.654068648815155; -0.6466115117073059; 1.223952054977417; 0.08666040003299713; 
206; 0.9642378091812134; -0.24173343181610107; 0.65708988904953; -0.3894509971141815; 1.606641411781311; 0.3221568763256073; 
234; 1.7913264036178589; 0.19581741094589233; 0.8451961278915405; -0.6344118714332581; 1.2171589136123657; 0.5484678149223328; 
248; 1.238736629486084; 0.3455027639865875; 0.5511723160743713; -0.5265642404556274; 1.0580766201019287; 0.27078619599342346; 
266; 1.5627284049987793; 0.37319737672805786; 0.5659919381141663; -0.257834792137146; 1.2222590446472168; 0.28579428791999817; 
207; 1.1584635972976685; 0.768602728843689; 1.0285289287567139; -0.47553277015686035; 1.3906461000442505; 0.10973452031612396; 
203; 0.9225375652313232; 0.2307087779045105; 0.5343294143676758; -0.4094700217247009; 1.3695042133331299; 0.16543155908584595; 
245; 1.1736702919006348; -0.06847447156906128; 0.6013545989990234; -0.39675891399383545; 1.1480892896652222; 0.3655901253223419; 
214; 1.1440833806991577; -0.3422467112541199; 0.4112429618835449; -0.2487306147813797; 1.0546942949295044; 0.05688544362783432; 
260; 1.2982289791107178; 0.28813329339027405; 0.5428866147994995; -0.47997575998306274; 1.3458771705627441; 0.2945786118507385; 
250; 1.1414599418640137; 1.0513546466827393; 0.8593116998672485; -0.12173900008201599; 1.3086695671081543; 0.09268379211425781; 
265; 1.3839409351348877; 0.46408018469810486; 0.13832932710647583; -0.5848245620727539; 1.3561424016952515; 0.3276672661304474; 
231; 1.2618988752365112; -0.08172637224197388; 0.08206376433372498; -0.6312386393547058; 1.339198112487793; 0.16289786994457245; 
216; 0.8341639041900635; -0.11953175067901611; 0.803117036819458; -0.27424558997154236; 1.4606044292449951; 0.11787384748458862; 
239; 1.3711893558502197; 0.48321735858917236; 0.24841266870498657; -0.333313912153244; 1.1863031387329102; 0.062106385827064514; 
252; 1.2975786924362183; 0.26325517892837524; 0.63487708568573; -0.3883180022239685; 1.4247760772705078; 0.3956979513168335; 
232; 0.9909155368804932; 0.021832168102264404; 0.3857291638851166; -0.7322264909744263; 1.2297585010528564; 0.3174341320991516; 
230; 1.6551125049591064; -0.12494367361068726; 0.8570332527160645; -0.4696318507194519; 1.2241425514221191; 0.052110299468040466; 
244; 1.7756116390228271; 0.20045363903045654; 0.6530765891075134; -0.3563023805618286; 1.5499762296676636; 0.4426654577255249; 
228; 0.9886581897735596; 0.1911807656288147; 0.1529838740825653; -0.3518957793712616; 1.1729145050048828; 0.36197149753570557; 
233; 1.353999376296997; -0.6084733605384827; 0.6666983962059021; -0.41957908868789673; 1.3344835042953491; 0.15400603413581848; 
267; 1.2210440635681152; 0.6431993842124939; 0.7154165506362915; -0.38866347074508667; 1.2139339447021484; 0.468325138092041; 
229; 1.404475450515747; -0.0574648380279541; 0.6528894305229187; -0.3074837923049927; 1.286224126815796; 0.11933968216180801; 
204; 1.265561819076538; -0.18319660425186157; 0.9465329051017761; -0.35248786211013794; 1.0216219425201416; 0.4974541664123535; 
236; 1.1197118759155273; 0.2510751485824585; 0.8474053144454956; -0.43075060844421387; 1.531775951385498; 0.2716970145702362; 
276; 1.1966214179992676; 0.13195931911468506; 0.6305041313171387; -0.4086885154247284; 1.2019202709197998; -0.06705491244792938; 
246; 1.7080001831054688; 0.7955641746520996; 0.755909264087677; -0.12521669268608093; 1.2523165941238403; 0.1334908902645111; 
225; 0.865027904510498; -0.028774380683898926; 0.7260499000549316; -0.5225452184677124; 1.249319314956665; 0.40154215693473816; 
274; 1.5002747774124146; 0.10009735822677612; -1.901388168334961e-05; -0.2226771116256714; 1.2854620218276978; 0.10660931468009949; 
278; 0.9444398880004883; 0.14868178963661194; 1.1419265270233154; -0.3229582905769348; 1.1792316436767578; 0.060171812772750854; 
247; 1.0185670852661133; 0.05501657724380493; 0.7239893674850464; -0.5070757269859314; 1.0728914737701416; 0.22738921642303467; 
227; 1.1890745162963867; -0.07651412487030029; 0.690574049949646; -0.5227866172790527; 1.1024888753890991; 0.2932576835155487; 
277; 1.8008606433868408; 0.30157458782196045; 0.8812540173530579; -0.3707803189754486; 1.3035449981689453; 0.4210474491119385; 
289; 1.0745975971221924; 0.6481826305389404; 0.3908188045024872; -0.2793677747249603; 1.2028424739837646; 0.3499715328216553; 
296; 1.3336809873580933; -0.17408502101898193; 0.2672855854034424; -0.4161793291568756; 1.3240339756011963; 0.2605152726173401; 
224; 1.5445990562438965; 0.21404814720153809; 0.6155359148979187; -0.21651676297187805; 1.5355545282363892; 0.5263947248458862; 
270; 1.3909611701965332; 0.826752245426178; 0.5412633419036865; -0.29972103238105774; 1.3413190841674805; 0.3301834166049957; 
275; 1.2769019603729248; 0.2034185230731964; 0.8462664484977722; -0.402313232421875; 1.537214994430542; 0.14452433586120605; 
273; 1.2244222164154053; 0.2956486642360687; 0.38735780119895935; -0.342958003282547; 1.3794786930084229; -0.07008105516433716; 
258; 1.8302102088928223; -0.4985865354537964; 0.6659693121910095; -0.6050378084182739; 1.3400388956069946; 0.006441831588745117; 
297; 1.2946724891662598; -0.252006471157074; 0.5643388032913208; -0.4433675706386566; 1.3858394622802734; 0.2360132932662964; 
237; 1.1856050491333008; 0.03732818365097046; 0.3853377103805542; -0.4157261848449707; 1.2348897457122803; 0.07909300923347473; 
208; 1.3073848485946655; 0.03008359670639038; 0.4253946542739868; -0.4324691891670227; 1.1557576656341553; 0.44737643003463745; 
271; 0.8869602680206299; -0.15034765005111694; 0.04912269115447998; -0.3788464069366455; 1.3154542446136475; 0.2479284405708313; 
292; 1.3279750347137451; -0.004813253879547119; 0.43456465005874634; -0.48807215690612793; 1.3988367319107056; 0.22083806991577148; 
259; 1.1652798652648926; 0.007941961288452148; 0.5635083317756653; -0.628944993019104; 1.121690034866333; 0.03237757086753845; 
226; 1.475555181503296; 0.2971701920032501; 0.5164810419082642; -0.6638509631156921; 1.1442251205444336; 0.2588948607444763; 
257; 1.52997887134552; 0.3671879470348358; 0.32299646735191345; -0.3521507978439331; 1.3819971084594727; 0.08864499628543854; 
272; 0.9313939809799194; -0.04705458879470825; 0.613713264465332; -0.41084951162338257; 1.3985106945037842; 0.3395480513572693; 
288; 1.2119436264038086; 0.2655830383300781; 0.46582722663879395; -0.4871554970741272; 1.7567448616027832; 0.3150298595428467; 
287; 1.8707000017166138; 0.3441500663757324; 0.03563195466995239; -0.30236855149269104; 1.412967562675476; 0.10880663990974426; 
285; 1.100283145904541; 0.13721561431884766; 0.2257390320301056; -0.29854005575180054; 1.0951080322265625; 0.3741607367992401; 
286; 1.8654239177703857; 0.5305122137069702; 0.5264627933502197; -0.45716652274131775; 1.4367396831512451; 0.20075565576553345; 
290; 0.7990879416465759; 0.09410649538040161; 0.6521974802017212; -0.44732218980789185; 1.1100070476531982; -0.015789493918418884; 
200; 1.7030067443847656; -0.01716846227645874; 0.3084690570831299; -0.5079860091209412; 1.1534219980239868; 0.30587083101272583; 
213; 1.4514758586883545; 0.40327733755111694; 0.5290571451187134; -0.4078551232814789; 1.2740685939788818; 0.35912007093429565; 
254; 1.2328122854232788; 0.07059544324874878; 0.8332822322845459; -0.343995600938797; 1.3515238761901855; 0.35569947957992554; 
220; 1.625357985496521; 0.2324543595314026; 0.7162627577781677; -0.051973164081573486; 1.4408438205718994; 0.2780756652355194; 
295; 0.9581613540649414; 0.04140603542327881; 0.2254108190536499; -0.4369964003562927; 1.209847092628479; 0.10269833356142044; 
262; 1.0692142248153687; 0.32189884781837463; 1.0529407262802124; -0.30044248700141907; 1.198885440826416; 0.18592439591884613; 
221; 1.2583589553833008; 0.4495529532432556; 0.5046408176422119; -0.4727053940296173; 1.2878307104110718; 0.19282692670822144; 
291; 1.3001294136047363; -0.5238460302352905; 0.9185490608215332; -0.616369903087616; 1.3916549682617188; 0.08860737085342407; 
255; 1.2318602800369263; 0.04606384038925171; 0.6078607439994812; -0.45511162281036377; 1.382911205291748; 0.30718040466308594; 
253; 0.9740661382675171; -0.04057776927947998; 0.9854214787483215; -0.34425053000450134; 1.6192865371704102; 0.5833054780960083; 
243; 1.3705086708068848; -0.0027790069580078125; 0.719379723072052; -0.703067421913147; 1.150542140007019; 0.005021795630455017; 
284; 1.3786864280700684; 0.33140408992767334; 0.2954481840133667; -0.2917416989803314; 1.1351690292358398; 0.1655057966709137; 
264; 1.4763438701629639; 0.4037858843803406; 1.0119646787643433; -0.3426588773727417; 1.2403762340545654; 0.14058464765548706; 
201; 1.784700870513916; -0.19687211513519287; 0.7398779392242432; -0.4820878505706787; 1.6557148694992065; 0.2261205017566681; 
235; 2.159344434738159; 0.5519644021987915; 0.1020888090133667; -0.3787851929664612; 1.6512374877929688; 0.33028653264045715; 
298; 1.5768908262252808; 0.33035847544670105; 0.22392266988754272; -0.3626117706298828; 1.3225880861282349; 0.11067655682563782; 
240; 1.541516661643982; 0.27285274863243103; 0.5593221187591553; -0.4041040241718292; 1.1060051918029785; 0.16371649503707886; 
268; 1.2213044166564941; -0.012117922306060791; 0.01738053560256958; -0.29630792140960693; 1.2053254842758179; 0.5035724639892578; 
283; 0.9915304780006409; 0.541343092918396; 0.31524211168289185; -0.5514845848083496; 1.4613631963729858; 0.1646272987127304; 
209; 1.4573297500610352; 0.11583703756332397; 0.5810500979423523; -0.23235854506492615; 1.3323090076446533; 0.19025130569934845; 
294; 1.3888709545135498; 0.2730039954185486; 0.23972442746162415; -0.573811411857605; 1.1129628419876099; 0.020127564668655396; 
211; 1.2760348320007324; 0.08819574117660522; -0.011672496795654297; -0.37083810567855835; 1.34242844581604; 0.2273525893688202; 
263; 1.2213845252990723; 0.5028704404830933; 0.5258030891418457; -0.40462273359298706; 1.0605494976043701; 0.6719272136688232; 
256; 1.8211519718170166; -0.1641750931739807; 0.27186572551727295; -0.6614477038383484; 0.9824301600456238; 0.5114489793777466; 
269; 1.653001308441162; 0.6345515251159668; 1.0145007371902466; -0.04558625817298889; 1.7650765180587769; 0.2424439936876297; 
210; 1.2627671957015991; 0.24360328912734985; 0.49077677726745605; -0.45569223165512085; 1.102879285812378; 0.6912484169006348; 
261; 1.2549360990524292; 0.29601699113845825; 0.2119808793067932; -0.47948917746543884; 1.2090507745742798; 0.4839041233062744; 
293; 1.6046779155731201; 0.19372612237930298; 0.7138854265213013; -0.5841834545135498; 1.0682016611099243; 0.2630402147769928; 
299; 0.702985405921936; 0.8156094551086426; 1.0058090686798096; -0.5755631327629089; 1.4565691947937012; 0.19818253815174103; 
354; 1.568094253540039; 0.5795308351516724; 1.0102119445800781; -0.21886694431304932; 1.2836862802505493; 0.5953665971755981; 
316; 1.1692137718200684; -0.4232325553894043; 0.511215329170227; -0.5028563737869263; 1.3042012453079224; 0.48740869760513306; 
304; 1.5727919340133667; 0.49222081899642944; 1.1881866455078125; -0.6488661766052246; 1.0126292705535889; 0.28103774785995483; 
337; 0.9597195982933044; 0.3092789649963379; 0.6883249878883362; -0.34780001640319824; 1.0911664962768555; -0.07109975814819336; 
302; 1.219156265258789; 0.3657020926475525; 0.6912006139755249; -0.3966473639011383; 1.3808332681655884; 0.1958107054233551; 
305; 1.5093038082122803; 0.7627938985824585; 0.5633724331855774; -0.31073999404907227; 1.2928218841552734; 0.10182704031467438; 
353; 1.4893825054168701; 0.4281097650527954; 1.135978102684021; -0.4091772139072418; 1.5347685813903809; 0.6823348999023438; 
385; 1.509186029434204; 0.5242072939872742; 0.5987060070037842; -0.23788106441497803; 1.0884532928466797; 0.4199075996875763; 
320; 1.6768980026245117; 0.3703751564025879; 0.9188984632492065; -0.2323441505432129; 1.5014820098876953; 0.32233113050460815; 
384; 0.8997288942337036; -0.10828882455825806; 0.21742424368858337; -0.6094756126403809; 1.1835561990737915; 0.35748541355133057; 
301; 1.160994291305542; 0.09515923261642456; 0.6670859456062317; -0.49820488691329956; 1.3376818895339966; 0.21359078586101532; 
321; 1.0440727472305298; 0.27752670645713806; 0.6846158504486084; -0.5670140981674194; 1.3940255641937256; -0.06060896813869476; 
322; 1.13615083694458; 0.48813533782958984; 0.9635577201843262; -0.3474443256855011; 1.3857421875; 0.18401764333248138; 
386; 1.2840855121612549; -0.06706041097640991; 0.4163326025009155; -0.21541723608970642; 1.0629518032073975; 0.2773154079914093; 
387; 1.0120208263397217; -0.2969996929168701; 0.8083710670471191; -0.4754943251609802; 1.3659499883651733; 0.14692999422550201; 
326; 1.6864984035491943; 0.32218706607818604; 0.5607411861419678; -0.32592111825942993; 1.2109618186950684; 0.5629149675369263; 
309; 1.1428735256195068; 0.24517786502838135; 0.7895764112472534; -0.42551788687705994; 1.5094703435897827; 0.14243687689304352; 
311; 1.879099726676941; 0.5629067420959473; 0.36339616775512695; -0.28069499135017395; 1.3481825590133667; 0.6390256881713867; 
339; 1.5357588529586792; 0.29297032952308655; 1.14414381980896; -0.42643049359321594; 1.288129210472107; 0.33167287707328796; 
310; 1.5083236694335938; -0.7603380084037781; 0.43851596117019653; -0.6756129264831543; 1.06235671043396; 0.11129898577928543; 
390; 1.5286386013031006; 0.4977496564388275; 0.4564308226108551; -0.9052982330322266; 1.5178762674331665; -0.10171419382095337; 
303; 1.2012016773223877; 0.3587506115436554; 0.639054536819458; -0.5252279043197632; 1.1326789855957031; 0.3234046697616577; 
383; 0.7416876554489136; 0.13748431205749512; 0.39406493306159973; -0.5090816020965576; 1.5076334476470947; 0.1754535734653473; 
318; 1.1048967838287354; 0.03660321235656738; 0.8393173217773438; -0.5175488591194153; 1.2296396493911743; 0.4690595865249634; 
338; 1.4556761980056763; 0.10977470874786377; 0.86831134557724; -0.4220622181892395; 1.601585865020752; 0.48651349544525146; 
399; 1.10398268699646; 0.5205651521682739; 0.7753385305404663; -0.33187010884284973; 1.1342017650604248; 0.5079350471496582; 
325; 1.1167911291122437; 0.2969760596752167; -0.27677464485168457; -0.18393877148628235; 1.2467747926712036; 0.107394739985466; 
307; 1.2784024477005005; -0.13118582963943481; -0.06408965587615967; -0.2170886993408203; 1.3448609113693237; 0.07309511303901672; 
335; 1.052996277809143; 0.01395326852798462; 0.8721258640289307; -0.5535861253738403; 1.2799475193023682; 0.08600056171417236; 
398; 1.355709195137024; -0.08239156007766724; 0.9474519491195679; -0.19489383697509766; 1.532486081123352; 0.4201843738555908; 
382; 1.2722465991973877; 0.1736006736755371; 0.39230239391326904; -0.32609039545059204; 1.0330013036727905; 0.36760568618774414; 
334; 1.885716438293457; 0.32090890407562256; 0.5932708382606506; -0.4441828727722168; 1.2558703422546387; 0.235787034034729; 
323; 0.665523886680603; 0.3188645839691162; 0.7358593940734863; -0.4296189844608307; 1.2930186986923218; 0.20601074397563934; 
 
300; 1.5752438306808472; 0.394830584526062; 0.6301255226135254; -0.6748453378677368; 0.9871413111686707; 0.22132763266563416; 
355; 1.1534512042999268; 0.12285470962524414; 0.2924286425113678; -0.8074712753295898; 1.220412015914917; 0.30644190311431885; 
356; 1.1627869606018066; 0.5558760166168213; 0.8169000148773193; -0.4065801203250885; 1.6724926233291626; 0.5739437937736511; 
360; 1.2188491821289062; -0.041170477867126465; 0.4838865101337433; -0.6457635164260864; 1.203737735748291; 0.24141037464141846; 
333; 1.0137948989868164; -0.17106914520263672; 0.7182422876358032; -0.24914300441741943; 1.3706196546554565; 0.2240685373544693; 
331; 0.9634133577346802; 0.6190616488456726; 1.0314903259277344; -0.8324928283691406; 1.387855887413025; 0.07605962455272675; 
396; 1.425645112991333; -0.515278160572052; 0.45060932636260986; -0.7149109840393066; 0.9704938530921936; 0.48436683416366577; 
362; 1.6539173126220703; 0.43984776735305786; 0.5946081280708313; -0.45354166626930237; 1.3595608472824097; 0.41106176376342773; 
361; 1.31882905960083; 0.2714536190032959; 1.0825941562652588; -0.22124174237251282; 1.4990715980529785; 0.28571590781211853; 
364; 1.3415553569793701; 0.15268352627754211; 0.6860339045524597; -0.4013897776603699; 1.268532633781433; 0.09978726506233215; 
340; 1.5020537376403809; 0.5520040988922119; 0.7309812903404236; -0.5149110555648804; 1.1278703212738037; 0.22535786032676697; 
373; 1.1411147117614746; -0.31193745136260986; 0.07859179377555847; -0.4582039713859558; 1.113825798034668; 0.11839734017848969; 
314; 1.7128911018371582; 0.030937790870666504; 0.10337120294570923; -0.25019705295562744; 1.1697618961334229; 0.4322398006916046; 
351; 1.4867637157440186; 0.06824779510498047; 0.5628955364227295; -0.26419079303741455; 1.4832370281219482; 0.16500645875930786; 
374; 1.3013534545898438; 0.32464373111724854; 0.6663798093795776; -0.32673412561416626; 0.989363431930542; 0.24326367676258087; 
380; 1.0632481575012207; 0.5695312023162842; 0.9039195775985718; -0.4604402482509613; 1.623958706855774; 0.4124470353126526; 
329; 1.6939895153045654; -0.21010154485702515; 0.09734392166137695; -0.30616897344589233; 1.2318499088287354; -0.1550915688276291; 
367; 1.95087468624115; 0.6345734596252441; 0.7523493766784668; -0.25174281001091003; 1.284218668937683; 0.27536165714263916; 
391; 1.2982656955718994; 0.36447927355766296; 0.29334065318107605; -0.745814859867096; 1.202120304107666; 0.41420626640319824; 
388; 1.4242932796478271; 0.7524198293685913; 0.3518252670764923; -0.49581900238990784; 1.2128466367721558; 0.24362556636333466; 
330; 1.6002135276794434; -0.11918497085571289; 1.094016432762146; -0.46677568554878235; 1.0893009901046753; 0.3305842876434326; 
327; 1.3590645790100098; 0.3515208959579468; 0.835702657699585; -0.5506833791732788; 1.4826672077178955; 0.1049749106168747; 
357; 1.3761773109436035; 0.4592851400375366; 0.30195653438568115; -0.4469856023788452; 1.3262461423873901; 0.36151689291000366; 
348; 1.6361098289489746; 0.29293107986450195; 0.8961655497550964; -0.5228376388549805; 1.2811131477355957; 0.2620570659637451; 
352; 1.751988410949707; 0.3523657023906708; 0.6634421348571777; -0.7450810670852661; 1.2861781120300293; 0.1389119029045105; 
371; 1.2341166734695435; 0.35833829641342163; 0.5719779133796692; -0.3078309893608093; 1.4829349517822266; 0.40213459730148315; 
336; 1.0512218475341797; -0.12764346599578857; 0.5528846383094788; -0.30814528465270996; 1.097731590270996; 0.12224379926919937; 
324; 1.589353084564209; 0.868992805480957; 0.6839377880096436; -0.3640272617340088; 1.4657284021377563; 0.275075763463974; 
393; 1.5922455787658691; 0.7209519147872925; 1.1925156116485596; -0.7439948320388794; 1.389818549156189; 0.21999208629131317; 
350; 1.4342440366744995; 0.22026574611663818; 0.4570080637931824; -0.3236948847770691; 1.082777500152588; 0.4548851549625397; 
372; 0.5139768123626709; 0.10937488079071045; 1.1646418571472168; -0.4730902910232544; 1.1343401670455933; 0.3711739182472229; 
328; 1.0539458990097046; 0.3980851173400879; 0.37082144618034363; -0.3928956389427185; 1.252030849456787; 0.18144413828849792; 
332; 1.295496940612793; 0.5370893478393555; 0.6652470827102661; -0.49797624349594116; 1.2195534706115723; 0.5830092430114746; 
346; 1.2029787302017212; 0.22738167643547058; 0.569298505783081; -0.4833870530128479; 1.4886653423309326; 0.41156697273254395; 
349; 0.3337429165840149; 0.1095355749130249; 0.7239274382591248; -0.3552356958389282; 1.2747668027877808; 0.21608158946037292; 
347; 1.0302609205245972; 0.2825033664703369; 0.21276259422302246; -0.4872026741504669; 1.2577768564224243; -0.05786609649658203; 
394; 1.5668057203292847; -0.33822953701019287; 0.7612401247024536; -0.6004000902175903; 1.5936416387557983; 0.24425753951072693; 
366; 1.3174887895584106; -0.3638516068458557; 0.3634459376335144; -0.3907686471939087; 1.2031916379928589; 0.2968573570251465; 
359; 1.253157138824463; 0.12501513957977295; 0.597465455532074; -0.42597895860671997; 1.441325068473816; 0.3383933901786804; 
392; 1.5914961099624634; 0.42384982109069824; 1.0286719799041748; -0.37186411023139954; 1.3636128902435303; 0.16602420806884766; 
379; 1.7423224449157715; -0.44929808378219604; 0.2779179811477661; -0.3871113061904907; 1.2466189861297607; 0.09649921953678131; 
306; 1.424529790878296; 0.3404102921485901; -0.06744366884231567; -0.4976012110710144; 1.3001999855041504; 0.1013791561126709; 
381; 0.9929264187812805; -0.05443465709686279; 0.5922625064849854; -0.265215665102005; 1.4012271165847778; 0.13636499643325806; 
397; 1.5041327476501465; 0.7312381863594055; 0.7097772359848022; -0.3794347941875458; 1.2626713514328003; 0.29910778999328613; 
344; 1.0382235050201416; -0.23350369930267334; 0.36853453516960144; -0.5812896490097046; 1.3468105792999268; 0.40191173553466797; 
342; 1.1418460607528687; 0.29677894711494446; 0.39477190375328064; -0.4506779909133911; 1.3421131372451782; 0.3008379340171814; 
358; 1.2858643531799316; 0.389944851398468; 1.0563251972198486; -0.45673561096191406; 1.3208632469177246; 0.04798722267150879; 
389; 1.2869467735290527; -0.22761952877044678; 0.9628437161445618; -0.5362042784690857; 1.0862773656845093; 0.2956226170063019; 
365; 1.2317121028900146; 0.3316017687320709; -0.00639498233795166; -0.4892067611217499; 1.106163501739502; 0.3269878029823303; 
395; 1.4031355381011963; -0.10176616907119751; 0.14867132902145386; -0.30618786811828613; 1.402631402015686; 0.347185879945755; 
319; 1.1209310293197632; 0.5172463655471802; 0.41885000467300415; -0.5375927090644836; 1.1035261154174805; 0.4266720414161682; 
308; 1.8139598369598389; -0.3497465252876282; 0.4475601613521576; -0.6373173594474792; 1.0022718906402588; 0.6314948201179504; 
315; 1.1710681915283203; -0.059594571590423584; 1.2107688188552856; -0.5912142992019653; 1.3692259788513184; 0.4661329388618469; 
312; 1.0616708993911743; 0.4367336928844452; 0.27582108974456787; -0.1638701856136322; 1.3162400722503662; 0.2830839157104492; 
376; 1.7996906042099; 0.6615011692047119; 1.2733478546142578; -0.3080091178417206; 1.5112481117248535; 0.4128800630569458; 
317; 1.3004441261291504; 0.0874401330947876; 0.1914774775505066; -0.3876556158065796; 1.2579588890075684; 0.5218664407730103; 
341; 1.1239867210388184; -0.13620847463607788; 0.9032949209213257; -0.35041332244873047; 1.2582664489746094; 0.2614307403564453; 
363; 1.0407131910324097; 0.17102843523025513; 0.26355478167533875; -0.4386187791824341; 1.2304658889770508; 0.07741216570138931; 
313; 1.231835126876831; 0.5366458296775818; 0.10432374477386475; -0.4907166361808777; 1.306581735610962; 0.33058369159698486; 
378; 1.2986929416656494; 0.05453789234161377; 0.4055538773536682; -0.44034457206726074; 1.3397846221923828; 0.1255539357662201; 
377; 0.9255483150482178; -0.2667912244796753; 0.8232375383377075; -0.25538644194602966; 1.223054051399231; 0.3305550515651703; 
370; 0.9766025543212891; 0.41597306728363037; 0.4923504889011383; -0.3382347822189331; 1.300201416015625; 0.3090182840824127; 
343; 1.7491528987884521; 0.6442148685455322; 0.6059940457344055; -0.28239905834198; 1.6554832458496094; 0.4367484450340271; 
375; 0.9012272953987122; 0.20873787999153137; 0.17064449191093445; -0.43330150842666626; 1.0990173816680908; 0.4628145098686218; 
345; 1.2783488035202026; 0.12858045101165771; 0.7125818729400635; -0.3452830910682678; 1.4763426780700684; 0.0541912317276001; 
403; 1.056389570236206; 0.23369035124778748; -0.153364896774292; -0.48772406578063965; 1.3375287055969238; 0.17007984220981598; 
400; 0.9448291659355164; 0.19335925579071045; 0.5752716064453125; -0.342481791973114; 1.2712109088897705; 0.44009819626808167; 
420; 1.953188419342041; 0.4612289071083069; 0.5365062355995178; -0.44933995604515076; 1.0676521062850952; 0.012814700603485107; 
401; 1.3179842233657837; 0.5296163558959961; 0.6157341003417969; -0.24204838275909424; 1.3609569072723389; 0.5075986385345459; 
433; 1.5647674798965454; 0.9263825416564941; 0.3762669563293457; -0.38948678970336914; 1.3462262153625488; 0.4048406481742859; 
402; 1.5393474102020264; 0.3241959810256958; 0.27038323879241943; -0.5537722110748291; 1.44864022731781; 0.34664762020111084; 
424; 1.2455333471298218; 0.3369485139846802; 0.10308504104614258; -0.3451750576496124; 1.0685206651687622; 0.05747412145137787; 
409; 0.9263765811920166; 0.04526931047439575; 0.008733987808227539; -0.4530329406261444; 1.3986120223999023; 0.27462971210479736; 
404; 1.8945958614349365; 0.017183244228363037; 0.6307414770126343; -0.3863159418106079; 1.3578095436096191; 0.1984228491783142; 
422; 1.5535798072814941; 0.4017796516418457; 0.40468811988830566; -0.4234867990016937; 1.2990105152130127; 0.2923492193222046; 
423; 1.148036003112793; 0.20763635635375977; -0.004548013210296631; -0.3090212345123291; 1.1396070718765259; 0.38233667612075806; 
407; 1.4233720302581787; 0.615854799747467; 0.7681479454040527; -0.3099401295185089; 1.47050940990448; 0.11552919447422028; 
; 
419; 1.2547848224639893; 0.4773872196674347; 0.8875128626823425; -0.3789283037185669; 1.5674018859863281; 0.2613440752029419; 
408; 1.388740062713623; -0.14179575443267822; 0.57515549659729; -0.30311283469200134; 1.5035088062286377; 0.5119568109512329; 
421; 1.0632792711257935; 0.4369412362575531; 0.2762289047241211; -0.40402668714523315; 1.4318056106567383; 0.09090405702590942; 
411; 1.6054348945617676; 0.5922401547431946; 0.5719822645187378; -0.4612152874469757; 1.4522017240524292; 0.2952527701854706; 
405; 1.2386329174041748; -0.5468418002128601; 0.7227417230606079; -0.6137479543685913; 1.5483059883117676; 0.14418086409568787; 
412; 1.5574531555175781; 0.27228957414627075; 0.28769081830978394; -0.41251522302627563; 1.4992517232894897; 0.1461876779794693; 
446; 1.1261203289031982; 0.11443430185317993; 0.5463785529136658; -0.538293182849884; 1.1806515455245972; 0.38015228509902954; 
410; 0.9586942195892334; 0.24365335702896118; 0.5450289249420166; -0.49854612350463867; 1.3669060468673706; 0.3335972726345062; 
476; 0.9248930215835571; -0.13143110275268555; 0.5842257738113403; -0.3466353416442871; 1.2117289304733276; 0.3119147717952728; 
498; 1.394277811050415; 0.028380513191223145; 0.482629656791687; -0.4523477852344513; 1.3498883247375488; 0.16901931166648865; 
468; 1.2264167070388794; -0.21996188163757324; 0.7967066764831543; -0.1902095377445221; 1.2783243656158447; 0.19675777852535248; 
469; 1.4140212535858154; 0.5850399136543274; 0.8805729150772095; -0.13410523533821106; 1.5034385919570923; 0.3986249566078186; 
406; 1.9236693382263184; 0.2043934464454651; 0.7702502012252808; -0.5249987840652466; 1.5767850875854492; 0.23756226897239685; 
449; 1.1209884881973267; 0.11626416444778442; 0.4065462350845337; -0.3160410523414612; 1.134240746498108; 0.38208165764808655; 
454; 1.3055338859558105; 0.3808692693710327; 0.557045042514801; -0.268219530582428; 1.2730258703231812; 0.20762388408184052; 
475; 1.2637906074523926; -0.07542866468429565; 0.4710198640823364; -0.3507503569126129; 1.2770599126815796; 0.3951055407524109; 
460; 0.6711530089378357; -0.022550344467163086; 0.515568196773529; -0.24928176403045654; 1.2400782108306885; 0.08843994140625; 
472; 1.027585744857788; 0.12885111570358276; 0.014904677867889404; -0.1501917839050293; 1.3197590112686157; 0.3753955364227295; 
494; 1.099685788154602; 0.2720813453197479; -0.12018829584121704; -0.6223098039627075; 1.0955934524536133; 0.307178258895874; 
478; 1.7701084613800049; 0.20759719610214233; 0.5429980754852295; -0.340427041053772; 1.283867359161377; 0.4218422770500183; 
459; 1.5109450817108154; 0.4129805564880371; 0.33972176909446716; -0.2943894565105438; 1.6798874139785767; 0.34654945135116577; 
455; 1.552882194519043; 0.3743119239807129; 0.8951877355575562; -0.42719656229019165; 1.5928763151168823; 0.2862303853034973; 
447; 1.1739587783813477; 0.605496883392334; 0.7588584423065186; -0.4839268922805786; 1.1329454183578491; 0.19740863144397736; 
495; 1.438720703125; 0.6069942116737366; 0.9093058109283447; -0.4525330066680908; 1.0709413290023804; 0.18658822774887085; 
470; 1.4293076992034912; 0.047859013080596924; 0.5949916839599609; -0.2607077658176422; 1.1199570894241333; 0.17834773659706116; 
428; 1.2266652584075928; 0.5146631002426147; 0.3796061873435974; -0.16252481937408447; 1.4163217544555664; 0.48055464029312134; 
462; 1.3037371635437012; 0.3458128571510315; 0.3828505575656891; -0.5977619886398315; 1.3303450345993042; 0.43921029567718506; 
448; 1.229344367980957; -0.1934192180633545; 0.5129222869873047; -0.4036719799041748; 1.4663187265396118; 0.24408751726150513; 
471; 1.1007860898971558; -0.18486565351486206; 0.33131229877471924; -0.3598552644252777; 1.3777509927749634; 0.34562674164772034; 
482; 1.5158082246780396; 0.007880330085754395; 0.13003724813461304; -0.27233877778053284; 1.3524608612060547; 0.5892850756645203; 
474; 1.3620271682739258; 0.10731309652328491; 0.7647333741188049; -0.4132673442363739; 1.4106162786483765; 0.28584548830986023; 
473; 1.4481439590454102; 0.3306170105934143; 0.8588616847991943; -0.4709288775920868; 1.201300859451294; 0.17373502254486084; 
488; 1.5783634185791016; 0.2574940323829651; 0.7953510880470276; -0.3662700057029724; 1.5834068059921265; 0.3377310335636139; 
413; 1.4459728002548218; 0.4574849307537079; 0.8492140769958496; -0.4556185305118561; 1.6116584539413452; 0.13382022082805634; 
450; 0.8248672485351562; 0.17839157581329346; 0.9894289374351501; -0.3273797333240509; 0.9961934685707092; 0.41984492540359497; 
416; 1.608177900314331; 0.1805124282836914; 0.8864418268203735; -0.5600827932357788; 1.0777020454406738; 0.30920320749282837; 
418; 0.9602793455123901; 0.1363186240196228; 0.4522404968738556; -0.616141676902771; 1.205154299736023; 0.5316795110702515; 
427; 1.4284917116165161; 0.20131134986877441; 0.7411830425262451; -0.48972779512405396; 1.2397632598876953; 0.5835054516792297; 
489; 1.3331363201141357; -0.07260972261428833; 0.2715643048286438; -0.5856283903121948; 1.0642354488372803; 0.15053588151931763; 
429; 1.1838951110839844; 0.4772551953792572; 0.5430411100387573; -0.6749387383460999; 1.2722620964050293; 0.31620609760284424; 
456; 0.8106956481933594; -0.0212516188621521; 0.6531937718391418; -0.524863600730896; 1.3793325424194336; 0.2840561270713806; 
 
483; 0.98395836353302; -0.16664987802505493; 0.9771819710731506; -0.465082049369812; 1.3889517784118652; 0.16217480599880219; 
417; 1.636064887046814; 0.09323471784591675; 0.3253735601902008; -0.3994620442390442; 1.267587661743164; 0.16268247365951538; 
491; 1.5852073431015015; 0.0727892518043518; 0.5077154636383057; -0.3895460069179535; 1.453601598739624; 0.4216237962245941; 
438; 1.8865225315093994; -0.5255715250968933; 0.2484980821609497; -0.6506718397140503; 1.5584781169891357; 0.23150041699409485; 
426; 1.382712960243225; -0.054792940616607666; 0.4462808072566986; -0.4674564599990845; 1.363537073135376; 0.22924911975860596; 
443; 1.1670324802398682; -0.03053528070449829; 1.015313982963562; -0.286323219537735; 1.2665386199951172; 0.5361865162849426; 
465; 1.294848918914795; 0.20545023679733276; 0.7184514403343201; -0.6059480905532837; 1.2866326570510864; 0.32033443450927734; 
439; 1.2377914190292358; 0.4678812026977539; 0.7335472106933594; -0.5886838436126709; 1.024531364440918; 0.40240633487701416; 
425; 1.473634123802185; 0.6576108336448669; 0.6709629893302917; -0.2794707715511322; 1.5232021808624268; 0.1015467643737793; 
493; 1.7004401683807373; -0.06517797708511353; 0.9441744685173035; -0.3267439305782318; 1.1940281391143799; 0.3876578211784363; 
461; 1.521220326423645; 0.2308749258518219; 0.29193153977394104; -0.46022582054138184; 1.257781744003296; 0.3533843755722046; 
437; 1.659113883972168; -0.13395559787750244; 0.43286532163619995; -0.1759820282459259; 1.1211309432983398; 0.1022714376449585; 
466; 1.2454386949539185; 0.2787405252456665; 0.7897793054580688; -0.29220542311668396; 1.5493109226226807; 0.40732285380363464; 
496; 1.7497165203094482; 0.4194301962852478; 0.6769734621047974; -0.5212123394012451; 1.2658538818359375; 0.1417025476694107; 
432; 1.2262427806854248; 0.08293598890304565; 1.2013006210327148; -0.28689149022102356; 1.2941383123397827; 0.27469953894615173; 
481; 1.364567756652832; 0.11007291078567505; 0.39881956577301025; -0.5278427600860596; 1.3467820882797241; 0.1833115816116333; 
431; 1.3165793418884277; 0.39025112986564636; 0.7690414786338806; -0.37346532940864563; 1.4181798696517944; 0.363689661026001; 
490; 0.7419715523719788; 0.3932880759239197; 0.5229816436767578; -0.3762268126010895; 1.551001787185669; 0.05445146560668945; 
451; 1.1946446895599365; 0.19898247718811035; 1.1294167041778564; -0.5051772594451904; 1.0536730289459229; 0.2252853512763977; 
463; 1.418649435043335; 0.5510076284408569; 0.8551217317581177; -0.642717719078064; 1.2446229457855225; 0.31059616804122925; 
430; 1.2707748413085938; 0.7285847067832947; 0.5601314306259155; -0.3382543623447418; 1.469270944595337; 0.5268598794937134; 
492; 1.5482399463653564; 0.5231748819351196; 0.47458532452583313; -0.473669171333313; 1.3204885721206665; 0.3982579708099365; 
435; 1.584399700164795; -0.31701499223709106; 0.7057708501815796; -0.46999117732048035; 1.1350202560424805; 0.33272087574005127; 
485; 0.7787315845489502; 0.2580919861793518; 0.3080492615699768; -0.5132291913032532; 1.305465579032898; 0.062491536140441895; 
436; 1.9562846422195435; 0.20193040370941162; 0.6622112989425659; -0.29340946674346924; 1.3218989372253418; 0.4271550178527832; 
457; 0.8749669790267944; 0.5066331624984741; 0.6430270075798035; -0.4557693600654602; 1.3391598463058472; 0.2512294054031372; 
479; 1.3536421060562134; 0.11577624082565308; 0.9296704530715942; -0.45050325989723206; 1.1999249458312988; 0.44071483612060547; 
414; 1.4626381397247314; 0.5830721855163574; 0.9275045394897461; -0.3007376194000244; 1.193016767501831; 0.31357526779174805; 
445; 0.9649810791015625; 0.4308619499206543; 1.3279024362564087; -0.4296599328517914; 1.5593589544296265; 0.38740596175193787; 
477; 1.5120656490325928; -0.05726522207260132; 0.5543909668922424; -0.3215947151184082; 1.09516179561615; 0.38502269983291626; 
440; 1.27763831615448; -0.007979393005371094; 0.6236026287078857; -0.1620483696460724; 1.127492904663086; 0.16900089383125305; 
444; 1.3929301500320435; -0.036034584045410156; 0.8639880418777466; -0.21674217283725739; 1.3402361869812012; 0.26667913794517517; 
442; 0.8699067234992981; -0.1628040075302124; 1.2606885433197021; -0.39888468384742737; 1.2538710832595825; 0.34429800510406494; 
441; 1.1904387474060059; 0.09935826063156128; 0.7998796701431274; -0.40208712220191956; 1.4878443479537964; 0.3610380291938782; 
452; 1.3704274892807007; 0.0074187517166137695; 0.5430344343185425; -0.41010260581970215; 1.3328251838684082; 0.4365656077861786; 
458; 1.2566967010498047; 0.5363338589668274; 0.8237338066101074; -0.37020668387413025; 1.35531747341156; 0.37271249294281006; 
497; 0.971076250076294; 0.2899326980113983; 0.5078595280647278; -0.3099151849746704; 1.2413451671600342; 0.17072804272174835; 
480; 1.2190179824829102; 0.02081388235092163; 0.41528767347335815; -0.5815028548240662; 0.9954073429107666; 0.22453027963638306; 
434; 0.7908287644386292; 0.4689811170101166; 0.7044509649276733; -0.5482161045074463; 1.1830787658691406; 0.29979997873306274; 
415; 1.1117172241210938; 0.3048754334449768; 0.7156756520271301; -0.43519604206085205; 1.3314383029937744; 0.3277475833892822; 
464; 0.9230645895004272; 0.018454015254974365; 0.6043934226036072; -0.6361286044120789; 1.3339320421218872; 0.29635369777679443; 
486; 1.1992300748825073; -0.5195218324661255; 0.4608784317970276; -0.47916483879089355; 1.029732584953308; 0.2828561067581177; 
484; 1.234797716140747; 0.547341525554657; 0.5400859117507935; -0.32543718814849854; 1.0925880670547485; 0.22635050117969513; 
499; 1.2968484163284302; 0.11594885587692261; -0.040923893451690674; -0.3394754230976105; 0.8156008720397949; 0.14360325038433075; 
501; 1.2742737531661987; -0.31203532218933105; 0.5140448808670044; -0.45294830203056335; 1.488645076751709; 0.29909831285476685; 
500; 1.6955811977386475; 1.0065420866012573; 0.2755657434463501; -0.2853919565677643; 1.6264562606811523; 0.2987843155860901; 
503; 1.3401353359222412; 0.6183375120162964; 0.7657881379127502; -0.4917244017124176; 1.4934449195861816; 0.2333904206752777; 
502; 1.476446509361267; 0.14605700969696045; 1.3296451568603516; -0.24392136931419373; 1.47186279296875; 0.3447400629520416; 
505; 1.3613450527191162; 0.6862964630126953; 1.0042248964309692; -0.1548508107662201; 1.636550784111023; 0.23116819560527802; 
504; 1.232107162475586; 0.1887316107749939; 0.3952418863773346; -0.26216450333595276; 1.272770643234253; 0.2975006699562073; 
