58; -0.0033626556396484375; -1.4768967628479004; -0.5089906454086304; -1.170773983001709; 0.5263509750366211; -0.614938497543335; 
6; 0.1022491455078125; -1.5955312252044678; -0.9867130517959595; -1.1615755558013916; 0.8816426992416382; -0.4060596525669098; 
14; 0.5848169922828674; -1.372471809387207; -0.8299990892410278; -1.1712801456451416; 0.5935264825820923; -0.05703487992286682; 
13; -0.2908812165260315; -1.7719686031341553; -0.9396735429763794; -1.0760695934295654; 0.7855037450790405; -0.48784294724464417; 
65; 0.3759911358356476; -0.8466331958770752; -0.5680927634239197; -0.9723895788192749; 0.5835288763046265; -0.43599092960357666; 
17; 0.3694103956222534; -0.6587316989898682; -0.8888745903968811; -1.102046012878418; 0.5200302600860596; -0.38452160358428955; 
24; 0.13353991508483887; -1.4193105697631836; -0.2915525734424591; -1.0839020013809204; 0.4978281855583191; -0.2972518801689148; 
30; 0.46006596088409424; -1.438551425933838; -0.44511327147483826; -0.7379072904586792; 0.7971181273460388; -0.20214690268039703; 
48; 0.4164046049118042; -0.726463794708252; -0.5271398425102234; -1.0046626329421997; 0.7628680467605591; -0.44341230392456055; 
4; -0.027044236660003662; -1.6452014446258545; -0.8286474943161011; -0.9285085201263428; 0.8178180456161499; -0.4255020320415497; 
19; 0.006154537200927734; -0.7121763229370117; -0.7862609624862671; -1.1434582471847534; 0.7107282876968384; -0.2782503366470337; 
90; -0.49941253662109375; -1.191420316696167; -1.13581120967865; -0.954422116279602; 0.40672147274017334; -0.23072272539138794; 
15; -0.3703520894050598; -1.147186279296875; -0.3084154427051544; -1.1138198375701904; 0.7038383483886719; -0.3378872275352478; 
64; 0.5726618766784668; -1.5420020818710327; -0.7673922181129456; -1.0142412185668945; 0.8343733549118042; -0.36625030636787415; 
66; -1.023043155670166; -0.8192564249038696; -0.692284107208252; -1.1100190877914429; 0.6714199781417847; -0.02347061038017273; 
93; 0.6770895719528198; -1.0013242959976196; -0.7364344596862793; -0.42617523670196533; 0.5841014385223389; -0.24155157804489136; 
91; -0.21982574462890625; -1.623429536819458; -0.20931553840637207; -1.0331703424453735; 0.9090369939804077; -0.3765046298503876; 
99; -0.01441103219985962; -0.6419436931610107; -0.9060947895050049; -1.0327057838439941; 0.5021162033081055; -0.3577932119369507; 
95; 0.333700954914093; -0.6340656876564026; -0.13804849982261658; -0.7339727878570557; 0.8314250707626343; -0.2686302363872528; 
33; -0.004863440990447998; -1.561596393585205; -0.5577200055122375; -0.8499976396560669; 0.9258995056152344; -0.09688255190849304; 
22; 0.29981887340545654; -0.6848307847976685; -0.9517632722854614; -0.7863053679466248; 0.6444929838180542; -0.41212114691734314; 
26; 0.2122717797756195; -0.5986703038215637; -0.8677359819412231; -0.8652670979499817; 0.6837997436523438; -0.24988478422164917; 
49; 0.5917456746101379; -1.6720154285430908; -0.4295186400413513; -0.9446038007736206; 0.4896869659423828; -0.5105757117271423; 
16; 0.32996171712875366; -1.3789552450180054; -0.6909746527671814; -1.152130126953125; 0.7654333114624023; -0.30848604440689087; 
57; 0.093813955783844; -0.8230655193328857; -0.5701422691345215; -1.035856008529663; 0.7215166687965393; -0.4593504071235657; 
23; 0.27013593912124634; -0.3804151713848114; -0.9281819462776184; -1.0912086963653564; 0.7881733179092407; -0.4018181562423706; 
20; 0.4421563148498535; -0.7388920783996582; -0.9973167777061462; -1.0747970342636108; 0.8306505680084229; -0.3373779058456421; 
68; -0.012623339891433716; -1.3306429386138916; 0.14487677812576294; -0.91339510679245; 0.8477228879928589; -0.21967118978500366; 
92; -0.1534881889820099; -0.8733522295951843; -0.18205788731575012; -1.3916524648666382; 0.5498552918434143; -0.3359984755516052; 
60; 0.2517443895339966; -0.9029228687286377; -0.46570491790771484; -1.038533091545105; 0.8138576745986938; -0.1757841259241104; 
88; -0.04492974281311035; -1.36479914188385; -0.09998059272766113; -0.9501883387565613; 0.7291247844696045; -0.16426141560077667; 
21; 0.27994590997695923; -0.6566228866577148; -1.1614699363708496; -0.834662139415741; 0.6887969970703125; -0.41087931394577026; 
32; 0.33090803027153015; -0.6644880175590515; -0.7354555726051331; -0.8689204454421997; 0.7220710515975952; 0.049883440136909485; 
40; 0.3515310287475586; -0.6932438015937805; -0.6977525949478149; -1.124619960784912; 1.001844882965088; -0.2420293539762497; 
18; 0.5041628479957581; -0.8903394937515259; -0.9145956039428711; -0.8757020235061646; 0.9181738495826721; -0.4491835832595825; 
94; 0.3552091121673584; -1.171606421470642; -0.6338196396827698; -0.9085987210273743; 0.9897730350494385; -0.2672458291053772; 
3; -0.2208290696144104; -0.8755735158920288; -0.4948088526725769; -0.9184563159942627; 0.6571216583251953; -0.34830302000045776; 
29; 0.6090500354766846; -1.49102783203125; -0.7542513012886047; -0.7819059491157532; 0.9088672995567322; -0.2945888042449951; 
89; 0.254302442073822; -1.1155883073806763; -2.1585185527801514; -0.9289954900741577; 0.49308544397354126; -0.23391368985176086; 
56; 0.2619144320487976; -1.4222204685211182; -0.473267138004303; -1.0544968843460083; 0.666248619556427; -0.42078274488449097; 
82; -0.11699306964874268; -1.2086666822433472; -0.8576421737670898; -0.9120529890060425; 0.8465396165847778; -0.2164529263973236; 
59; 0.22824609279632568; -1.3199427127838135; -0.9101501703262329; -0.6894742846488953; 0.7231909036636353; -0.292640745639801; 
72; 0.4175958037376404; -1.6595906019210815; -0.47042837738990784; -0.8831919431686401; 0.8106445670127869; -0.20673447847366333; 
97; -0.4087269604206085; -0.9608333706855774; -1.1210474967956543; -1.3154270648956299; 0.5501416325569153; -0.6558541059494019; 
39; 0.03004753589630127; -1.0031821727752686; -0.9045206904411316; -1.0165590047836304; 0.6495219469070435; -0.29928940534591675; 
37; 0.008981764316558838; -1.0913455486297607; -1.0302371978759766; -0.975082278251648; 0.6779136061668396; -0.4248501658439636; 
81; 0.6395917534828186; -1.1637274026870728; -1.0041909217834473; -1.3749895095825195; 0.6584826707839966; -0.2861179709434509; 
70; -0.16211789846420288; -1.1262998580932617; -0.4581770598888397; -0.9409836530685425; 0.46717411279678345; 0.11017915606498718; 
2; 0.11936944723129272; -1.0291130542755127; -0.6188483834266663; -1.043311595916748; 0.6459896564483643; -0.5680475831031799; 
25; -0.09489965438842773; -1.4236834049224854; -0.31817835569381714; -1.0340758562088013; 0.742938756942749; 0.037738025188446045; 
9; -0.2288036048412323; -0.9624925255775452; -1.60642671585083; -1.0517526865005493; 0.8340173959732056; -0.20660918951034546; 
27; 0.41513124108314514; -1.5801461935043335; -0.6019410490989685; -0.7790709733963013; 0.839849054813385; -0.01818634569644928; 
69; 0.37457364797592163; -0.9794237017631531; -0.8275647759437561; -0.9814435243606567; 0.718437910079956; -0.4263974726200104; 
63; 0.1854114532470703; -1.4638397693634033; -0.687640905380249; -0.9057723879814148; 0.8862007856369019; -0.46096447110176086; 
67; 0.8286901116371155; -0.6772885918617249; -0.5457808971405029; -1.2273526191711426; 0.6091629266738892; -0.14304088056087494; 
0; 0.171698659658432; -1.1860889196395874; -0.18384644389152527; -0.8917150497436523; 0.9469427466392517; -0.29921138286590576; 
35; -0.08410251140594482; -1.1254489421844482; -0.4388050138950348; -0.848953366279602; 0.5531693696975708; -0.36559098958969116; 
10; 0.2290799617767334; -2.1196227073669434; -0.77613365650177; -0.8729169368743896; 1.0200682878494263; -0.018139317631721497; 
43; 0.5293653607368469; -1.1393811702728271; -0.7344297766685486; -1.0373780727386475; 0.886818528175354; 0.02002778649330139; 
1; 0.49957120418548584; -1.3041194677352905; -0.5439110398292542; -1.1185126304626465; 0.8427555561065674; -0.3270648121833801; 
8; 0.24289560317993164; -2.180234432220459; -0.6202985644340515; -0.8601698875427246; 0.5288573503494263; 0.1470189392566681; 
61; 0.0795777440071106; -1.1749274730682373; -0.5754066705703735; -1.2435410022735596; 0.9052029848098755; -0.18159939348697662; 
11; -0.14228713512420654; -1.2923601865768433; -0.5653789639472961; -0.8347760438919067; 0.5831969976425171; -0.08567224442958832; 
98; -0.7542881965637207; -1.643864393234253; -0.8532541394233704; -1.0476062297821045; 0.41567325592041016; -0.3674178719520569; 
12; 0.0015160143375396729; -0.5762026309967041; -0.8084534406661987; -0.8064772486686707; 0.6897475719451904; -0.3722967505455017; 
42; 0.31159985065460205; -0.9463040828704834; -0.6799386143684387; -0.987230658531189; 0.7114662528038025; -0.1459835320711136; 
74; 0.2085677981376648; -1.1039282083511353; -0.8672268390655518; -1.1797690391540527; 0.6205806732177734; -0.4316748380661011; 
55; 0.5767080187797546; -2.0830039978027344; -0.5524040460586548; -1.0854412317276; 0.3823205530643463; -0.3008987307548523; 
75; 0.3391984701156616; -1.5966053009033203; -0.8853124380111694; -1.0113894939422607; 0.7292463779449463; -0.5766372680664062; 
87; 0.4828174114227295; -1.4766839742660522; -0.7636879086494446; -0.8683334589004517; 0.7815050482749939; -0.4879836440086365; 
47; -0.6751420497894287; -1.3747867345809937; -0.5979878902435303; -0.9576969146728516; 0.47073525190353394; -0.37450382113456726; 
77; 0.02418231964111328; -1.9532921314239502; -0.6631847023963928; -1.0925441980361938; 0.7842806577682495; -0.45810577273368835; 
7; 0.10248857736587524; -2.052375078201294; -0.1395779252052307; -0.8434715270996094; 0.6767320036888123; -0.25204285979270935; 
51; 0.29027462005615234; -1.492790699005127; -0.4771500825881958; -0.9072676301002502; 0.8646999597549438; -0.1945379674434662; 
44; 0.45408013463020325; -1.7067861557006836; 0.01207384467124939; -0.723004937171936; 0.8460035920143127; -0.36717015504837036; 
36; -0.16441065073013306; -0.7313740849494934; -1.7996385097503662; -0.7404990196228027; 0.7841721773147583; -0.31169193983078003; 
62; -0.3286878168582916; -1.0336586236953735; -0.2967110276222229; -0.9320752620697021; 0.7108439803123474; -0.21364641189575195; 
73; -0.4420163035392761; -1.9404480457305908; 0.08743536472320557; -0.9962987899780273; 0.7850548028945923; -0.46123629808425903; 
80; 0.17058783769607544; -1.2931010723114014; -0.7572378516197205; -0.8771072030067444; 0.7668040990829468; -0.3935018479824066; 
85; -0.0025150179862976074; -1.4631788730621338; -0.5722613334655762; -1.0155351161956787; 0.49557921290397644; -0.2751201093196869; 
50; 0.05540984869003296; -1.7367780208587646; -0.6842456459999084; -0.6356464624404907; 0.7502495050430298; -0.2727929949760437; 
52; 0.26594775915145874; -1.870633602142334; -0.37629568576812744; -1.183014988899231; 0.4651816189289093; -0.24572443962097168; 
46; 0.4880680739879608; -0.23393622040748596; -0.9886760711669922; -1.0143654346466064; 0.8602930307388306; -0.0804952010512352; 
28; -0.4159862995147705; -1.2372546195983887; -0.6534251570701599; -1.1563992500305176; 0.3508750796318054; -0.21940003335475922; 
38; -0.22105491161346436; -1.1984819173812866; -1.206336259841919; -1.0965399742126465; 0.6915740966796875; -0.5744228363037109; 
83; 0.8370603322982788; -0.22970694303512573; -0.6490507125854492; -0.8842905759811401; 0.6261548399925232; -0.4548875093460083; 
34; -0.6630549430847168; -1.8053125143051147; -0.9276129007339478; -1.0696053504943848; 0.5841609239578247; -0.5640225410461426; 
76; -0.04341942071914673; -1.318387508392334; -0.3144916892051697; -1.1329522132873535; 0.7206822633743286; -0.37568432092666626; 
5; 0.042791903018951416; -0.9107263088226318; -0.8803084492683411; -0.8251266479492188; 0.42883092164993286; -0.24546034634113312; 
78; 0.24873411655426025; -0.3598913550376892; -0.6504925489425659; -0.79287189245224; 0.7628570795059204; -0.363115519285202; 
45; -0.11345207691192627; -0.9557573199272156; -0.5322293043136597; -0.8912243843078613; 0.4562218189239502; 0.08482429385185242; 
53; 0.2520182132720947; -0.4191913604736328; -0.4995186924934387; -0.7912226915359497; 0.645580530166626; -0.175493523478508; 
54; 0.6050717830657959; -0.6513237953186035; -0.664863646030426; -0.8999588489532471; 0.8534093499183655; -0.13971984386444092; 
96; 0.11592626571655273; -1.514087438583374; -0.8251938819885254; -0.8612154126167297; 0.6252039074897766; -0.5107184648513794; 
79; 0.14906209707260132; -1.2800270318984985; -0.024194836616516113; -0.9339372515678406; 0.7623171806335449; -0.20778235793113708; 
84; 0.42695939540863037; -1.2043509483337402; -0.3358030915260315; -0.7361943125724792; 0.868757963180542; -0.2893533706665039; 
41; -0.12621933221817017; -1.1331870555877686; -0.889515221118927; -1.0641611814498901; 0.3407371938228607; -0.3994961380958557; 
31; 0.16469138860702515; -1.570314884185791; -0.0949116051197052; -1.1224395036697388; 0.7489081621170044; -0.26013174653053284; 
86; 0.044891357421875; -1.666229248046875; -0.8259825110435486; -1.0968201160430908; 0.5342926979064941; -0.22624731063842773; 
71; -0.19275832176208496; -1.344980239868164; -2.4673967361450195; -0.9190561175346375; 0.7292195558547974; -0.229979008436203; 
163; -0.16089224815368652; -1.4276299476623535; -0.5205309391021729; -0.8299732804298401; 0.7820256352424622; -0.28546178340911865; 
162; -0.1462305784225464; -1.6006860733032227; -1.291609287261963; -1.1577677726745605; 0.6421396732330322; -0.6140934228897095; 
176; 0.22018295526504517; -1.3830643892288208; -0.5697822570800781; -1.111445665359497; 0.5940982103347778; -0.3347567021846771; 
111; 0.3398769795894623; -1.1741790771484375; -0.4084296226501465; -1.1501407623291016; 0.4707145392894745; -0.2083810269832611; 
164; 0.04843151569366455; -0.9723825454711914; -0.6485781669616699; -0.9523751735687256; 0.5881097912788391; -0.34131819009780884; 
104; 0.064083993434906; -1.262758731842041; -0.7153066992759705; -1.174187183380127; 0.7471924424171448; -0.36149418354034424; 
170; -0.7972644567489624; -1.607797622680664; -1.5576608180999756; -0.9714711904525757; 0.8033485412597656; -0.2703660726547241; 
157; 0.3767485022544861; -1.9835114479064941; -0.5714855194091797; -1.0601418018341064; 0.6051852107048035; -0.02379697561264038; 
112; 0.5792503952980042; -0.9308048486709595; -1.1404836177825928; -1.160631775856018; 0.527519941329956; -0.41146472096443176; 
171; -0.09749206900596619; -0.9407456517219543; -0.5435787439346313; -0.8568860292434692; 0.717900812625885; -0.19167086482048035; 
106; 0.16964936256408691; -1.472764492034912; -1.1064081192016602; -1.1006611585617065; 0.8055539727210999; -0.5228567719459534; 
100; -0.5356917381286621; -0.5397736430168152; -0.522386908531189; -0.8552460670471191; 0.4664216637611389; -0.17152218520641327; 
103; 0.4997677206993103; -0.760433554649353; -0.5279324054718018; -0.9210443496704102; 0.658045768737793; -0.44098126888275146; 
156; -0.10914266109466553; -1.584175705909729; -0.9914606213569641; -1.3507879972457886; 0.6781306266784668; -0.5372798442840576; 
123; 0.4335627555847168; -1.7336530685424805; -0.28264057636260986; -0.7674857974052429; 0.7525224089622498; -0.19424428045749664; 
107; 0.0068039000034332275; -1.4711263179779053; -0.6317231059074402; -1.0164577960968018; 0.9359992742538452; -0.09265132248401642; 
145; -0.012698352336883545; -0.8390764594078064; -1.7760450839996338; -1.075122594833374; 0.5091824531555176; -0.1385033130645752; 
127; 0.4781024158000946; -0.8623162508010864; -0.8986486196517944; -0.9468144178390503; 0.5205455422401428; -0.1266116499900818; 
129; 0.8243469595909119; -0.6498643159866333; -1.3578790426254272; -1.2334916591644287; 1.013369083404541; 0.06773191690444946; 
122; 0.041173577308654785; -1.3612351417541504; -0.16641998291015625; -0.9182955622673035; 0.6710702776908875; -0.3155692219734192; 
181; 0.5419203639030457; -0.817290186882019; -0.6383209824562073; -1.17348051071167; 0.5808253288269043; -0.2682586908340454; 
121; 0.2505388855934143; -1.9607821702957153; -0.672672688961029; -1.0578129291534424; 0.7531678676605225; -0.09475922584533691; 
117; 0.21005487442016602; -1.6812717914581299; -0.4331184923648834; -1.0013854503631592; 0.6992690563201904; -0.16283288598060608; 
105; 0.22349917888641357; -1.306065320968628; -0.16597792506217957; -0.9359606504440308; 0.7013413310050964; -0.2388555407524109; 
110; 0.12881574034690857; -1.3352916240692139; -0.7515625357627869; -0.8855332136154175; 0.6657856702804565; -0.4108753204345703; 
114; 0.3229372501373291; -1.2883718013763428; -0.48911234736442566; -0.9124764204025269; 0.5438907742500305; -0.07144135236740112; 
169; 0.3423084616661072; -1.4205918312072754; -1.8851895332336426; -0.7612071633338928; 0.5298189520835876; -0.21750053763389587; 
180; 0.29000797867774963; -0.5516678094863892; -1.0683993101119995; -0.7902827262878418; 0.7059057950973511; -0.4203605651855469; 
168; -0.17427363991737366; -1.2558820247650146; -0.20075350999832153; -0.8806226849555969; 0.7636462450027466; -0.39237475395202637; 
148; 0.30365699529647827; -1.2676786184310913; -0.9389520883560181; -0.9430201053619385; 0.7467742562294006; -0.02235966920852661; 
183; 0.5356854200363159; -1.265665888786316; -0.44806647300720215; -1.1033110618591309; 0.5908756256103516; -0.059459954500198364; 
102; 0.36147937178611755; -1.2560151815414429; -1.4634945392608643; -1.1462314128875732; 1.0882254838943481; -0.06500153243541718; 
167; 0.2801966965198517; -1.0316572189331055; -1.4019880294799805; -0.8717994093894958; 0.7707053422927856; -0.5337327718734741; 
185; -0.722200334072113; -1.4695560932159424; -1.1341502666473389; -1.0414525270462036; 0.6127043962478638; -0.29805639386177063; 
182; 0.23185044527053833; -0.8863121271133423; -0.26226383447647095; -1.017571210861206; 0.7006521224975586; -0.1692362129688263; 
195; 0.07548129558563232; -0.5748140811920166; -0.6550003290176392; -0.9211306571960449; 0.6043761968612671; -0.46390479803085327; 
153; 0.6080125570297241; -1.3289439678192139; -0.5893142223358154; -1.1048953533172607; 0.5672320127487183; -0.15270541608333588; 
197; 0.608212411403656; -0.9763500690460205; 0.1570371389389038; -0.8558283448219299; 1.0190563201904297; -0.0936131700873375; 
188; 0.11625140905380249; -0.7007812261581421; -0.9585367441177368; -0.6746376752853394; 0.9168541431427002; -0.15584006905555725; 
126; 0.4380803406238556; -1.2923340797424316; -0.7567152976989746; -0.8505902290344238; 0.699167013168335; -0.1926276981830597; 
184; 0.1594640016555786; -2.0151381492614746; -0.7096302509307861; -0.819166898727417; 0.8251938819885254; -0.3780205547809601; 
128; 0.6516265869140625; -1.3804233074188232; -0.7478548288345337; -1.0433709621429443; 0.8054953217506409; -0.3501884341239929; 
125; -0.1272987276315689; -0.4247296154499054; -0.9534719586372375; -0.9088549613952637; 0.9120799899101257; -0.03499068319797516; 
165; 0.34473127126693726; -1.1116889715194702; -0.45930129289627075; -1.0894601345062256; 0.7890075445175171; -0.448600172996521; 
174; -0.3161625266075134; -1.3593779802322388; -1.1030035018920898; -1.136042594909668; 0.647440493106842; -0.4032348394393921; 
196; -0.2872881591320038; -1.091857671737671; -1.2210626602172852; -1.2409690618515015; 0.6160351634025574; -0.5097218751907349; 
155; 0.4480096697807312; -1.508307933807373; -0.3846966624259949; -1.1682064533233643; 0.7689586281776428; -0.22756706178188324; 
175; -0.38292309641838074; -1.027677059173584; -0.9724898338317871; -1.232642412185669; 0.6080945730209351; -0.3342522382736206; 
108; 0.631840705871582; -0.7349584102630615; -0.9633026123046875; -0.9381206035614014; 0.7653621435165405; -0.06311929225921631; 
151; -0.14206713438034058; -1.503316044807434; -1.2473469972610474; -0.9333004951477051; 0.3270874619483948; -0.2348659336566925; 
130; -0.5262638330459595; -0.9207688570022583; -1.1046949625015259; -1.258164405822754; 0.8299234509468079; -0.23209887742996216; 
186; 0.06049644947052002; -1.3284239768981934; -0.6461964845657349; -1.0790376663208008; 0.9140032529830933; -0.31982582807540894; 
150; -0.20698249340057373; -1.502901554107666; -0.23144996166229248; -0.9775125980377197; 0.6865707039833069; -0.20393918454647064; 
142; -0.01539909839630127; -1.2847084999084473; -1.191684365272522; -1.182379126548767; 0.5778257846832275; -0.18438196182250977; 
198; -0.005270481109619141; -1.359893560409546; -0.7268321514129639; -0.9309795498847961; 0.5643002986907959; -0.4952472746372223; 
113; 0.012777566909790039; -1.2875127792358398; -0.30119892954826355; -1.0159502029418945; 0.9093021750450134; -0.1782463937997818; 
173; 0.16967254877090454; -1.325162410736084; -0.7320816516876221; -0.8531140089035034; 0.6838728785514832; -0.31664660573005676; 
132; 0.04493260383605957; -1.0192445516586304; 0.05727037787437439; -0.9594891667366028; 0.5247273445129395; -0.06519801914691925; 
124; 0.164993554353714; -1.3886487483978271; -1.1215113401412964; -1.175506591796875; 0.8381537199020386; -0.12643522024154663; 
118; 0.6039503216743469; -0.5963141918182373; -0.82826167345047; -0.9937800168991089; 0.5977855920791626; -0.310446560382843; 
119; 0.4232029914855957; -1.3153879642486572; -1.1790926456451416; -0.885024905204773; 0.3538077473640442; -0.148598313331604; 
194; -0.3844866454601288; -0.6893868446350098; -1.0960153341293335; -1.0171287059783936; 0.6785465478897095; -0.2599398195743561; 
101; -0.034629106521606445; -0.9017038941383362; -0.11563771963119507; -0.9892846345901489; 0.5668485164642334; -0.37678271532058716; 
135; 0.40407276153564453; -0.7668710350990295; -1.1677995920181274; -0.6857690215110779; 0.6119353771209717; -0.04843682050704956; 
131; 0.20275527238845825; -1.204453706741333; -0.288074254989624; -0.9023414850234985; 0.5943444967269897; -0.13422268629074097; 
137; 0.1281455159187317; -1.2669141292572021; -0.024834156036376953; -0.9351601600646973; 0.5438618063926697; -0.18807490170001984; 
193; 0.33642682433128357; -0.9026123285293579; -0.8606629967689514; -0.9608687162399292; 0.6452395915985107; -0.17795373499393463; 
159; 0.717077374458313; -0.9243502020835876; -0.014876484870910645; -1.2347149848937988; 0.7909961938858032; -0.28732171654701233; 
149; 0.31097114086151123; -0.852583646774292; -1.2206666469573975; -0.8344355821609497; 0.45358461141586304; 0.04433561861515045; 
115; 0.45821210741996765; -0.8041839599609375; -0.46531054377555847; -0.6002659797668457; 0.6803566217422485; -0.11131291091442108; 
120; 0.32568514347076416; -1.433597445487976; -0.4404636323451996; -0.7720084190368652; 0.6203839182853699; -0.09740342199802399; 
166; -0.37431004643440247; -1.8743094205856323; -0.5935008525848389; -0.9262809753417969; 0.674587607383728; -0.27646756172180176; 
147; -0.4961789548397064; -2.387092113494873; -0.45066553354263306; -0.9798581600189209; 0.999837338924408; -0.6058567762374878; 
192; -0.4094628393650055; -1.7718889713287354; -1.6573565006256104; -1.178943395614624; 0.7816451787948608; -0.4972163438796997; 
146; 0.1824723482131958; -0.5691943168640137; -0.113101065158844; -1.2089539766311646; 0.6910685300827026; -0.25930941104888916; 
136; 0.11151230335235596; -2.0621683597564697; -0.4512227177619934; -0.862167477607727; 0.6746701598167419; -0.42321866750717163; 
199; -0.1389417052268982; -1.321335792541504; -1.1741670370101929; -0.8618695735931396; 0.8245897889137268; -0.21962063014507294; 
144; 0.4170166850090027; -0.4253385663032532; -1.193502426147461; -0.9602391123771667; 0.7625308036804199; -0.17489254474639893; 
189; 0.2739470601081848; -1.204977035522461; -0.8425058126449585; -1.1384981870651245; 0.4794558882713318; -0.3675437569618225; 
139; 0.6980634927749634; -1.4537029266357422; -0.5590896606445312; -0.7957135438919067; 0.7453098893165588; -0.03304661810398102; 
187; 0.07862818241119385; -1.5035359859466553; -0.412619411945343; -1.1765053272247314; 0.510312557220459; -0.18816447257995605; 
116; 0.1542627215385437; -1.2503290176391602; -0.9938386082649231; -1.2583751678466797; 0.4863643944263458; -0.32757696509361267; 
143; 0.3655575215816498; -0.6330649256706238; -0.5935092568397522; -0.8306722044944763; 0.744464635848999; -0.30154407024383545; 
172; 0.270713746547699; -1.0517807006835938; -0.8085469007492065; -1.270300269126892; 0.6195459365844727; -0.26748746633529663; 
154; 0.018872976303100586; -1.6924206018447876; -0.7897455096244812; -0.7307586669921875; 0.701388418674469; -0.23129090666770935; 
152; -0.12451112270355225; -0.8941841125488281; -0.8346368670463562; -0.9704593420028687; 0.5821749567985535; -0.30210423469543457; 
160; 0.4306335747241974; -0.6560391187667847; -0.5340497493743896; -0.8812404870986938; 0.6536619067192078; -0.12096115946769714; 
178; 0.4335405230522156; -0.8799468278884888; -1.5099434852600098; -0.8097954988479614; 0.8586090803146362; -0.3729296326637268; 
190; 0.1027340292930603; -1.5304205417633057; -0.6303643584251404; -1.134857177734375; 0.6447296142578125; -0.1430026739835739; 
134; 0.37794607877731323; -1.1096827983856201; -0.36077600717544556; -1.1145079135894775; 0.7790485620498657; -0.1269955039024353; 
158; -0.0738326907157898; -0.6189444661140442; -0.3576892614364624; -0.8521708250045776; 0.4212634563446045; -0.05618329346179962; 
179; 0.21567845344543457; -0.5350231528282166; -0.4224737882614136; -0.7300907969474792; 0.5564807653427124; -0.297234445810318; 
138; 0.08629798889160156; -1.1971499919891357; -0.6435133218765259; -0.9359049797058105; 0.721372663974762; -0.22853735089302063; 
140; 0.062256067991256714; -1.1517705917358398; -1.0843908786773682; -0.8266385197639465; 0.9329673051834106; -0.1625460833311081; 
141; 0.13349050283432007; -0.8344097137451172; -0.5298184156417847; -0.692175030708313; 0.7241497039794922; -0.2919846773147583; 
191; 0.24445170164108276; -1.3926318883895874; -0.7658784985542297; -1.1707117557525635; 0.6922410130500793; -0.5154099464416504; 
177; -0.6565160155296326; -1.5044578313827515; -1.0163602828979492; -0.9673787355422974; 0.5516332387924194; -0.23665423691272736; 
249; -0.042056381702423096; -2.120182991027832; -0.9835637807846069; -1.0639605522155762; 0.8416256904602051; -0.3252195715904236; 
242; 0.12662649154663086; -1.354141354560852; -0.2932615280151367; -1.0067495107650757; 0.7050766944885254; -0.48778462409973145; 
219; 0.6412280797958374; -0.46284350752830505; -0.8655877113342285; -0.6975973844528198; 0.8713138103485107; -0.02902953326702118; 
222; -0.03775423765182495; -1.3572322130203247; -0.4286526143550873; -0.8796701431274414; 0.7040145397186279; -0.35649871826171875; 
223; 0.00782155990600586; -1.5794724225997925; -0.3778737187385559; -0.8153383731842041; 0.4758332669734955; -0.4100685715675354; 
280; 0.19747412204742432; -1.2792110443115234; -1.0103880167007446; -0.9304639101028442; 0.6715773940086365; -0.31995218992233276; 
238; 0.16473650932312012; -0.6827294230461121; -0.6597381830215454; -1.1650586128234863; 0.5124849081039429; -0.39880290627479553; 
202; -0.5778940916061401; -1.898472547531128; -0.316282719373703; -0.934192955493927; 0.7906947135925293; -0.10901451110839844; 
217; -0.34970957040786743; -1.0242173671722412; -0.42675352096557617; -0.7765765190124512; 0.4928153157234192; -0.4448167085647583; 
205; 0.06170356273651123; -0.8047626614570618; -0.18013066053390503; -0.950202465057373; 0.38587990403175354; -0.5608387589454651; 
218; 0.3402352035045624; -0.29095202684402466; -0.5315013527870178; -0.9331130981445312; 1.0117546319961548; -0.23192422091960907; 
215; 0.6011242866516113; -1.2187433242797852; -1.1365747451782227; -1.124974012374878; 0.7689235210418701; -0.504209578037262; 
251; 0.16151660680770874; -1.3045177459716797; -1.2552851438522339; -0.9497199654579163; 0.6241925954818726; -0.4401289224624634; 
281; 0.24693304300308228; -1.702711820602417; -0.5175157785415649; -1.337808609008789; 1.0939780473709106; -0.34433311223983765; 
279; -0.4387389123439789; -1.5541253089904785; -0.7731983661651611; -1.0499813556671143; 0.6195037364959717; -0.3037041127681732; 
282; -0.1905411183834076; -1.113404631614685; -0.9773205518722534; -1.1860988140106201; 0.813962459564209; -0.08693303167819977; 
212; 0.09340113401412964; -0.6089296936988831; -0.8264973163604736; -1.1294211149215698; 0.6865185499191284; -0.43544191122055054; 
241; 0.18367594480514526; -1.5647666454315186; -0.3954947590827942; -1.0724546909332275; 0.7376755475997925; -0.3014763295650482; 
206; -0.4249996840953827; -2.200960874557495; -0.577079176902771; -1.073042392730713; 0.921306848526001; -0.28836965560913086; 
234; 0.37854838371276855; -1.806218147277832; -0.3459983170032501; -1.2966766357421875; 0.4952014088630676; -0.13460393249988556; 
248; 0.162663996219635; -1.0518609285354614; -0.593056321144104; -1.0342435836791992; 0.5366147756576538; -0.20267529785633087; 
266; 0.32241111993789673; -1.0081138610839844; -0.5830258727073669; -0.8070598244667053; 0.6695305705070496; -0.21455857157707214; 
207; 0.1731182336807251; -0.43445509672164917; -0.19569018483161926; -1.129166841506958; 0.8710388541221619; -0.293326199054718; 
203; -0.5801823735237122; -1.659510850906372; -0.8353960514068604; -1.0388349294662476; 0.771879255771637; -0.4561627507209778; 
245; -0.17557579278945923; -1.95103120803833; -0.8111926913261414; -1.048200011253357; 0.6524064540863037; -0.19336524605751038; 
214; 0.40067556500434875; -1.497295618057251; -0.5303007364273071; -0.6386719942092896; 0.672402024269104; -0.27540603280067444; 
260; 0.12062275409698486; -1.20506751537323; -0.7739609479904175; -1.1028019189834595; 0.761772632598877; -0.2869981527328491; 
250; 0.1286870241165161; -0.2285424768924713; -0.4467688202857971; -0.8175370097160339; 0.7401649951934814; -0.48567649722099304; 
265; -0.018029510974884033; -1.343052864074707; -1.5493518114089966; -1.2108871936798096; 0.6592080593109131; -0.31635236740112305; 
231; 0.3720208704471588; -1.236833095550537; -1.0193029642105103; -1.0490514039993286; 0.7583938241004944; -0.27259892225265503; 
216; -0.11961835622787476; -1.443875789642334; -0.20767030119895935; -0.7885886430740356; 0.9541927576065063; -0.4155638813972473; 
239; 0.2784467339515686; -0.7640650868415833; -0.9378535151481628; -0.7563178539276123; 0.6384243965148926; -0.37773239612579346; 
252; 0.47122642397880554; -1.2588798999786377; -0.716540515422821; -0.8361308574676514; 0.8874861001968384; -0.10762082040309906; 
232; -0.31856590509414673; -1.111436367034912; -0.8970683813095093; -1.2246791124343872; 0.7651858329772949; -0.1507967859506607; 
230; 0.4636809825897217; -1.5709534883499146; -0.31598788499832153; -1.0593277215957642; 0.6236228346824646; -0.4463841915130615; 
244; 0.7135649919509888; -1.3996413946151733; -0.8354429006576538; -0.8500733971595764; 0.9084551334381104; -0.17153845727443695; 
228; -0.04890096187591553; -1.2927457094192505; -1.007934331893921; -0.8290477991104126; 0.7168302536010742; -0.0927739143371582; 
233; 0.533331036567688; -2.5559098720550537; -0.24147625267505646; -0.8993645906448364; 0.8750237226486206; -0.22605186700820923; 
267; -0.024241089820861816; -0.9065514802932739; -0.5771114826202393; -0.9795769453048706; 0.6925727128982544; -0.1139039397239685; 
229; 0.27225273847579956; -1.394803762435913; -0.37813419103622437; -0.7560595273971558; 0.7988519668579102; -0.2669045329093933; 
204; 0.12916570901870728; -1.7417562007904053; -0.5479466915130615; -0.9873908758163452; 0.5245404243469238; 0.002363651990890503; 
236; -0.14150270819664001; -1.340877652168274; -0.556449294090271; -0.9917221069335938; 0.9055663347244263; -0.16670870780944824; 
276; 0.07622653245925903; -1.1554481983184814; -0.8140559196472168; -0.985549807548523; 0.6937613487243652; -0.5587406754493713; 
246; 0.690022349357605; -0.3691224455833435; -0.5781376361846924; -0.7254966497421265; 0.5686846971511841; -0.46343058347702026; 
225; -0.34984514117240906; -1.6019563674926758; -0.4449090361595154; -1.0979905128479004; 0.6959858536720276; -0.10548493266105652; 
274; 0.4708203673362732; -1.4427871704101562; -1.4835479259490967; -0.7347965836524963; 0.7434070110321045; -0.377125084400177; 
278; -0.062188178300857544; -1.0625048875808716; -0.1695934534072876; -0.7971030473709106; 0.7042980790138245; -0.37016281485557556; 
247; -0.09511905908584595; -1.6508140563964844; -0.3707979917526245; -0.9550478458404541; 0.5793352127075195; -0.1976305991411209; 
227; 0.13362127542495728; -1.3977134227752686; -0.5172345042228699; -1.0580265522003174; 0.6062362790107727; -0.2531450092792511; 
277; 0.5567883253097534; -1.2972509860992432; -0.41249680519104004; -0.8875848054885864; 0.7858724594116211; -0.1846758872270584; 
289; -0.2372799515724182; -0.9656234979629517; -0.9433132410049438; -0.8672213554382324; 0.6461166143417358; -0.2733551561832428; 
296; -0.009054481983184814; -1.4545073509216309; -0.9970576167106628; -0.9537551403045654; 0.7702425718307495; -0.3739757835865021; 
224; 0.2380352020263672; -1.5041654109954834; -0.5696898102760315; -0.8752273321151733; 0.9032522439956665; -0.024094969034194946; 
270; 0.35757142305374146; -0.7998080253601074; -0.7856287360191345; -0.8278151750564575; 0.7577457427978516; -0.17921912670135498; 
275; 0.1841520071029663; -1.1580610275268555; -0.4384547472000122; -0.9208254218101501; 0.9237475395202637; -0.33524805307388306; 
273; 0.04084104299545288; -0.8434677124023438; -1.1098850965499878; -0.9252525568008423; 0.7917817831039429; -0.6407421231269836; 
258; 0.9045144319534302; -2.118711233139038; -0.34760624170303345; -1.0676006078720093; 0.8780432939529419; -0.4169374406337738; 
297; 0.04341953992843628; -1.9154499769210815; -0.7045682072639465; -0.9056744575500488; 0.8507386445999146; -0.362488329410553; 
237; 0.37135738134384155; -1.2283296585083008; -0.6979857683181763; -0.82893306016922; 0.8163602948188782; -0.32030171155929565; 
208; -0.31399211287498474; -1.9235988855361938; -1.2570562362670898; -1.3347933292388916; 0.46951404213905334; -0.28678712248802185; 
271; -0.17192932963371277; -1.2936294078826904; -1.4017612934112549; -0.8517326712608337; 0.8413558602333069; -0.17706605792045593; 
292; 0.3793799579143524; -1.4658278226852417; -0.9900616407394409; -1.3094463348388672; 0.7842283248901367; -0.27037549018859863; 
259; 0.42449522018432617; -1.2501640319824219; -0.3635307252407074; -1.0735974311828613; 0.677992582321167; -0.29060548543930054; 
226; 0.43606340885162354; -0.8949915170669556; -0.8168336153030396; -1.1563950777053833; 0.7120112776756287; -0.14783014357089996; 
257; 0.21717506647109985; -1.3015135526657104; -1.2683242559432983; -1.0751583576202393; 0.6374994516372681; -0.5553942918777466; 
272; -0.007823467254638672; -1.1882681846618652; -0.5803200602531433; -0.8885401487350464; 0.9867001175880432; -0.13587608933448792; 
288; -0.01054084300994873; -1.0133333206176758; -0.6668344736099243; -0.9627735614776611; 1.1931655406951904; -0.1538207232952118; 
287; 0.6058126091957092; -1.291532278060913; -1.543146014213562; -0.9605468511581421; 0.7904436588287354; -0.49257606267929077; 
285; 0.044979631900787354; -1.2530276775360107; -1.1000138521194458; -0.7682898044586182; 0.5862619876861572; -0.06335261464118958; 
286; 0.519117534160614; -0.9109969735145569; -1.075239896774292; -0.9840396642684937; 0.7584034204483032; -0.3164092004299164; 
290; -0.00566554069519043; -0.8460800647735596; -0.01264229416847229; -0.8334954977035522; 0.7637740969657898; -0.3266438841819763; 
200; 0.7725970149040222; -1.7782025337219238; -1.5189321041107178; -0.9737451076507568; 0.6355580687522888; -0.15092527866363525; 
213; 0.18882709741592407; -1.455742597579956; -1.1748565435409546; -1.1200964450836182; 0.6938234567642212; -0.2671113610267639; 
254; 0.09142708778381348; -1.4369200468063354; -0.4044283330440521; -0.8634510040283203; 0.819278359413147; -0.3101060390472412; 
220; 0.06066161394119263; -1.8576781749725342; -1.3118367195129395; -0.8040776252746582; 0.635299563407898; -0.4627857506275177; 
295; -0.04112035036087036; -1.0399136543273926; -0.7973672151565552; -0.9631766080856323; 0.6520439386367798; -0.2468838095664978; 
262; -0.13708192110061646; -1.0597624778747559; -0.3914256989955902; -0.9307773113250732; 0.5658432841300964; -0.43244993686676025; 
221; 0.23501300811767578; -0.7835090160369873; -0.681342601776123; -0.9391684532165527; 0.7612521648406982; -0.30498987436294556; 
291; 0.21650326251983643; -1.822540044784546; -0.08985409140586853; -1.1510199308395386; 0.8188853859901428; -0.3739783763885498; 
255; -0.13077032566070557; -1.9010707139968872; -1.2421541213989258; -1.2384966611862183; 0.539897084236145; -0.39858630299568176; 
253; -0.3518235981464386; -1.7305877208709717; -0.7259640693664551; -1.0893961191177368; 0.8535177707672119; -0.08320394158363342; 
243; 0.3952084481716156; -1.4176974296569824; -0.4919670820236206; -1.2577651739120483; 0.6821128726005554; -0.43341997265815735; 
284; 0.3661263585090637; -0.7210084199905396; -0.998282790184021; -0.8894299864768982; 0.6553467512130737; -0.2993658781051636; 
264; 0.13989031314849854; -1.3356513977050781; -0.5660127997398376; -1.118205189704895; 0.44506797194480896; -0.6116657257080078; 
201; 0.46783995628356934; -1.992646336555481; -0.6664516925811768; -1.1229562759399414; 0.944500207901001; -0.3610819876194; 
235; 1.0397028923034668; -1.2545645236968994; -1.470216989517212; -0.8872902393341064; 1.060052514076233; -0.31041234731674194; 
298; 0.5981588363647461; -0.8345361948013306; -0.971081018447876; -0.944257378578186; 0.7517547011375427; -0.36739596724510193; 
240; 0.46578913927078247; -0.9080169200897217; -0.5476929545402527; -0.8938945531845093; 0.5892207026481628; -0.36686110496520996; 
268; 0.2365644872188568; -1.0916634798049927; -1.1907824277877808; -0.7434718012809753; 0.6944522857666016; 0.045135512948036194; 
283; 0.10478928685188293; -0.44867417216300964; -0.6547117233276367; -0.9304042458534241; 0.9995731115341187; -0.2332126349210739; 
209; 0.41749030351638794; -1.1571760177612305; -0.7381230592727661; -0.7933528423309326; 0.7806645631790161; -0.3081039786338806; 
294; 0.6124356985092163; -0.6226578950881958; -0.6459522247314453; -0.9524752497673035; 0.7252655625343323; -0.4110691547393799; 
211; 0.17515480518341064; -1.4643785953521729; -1.8180361986160278; -1.0722564458847046; 0.7038643956184387; -0.3277212977409363; 
263; -0.03362542390823364; -0.9868079423904419; -0.8526900410652161; -1.0359102487564087; 0.42964473366737366; 0.11015066504478455; 
256; 0.785248339176178; -1.6097533702850342; -0.9693973660469055; -1.1497820615768433; 0.47057342529296875; 0.017686739563941956; 
269; 0.0838770866394043; -1.2859218120574951; -0.5785709619522095; -0.853653073310852; 0.8359653949737549; -0.5198113918304443; 
210; 0.4430690407752991; -1.0829017162322998; -0.5970416069030762; -0.930083155632019; 0.5353683233261108; 0.233468696475029; 
261; 0.33207833766937256; -0.7994579672813416; -0.9881372451782227; -0.9992983341217041; 0.7812693119049072; -0.046366944909095764; 
293; 0.5083691477775574; -1.0873007774353027; -0.48516571521759033; -1.054985761642456; 0.6086757779121399; -0.19348850846290588; 
299; -0.3487003445625305; -0.2787940800189972; -0.3033696115016937; -1.1128367185592651; 0.887606143951416; -0.2822359800338745; 
354; 0.3322985768318176; -1.2214819192886353; -0.276278555393219; -0.7498149275779724; 0.6091431379318237; -0.011221557855606079; 
316; -0.004250645637512207; -1.9762206077575684; -0.946506142616272; -1.038257360458374; 0.7199077010154724; 0.09774833917617798; 
304; 0.36967533826828003; -1.0304768085479736; -0.2613074779510498; -1.297489047050476; 0.3893081247806549; -0.3621925115585327; 
337; -0.32542526721954346; -1.0729024410247803; -0.6966032981872559; -0.9595386981964111; 0.4599159061908722; -0.669430136680603; 
302; -0.2989563047885895; -1.4020564556121826; -0.9180475473403931; -1.0378468036651611; 0.7001551985740662; -0.4556831121444702; 
305; 0.3706345558166504; -0.846392035484314; -0.892503023147583; -0.9772153496742249; 0.731918215751648; -0.4244939088821411; 
353; -0.4545338749885559; -1.4451673030853271; -0.7682048082351685; -1.2182822227478027; 0.5895344018936157; -0.20307914912700653; 
385; -0.3496097922325134; -1.393557071685791; -1.2207365036010742; -0.9890239238739014; 0.32993701100349426; -0.317143976688385; 
320; 0.18231892585754395; -1.4087153673171997; -0.8326362371444702; -0.9431484937667847; 0.7559073567390442; -0.3642641007900238; 
384; -0.03549814224243164; -1.1718496084213257; -0.8092168569564819; -1.0757620334625244; 0.7576160430908203; -0.019866228103637695; 
301; 0.16796410083770752; -1.4301915168762207; -0.6386463642120361; -0.9621877670288086; 0.7643895149230957; -0.3378332257270813; 
321; 0.0020224452018737793; -1.0654178857803345; -0.5380731225013733; -1.0647939443588257; 0.8810549378395081; -0.46033206582069397; 
322; -0.26607221364974976; -1.3149316310882568; -0.37375906109809875; -1.040095329284668; 0.7025364637374878; -0.512984573841095; 
386; 0.3637779653072357; -1.5722302198410034; -0.8689947128295898; -0.7828601598739624; 0.552441418170929; -0.2772892117500305; 
387; -0.10987308621406555; -1.5447158813476562; -0.12968367338180542; -0.9177392721176147; 0.8401782512664795; -0.2989403009414673; 
326; 0.18499940633773804; -1.1430139541625977; -1.2174419164657593; -1.022857666015625; 0.6329920291900635; -0.158369243144989; 
309; 0.024497807025909424; -1.2422151565551758; -0.5673083662986755; -1.0551307201385498; 0.923961877822876; -0.42119109630584717; 
311; 0.5151890516281128; -1.0674819946289062; -1.6685847043991089; -0.8527891635894775; 0.8432689905166626; 0.04687181115150452; 
339; 0.4069596529006958; -0.9969334602355957; 0.03888434171676636; -0.8911290168762207; 0.7654285430908203; -0.27202409505844116; 
310; 0.7249788641929626; -2.0728397369384766; -0.5177658796310425; -1.0878355503082275; 0.660546600818634; -0.30194777250289917; 
390; 0.39940720796585083; -1.1156797409057617; -0.9251018762588501; -1.4936027526855469; 0.8829500675201416; -0.7526216506958008; 
303; 0.47160306572914124; -0.9754685163497925; -0.31286191940307617; -0.977986752986908; 0.5964733362197876; -0.09633833914995193; 
383; -0.17985695600509644; -1.4183247089385986; -0.9516040086746216; -0.9438470005989075; 1.0715593099594116; -0.2369905710220337; 
318; 0.0965319275856018; -1.2031738758087158; -0.2896016240119934; -0.9009060859680176; 0.8379188776016235; -0.008942738175392151; 
338; 0.371334433555603; -1.498370885848999; -0.4004300832748413; -1.0038201808929443; 0.9899123311042786; -0.11626224219799042; 
399; -0.42778950929641724; -1.399497628211975; -0.7062045931816101; -1.1157070398330688; 0.5087136030197144; -0.19602985680103302; 
325; 0.22098836302757263; -0.900306224822998; -1.499079942703247; -0.8145012855529785; 0.713508665561676; -0.42503243684768677; 
307; 0.26501381397247314; -1.4911949634552002; -1.3682258129119873; -0.7717704772949219; 0.8343319892883301; -0.4588104486465454; 
335; -0.10991978645324707; -1.5895928144454956; -0.46383431553840637; -1.2428295612335205; 0.6824117302894592; -0.49074485898017883; 
398; -0.15405535697937012; -1.9703567028045654; -0.6262755990028381; -0.8053446412086487; 0.8812305331230164; -0.26291200518608093; 
382; 0.2610572576522827; -1.3327016830444336; -0.8894156217575073; -0.9290986061096191; 0.4278946816921234; -0.17323704063892365; 
334; 0.6385970711708069; -1.3745976686477661; -1.135798692703247; -1.06406569480896; 0.6912557482719421; -0.29900336265563965; 
368; -0.199028879404068; -1.422177791595459; -1.3201854228973389; -1.1194456815719604; 0.7225563526153564; -0.37641966342926025; 
8; 
300; 0.69112229347229; -0.7945346236228943; -0.4136559069156647; -1.0680071115493774; 0.5736038684844971; -0.26883816719055176; 
355; -0.03261733055114746; -1.3916265964508057; -1.0851460695266724; -1.3741651773452759; 0.5577008724212646; -0.25432485342025757; 
356; 0.027805626392364502; -0.6060640811920166; -0.33793938159942627; -0.9615471363067627; 0.9925176501274109; 0.07048812508583069; 
360; 0.12457966804504395; -1.4170410633087158; -0.9135020971298218; -1.1701021194458008; 0.7552316188812256; -0.20541726052761078; 
333; -0.03371328115463257; -1.8522388935089111; -0.40243446826934814; -0.8357550501823425; 0.7987935543060303; -0.29861006140708923; 
331; -0.1910066306591034; -0.26951658725738525; -0.06840622425079346; -1.3946075439453125; 0.851254940032959; -0.3917011022567749; 
396; 0.4400041699409485; -2.0103800296783447; -1.1581109762191772; -1.2891236543655396; 0.46854305267333984; -0.056551575660705566; 
362; 0.24057996273040771; -1.0611932277679443; -0.7322375774383545; -1.0718578100204468; 0.5787332653999329; -0.23764920234680176; 
361; 0.10226446390151978; -1.2851202487945557; -0.17091602087020874; -0.8711894750595093; 0.8305104970932007; -0.4250943064689636; 
364; 0.4899810552597046; -1.0436592102050781; -0.42566967010498047; -0.8774548768997192; 0.8641406297683716; -0.3184105455875397; 
340; 0.31028467416763306; -0.9533799886703491; -0.6915854215621948; -1.1714167594909668; 0.5559366941452026; -0.3676169216632843; 
373; 0.16847476363182068; -1.969876766204834; -0.967375636100769; -0.8442895412445068; 0.69025719165802; -0.2875540256500244; 
314; 0.4026299715042114; -1.7819883823394775; -1.660921573638916; -0.9159717559814453; 0.523896336555481; -0.19471192359924316; 
351; 0.3241139054298401; -1.2532001733779907; -0.8735228180885315; -0.8406243324279785; 0.7611982822418213; -0.3526783585548401; 
374; 0.24019765853881836; -0.9907183051109314; -0.28578588366508484; -0.9287983179092407; 0.540400505065918; -0.1831044703722; 
380; -0.506193220615387; -1.0587221384048462; -0.41149306297302246; -0.995690107345581; 0.9689817428588867; -0.12557299435138702; 
329; 0.7130590677261353; -1.638589859008789; -1.4999089241027832; -0.8010131120681763; 0.6554539203643799; -0.6304253339767456; 
367; 0.5336421132087708; -1.2326645851135254; -0.7121805548667908; -0.9771795272827148; 0.47440534830093384; -0.41102027893066406; 
369; -0.4662586450576782; -1.5824387073516846; -0.4135388433933258; -1.1954259872436523; 0.9147512912750244; -0.28984716534614563; 
391; 0.0362246036529541; -1.2010833024978638; -0.9882067441940308; -1.347166895866394; 0.6730722188949585; -0.10753695666790009; 
388; 0.45880061388015747; -0.28935861587524414; -0.6102547645568848; -0.940741240978241; 0.8001097440719604; -0.18102334439754486; 
330; 0.635081946849823; -1.4481358528137207; -0.5470389127731323; -1.0451335906982422; 0.4159865379333496; -0.15917223691940308; 
327; 0.2086477279663086; -1.3503553867340088; -0.47308701276779175; -1.1410495042800903; 0.8845604658126831; -0.42027658224105835; 
357; 0.29274260997772217; -0.8258132338523865; -1.322948694229126; -1.0864704847335815; 0.6429513692855835; -0.2599755525588989; 
348; 0.44383180141448975; -1.7678768634796143; -0.5455243587493896; -1.2723603248596191; 0.6510093212127686; -0.33098527789115906; 
352; 0.8521305322647095; -0.7616186141967773; -0.38412976264953613; -1.2363251447677612; 0.7871829271316528; -0.20757350325584412; 
371; 0.36317193508148193; -0.6901291608810425; -0.5530054569244385; -0.8101701736450195; 0.9419270753860474; -0.08489345014095306; 
336; 0.006089270114898682; -1.6191577911376953; -0.7062671184539795; -0.7447574734687805; 0.5957274436950684; -0.29427671432495117; 
324; 0.37241262197494507; -0.5822739601135254; -0.8093709945678711; -1.0320980548858643; 0.7073964476585388; -0.35587266087532043; 
393; 0.26048535108566284; -0.8952587246894836; -0.07795888185501099; -1.4417192935943604; 0.5816442966461182; -0.41267669200897217; 
350; 0.34266233444213867; -1.226921558380127; -0.936374306678772; -1.017358660697937; 0.4511461555957794; -0.11781352758407593; 
372; -0.8528159260749817; -1.482452630996704; 0.13193964958190918; -1.0579092502593994; 0.48375943303108215; -0.2315213531255722; 
328; 0.11088263988494873; -0.8746967911720276; -0.6006783246994019; -0.7669264078140259; 0.8502558469772339; -0.21580493450164795; 
332; -0.08753407001495361; -1.1675920486450195; -0.832598865032196; -1.2886528968811035; 0.6277157068252563; -0.2119990587234497; 
346; 0.29091885685920715; -1.101661205291748; -0.7233738899230957; -1.0200666189193726; 0.8973352909088135; -0.16047002375125885; 
349; -1.3414325714111328; -1.69772469997406; -0.7415144443511963; -0.9951229095458984; 0.6749799251556396; -0.34402889013290405; 
347; -0.3183179795742035; -1.427047848701477; -1.5066065788269043; -1.064021110534668; 0.7206599712371826; -0.6781353950500488; 
394; 0.3760331869125366; -2.1588385105133057; -0.6481637358665466; -1.2225306034088135; 1.0207194089889526; -0.3755611777305603; 
366; 0.03270035982131958; -2.254272937774658; -0.9715843200683594; -0.9543230533599854; 0.7480937838554382; -0.20457087457180023; 
359; 0.16844075918197632; -1.4994511604309082; -0.8214737176895142; -0.9686832427978516; 0.8857519030570984; -0.25268685817718506; 
392; 0.3809283375740051; -1.2535817623138428; -0.4023957848548889; -0.9899483919143677; 0.6786764860153198; -0.39169853925704956; 
379; 0.4301797151565552; -2.387436628341675; -1.2887853384017944; -0.9078101515769958; 0.7040748596191406; -0.4263932704925537; 
306; 0.4857769012451172; -0.9350706338882446; -1.6523211002349854; -1.0559132099151611; 0.7430830597877502; -0.4440267086029053; 
381; 0.1606871485710144; -1.6591885089874268; -0.7616504430770874; -0.7759145498275757; 0.8198883533477783; -0.2943077087402344; 
397; 0.19529056549072266; -1.0422402620315552; -1.10249662399292; -1.0389113426208496; 0.4746074080467224; -0.4084325134754181; 
344; 0.019906699657440186; -1.771422028541565; -0.9699798822402954; -1.1249313354492188; 0.760287344455719; -0.057388052344322205; 
342; -0.08809059858322144; -1.0267101526260376; -0.7254143953323364; -0.8875643610954285; 0.8398683071136475; -0.12741607427597046; 
358; -0.1295585036277771; -1.494208812713623; -0.6691104769706726; -1.2148077487945557; 0.6662780046463013; -0.6013059616088867; 
389; 0.38976553082466125; -2.1775574684143066; -0.5070325136184692; -1.0840837955474854; 0.4698905944824219; -0.20895341038703918; 
365; 0.1934104561805725; -0.9919581413269043; -1.6033270359039307; -0.9978635311126709; 0.5784088373184204; -0.2371208518743515; 
395; 0.3332892060279846; -1.5371335744857788; -1.3126561641693115; -0.8549574017524719; 0.7393498420715332; -0.18986499309539795; 
319; 0.036145687103271484; -0.8086422681808472; -1.015204906463623; -1.0567259788513184; 0.5254026055335999; -0.1279265135526657; 
308; 0.4876915216445923; -2.2602641582489014; -1.2437704801559448; -1.2723792791366577; 0.3617231249809265; -0.16692344844341278; 
315; -0.14874762296676636; -1.7539451122283936; -0.2029058337211609; -1.1593097448349; 0.6633266806602478; -0.15696097910404205; 
312; -0.11619144678115845; -0.7806353569030762; -0.9958285093307495; -0.7767252922058105; 0.7389110326766968; -0.31321969628334045; 
376; -0.32814323902130127; -1.470792531967163; -0.5394235849380493; -1.2088208198547363; 0.6175500154495239; -0.46436607837677; 
317; 0.39103299379348755; -0.9327669143676758; -0.8910537362098694; -0.876506507396698; 0.7168303728103638; 0.079356849193573; 
341; 0.12983649969100952; -1.6616363525390625; -0.39886710047721863; -0.9842367172241211; 0.6313437223434448; -0.2952041029930115; 
363; 0.23645684123039246; -0.9215037822723389; -0.5165687203407288; -0.7857430577278137; 0.8213158845901489; -0.25176993012428284; 
313; 0.26671308279037476; -0.5774861574172974; -1.4108332395553589; -0.9820103645324707; 0.8125214576721191; -0.1586388796567917; 
378; 0.3421631455421448; -1.29203462600708; -0.7593261003494263; -0.8654517531394958; 0.8102017641067505; -0.42508822679519653; 
377; -0.5564262270927429; -2.0256190299987793; -0.34428539872169495; -0.8699341416358948; 0.5533978343009949; -0.22570128738880157; 
370; 0.05429372191429138; -0.7789758443832397; -0.8273248672485352; -0.8036549687385559; 0.7200230360031128; -0.17040124535560608; 
343; 0.44990551471710205; -1.5211787223815918; -0.9969466924667358; -1.038861632347107; 0.7710072994232178; -0.3304205536842346; 
375; 0.05154526233673096; -0.7902586460113525; -0.9107154607772827; -0.9222474098205566; 0.6019678711891174; 0.028625577688217163; 
345; 0.06714820861816406; -1.2147314548492432; -0.2962792217731476; -0.881354570388794; 0.9125176668167114; -0.5610048770904541; 
403; 0.12417078018188477; -0.8886518478393555; -1.3155065774917603; -1.0678298473358154; 0.8941529393196106; -0.25222766399383545; 
400; -0.284842848777771; -1.312193512916565; -0.6081371307373047; -0.8750998973846436; 0.7214853167533875; -0.19090789556503296; 
420; 0.8663025498390198; -0.8635646104812622; -0.8114112615585327; -0.9594210386276245; 0.4977894127368927; -0.5952081680297852; 
401; -0.5949914455413818; -1.641077995300293; -1.4059991836547852; -1.0130969285964966; 0.5966030359268188; -0.3884727954864502; 
433; 0.2346375584602356; -0.6119009256362915; -1.0134217739105225; -1.0516273975372314; 0.7082492113113403; -0.23811492323875427; 
402; 0.2719579339027405; -1.4235283136367798; -1.5701684951782227; -1.1247410774230957; 0.7396910190582275; -0.3378453552722931; 
424; 0.4528844952583313; -0.845528244972229; -0.9208241701126099; -0.828661322593689; 0.6656979322433472; -0.35075515508651733; 
409; -0.10250136256217957; -1.5040042400360107; -1.2153440713882446; -0.9647351503372192; 0.9110854268074036; -0.2390088438987732; 
404; 0.4790739417076111; -1.9077587127685547; -1.1891225576400757; -1.0974671840667725; 0.6632571220397949; -0.5543099045753479; 
422; 0.4139974117279053; -1.0829551219940186; -0.9659557342529297; -1.0718941688537598; 0.7834554314613342; -0.2531853914260864; 
423; 0.3238409757614136; -0.9228464961051941; -1.0107016563415527; -0.8533333539962769; 0.664276123046875; -0.04598665237426758; 
453; 0.16256654262542725; -1.2305349111557007; -0.36033472418785095; -0.8930715322494507; 0.5319819450378418; -0.6253951787948608; 
419; 0.006912887096405029; -1.140575647354126; -0.39931201934814453; -1.0163871049880981; 0.9453603029251099; -0.3486533463001251; 
408; -0.08961176872253418; -2.0166330337524414; -1.003149151802063; -1.0835106372833252; 0.7803748250007629; -0.05306468904018402; 
421; 0.31958451867103577; -0.8254361152648926; -0.9793263673782349; -0.8135167360305786; 0.9754986763000488; -0.42554810643196106; 
411; 0.3533310294151306; -0.886648416519165; -0.9074667692184448; -1.284919023513794; 0.687671422958374; -0.29149681329727173; 
405; 0.39593446254730225; -1.9594048261642456; -0.5351504683494568; -1.118483066558838; 1.0997483730316162; -0.22158558666706085; 
412; 0.22249746322631836; -1.3443176746368408; -1.2308621406555176; -1.0879743099212646; 0.8546969294548035; -0.45525485277175903; 
446; -0.0005155205726623535; -1.114662766456604; -0.6637375950813293; -1.0394965410232544; 0.6590208411216736; -0.14160388708114624; 
410; -0.4151995778083801; -1.434696078300476; -1.3897442817687988; -1.2105555534362793; 0.6358768939971924; -0.2999265789985657; 
476; -0.06808042526245117; -1.7539894580841064; -0.605991780757904; -0.8171575665473938; 0.6807204484939575; -0.1794743835926056; 
498; 0.26729142665863037; -1.3508098125457764; -0.6467998027801514; -0.9907441139221191; 0.8004213571548462; -0.280598908662796; 
468; 0.22434842586517334; -1.664760947227478; -0.18314990401268005; -0.7852792739868164; 0.8817160129547119; -0.2152111828327179; 
469; -0.17254555225372314; -1.3634545803070068; -0.8459946513175964; -0.769213855266571; 0.6689527034759521; -0.3541044592857361; 
406; 0.699416995048523; -1.1107103824615479; -0.3923388719558716; -1.0984432697296143; 0.9903340339660645; -0.31094345450401306; 
449; 0.05698347091674805; -1.1977043151855469; -0.7546291351318359; -0.8727612495422363; 0.6337039470672607; -0.07182207703590393; 
454; -0.118399977684021; -1.4268794059753418; -0.975736677646637; -0.8658813238143921; 0.6646444797515869; -0.44954144954681396; 
475; 0.049138009548187256; -1.6558632850646973; -1.001211166381836; -0.8744933605194092; 0.7379529476165771; -0.11918830871582031; 
460; -0.6371674537658691; -1.4901411533355713; -0.8085538148880005; -0.777912437915802; 0.6590749025344849; -0.35291874408721924; 
472; -0.35573405027389526; -2.0530591011047363; -1.4238715171813965; -0.7417942881584167; 0.6969670653343201; -0.2643848955631256; 
494; -0.06378346681594849; -0.9324713945388794; -1.1494405269622803; -1.0695502758026123; 0.6369805335998535; -0.1574975997209549; 
478; 0.5195173025131226; -1.3978776931762695; -0.9598636627197266; -0.869609534740448; 0.7118895053863525; -0.09700703620910645; 
459; 0.628879189491272; -0.7633309960365295; -0.8254764080047607; -0.84419184923172; 1.134392499923706; -0.18219691514968872; 
455; 0.11647665500640869; -1.3307769298553467; -0.6460436582565308; -1.234505534172058; 0.8588212728500366; -0.4140281677246094; 
447; 0.2712298333644867; -0.288362979888916; -0.9515846371650696; -1.0566962957382202; 0.5888861417770386; -0.3719002604484558; 
495; 0.5418823957443237; -0.5126851797103882; 0.02037501335144043; -0.8687683939933777; 0.6000468730926514; -0.20067211985588074; 
470; 0.0406380295753479; -1.5079395771026611; -0.8567898273468018; -0.8066114187240601; 0.4956953227519989; -0.35449856519699097; 
467; -0.5145648121833801; -1.734940528869629; -0.5249488353729248; -1.1106470823287964; 0.6813561320304871; -0.18102328479290009; 
428; -0.03099346160888672; -1.2805095911026; -1.2326496839523315; -0.7647497057914734; 0.7943683862686157; -0.23148609697818756; 
462; 0.2592848539352417; -1.0773097276687622; -1.0205994844436646; -1.1553535461425781; 0.6188417673110962; -0.1589798480272293; 
448; 0.047016441822052; -1.6710560321807861; -0.7799285650253296; -0.8939723372459412; 1.020626425743103; -0.37711280584335327; 
471; 0.09747123718261719; -1.8398478031158447; -0.8356859683990479; -0.9258890151977539; 0.9387189745903015; -0.2459762990474701; 
482; 0.22615963220596313; -2.0913801193237305; -1.7679119110107422; -0.8527294397354126; 0.6780624389648438; -0.03339928388595581; 
474; -0.11430191993713379; -1.6385602951049805; -0.7102987766265869; -1.0994200706481934; 0.82265704870224; -0.25925207138061523; 
473; 0.5517791509628296; -0.7286884188652039; -0.4994211792945862; -0.9674649834632874; 0.6732606887817383; -0.3225249946117401; 
488; 0.2823052406311035; -1.2646484375; -0.8889140486717224; -1.059483528137207; 0.7978401184082031; -0.416747510433197; 
413; 0.3169557452201843; -0.9612796306610107; -0.4636315703392029; -1.026847243309021; 0.9516927599906921; -0.4604695439338684; 
450; -0.7370336055755615; -1.7971363067626953; -0.6175943613052368; -0.9719051122665405; 0.4262063503265381; -0.25818294286727905; 
416; 0.23571723699569702; -1.4807804822921753; -0.7317894697189331; -1.1933009624481201; 0.4781472086906433; -0.4048196077346802; 
418; -0.20511206984519958; -1.3107937574386597; -0.6605560779571533; -1.092624545097351; 0.6976453065872192; 0.002902418375015259; 
427; 0.42778444290161133; -1.1383256912231445; -0.5497829914093018; -1.069570779800415; 0.6734941005706787; 0.0391671359539032; 
489; 0.4208719730377197; -1.4462937116622925; -0.5977637767791748; -0.9627560973167419; 0.6541577577590942; -0.17853330075740814; 
429; 0.29998940229415894; -0.4865422546863556; -0.34045886993408203; -0.9966977834701538; 0.8344388008117676; -0.06315375864505768; 
456; -0.6281795501708984; -1.4519017934799194; -0.801577091217041; -1.152183175086975; 0.757728636264801; -0.20091527700424194; 
487; 0.39201608300209045; -1.1836583614349365; -0.5726534128189087; -1.0193095207214355; 0.6127933859825134; -0.1255054920911789; 
483; -0.5292966365814209; -1.7345359325408936; -0.32735198736190796; -1.0394480228424072; 0.7948017120361328; -0.388921320438385; 
417; 0.5997531414031982; -1.4682960510253906; -0.7971310615539551; -0.9774155616760254; 0.8300707340240479; -0.3227975368499756; 
491; 0.24210238456726074; -1.703237771987915; -1.0063514709472656; -1.0258769989013672; 0.7187973260879517; -0.2559879422187805; 
438; 0.7350117564201355; -2.1184396743774414; -1.4132753610610962; -1.229008436203003; 0.8237019777297974; -0.338227778673172; 
426; 0.2151666283607483; -1.579714298248291; -0.7789099216461182; -1.088069200515747; 0.8504775762557983; -0.255394846200943; 
443; -0.016295969486236572; -1.6260007619857788; -0.11982366442680359; -1.0612373352050781; 0.6473022699356079; -0.04259975254535675; 
465; 0.22363007068634033; -1.3788504600524902; -0.5080024003982544; -1.1111035346984863; 0.738571047782898; -0.2058379054069519; 
439; -0.08804374933242798; -1.3078522682189941; -0.7101553678512573; -1.3079251050949097; 0.44416970014572144; -0.29434335231781006; 
425; 0.09921479225158691; -1.0732660293579102; -0.8401922583580017; -0.862280547618866; 0.8589091300964355; -0.5476565957069397; 
493; 0.452722430229187; -1.540305256843567; -0.491776704788208; -0.9613167643547058; 0.546545147895813; -0.11022177338600159; 
461; 0.5624840259552002; -1.0441440343856812; -1.0463659763336182; -0.9026323556900024; 0.8861721158027649; -0.06387296319007874; 
437; 0.5159891843795776; -1.9733554124832153; -1.1448158025741577; -0.8323129415512085; 0.5222210884094238; -0.5713440179824829; 
466; 0.23801738023757935; -1.4246156215667725; -0.7730736136436462; -0.870733916759491; 1.003288984298706; -0.24065685272216797; 
496; 0.47171950340270996; -0.8132374882698059; -0.9212754368782043; -0.996850311756134; 0.6491535902023315; -0.5081298351287842; 
432; 0.05205214023590088; -1.2823832035064697; 0.027303457260131836; -0.9575520753860474; 0.648927628993988; -0.36391180753707886; 
481; -0.09838533401489258; -1.6498761177062988; -1.4442788362503052; -1.20240318775177; 0.569627046585083; -0.4818457067012787; 
431; 0.15584570169448853; -0.9838061332702637; -0.6865594387054443; -1.1009327173233032; 0.757017970085144; -0.2490663230419159; 
490; -0.36797958612442017; -0.9531638622283936; -0.5470952987670898; -0.8575040102005005; 1.0229744911193848; -0.472487211227417; 
451; -0.036931753158569336; -1.5881576538085938; -0.20957720279693604; -1.0733389854431152; 0.4450386166572571; -0.38888028264045715; 
463; 0.4236491620540619; -0.6500585079193115; -0.3618716597557068; -1.0795507431030273; 0.7109791040420532; -0.162948340177536; 
430; 0.0054662227630615234; -1.1638765335083008; -0.800199568271637; -1.025835633277893; 0.7372921705245972; -0.06956981122493744; 
492; 0.7177318334579468; -0.659928023815155; -0.6395021080970764; -0.9993788599967957; 0.8861312866210938; -0.07494258880615234; 
435; 0.7336715459823608; -1.6411716938018799; -0.3603847324848175; -0.9124912023544312; 0.6286135911941528; -0.10919712483882904; 
485; -0.33803802728652954; -1.3520598411560059; -1.1339805126190186; -0.9870353937149048; 0.7437540292739868; -0.4367058277130127; 
436; 0.5189607739448547; -1.8504892587661743; -1.128587245941162; -1.0264757871627808; 0.5951440334320068; -0.36943894624710083; 
457; -0.44165748357772827; -0.9898487329483032; -0.6010408401489258; -1.0570423603057861; 0.7224649786949158; -0.3777115046977997; 
479; -0.010946452617645264; -1.7892212867736816; -0.8002161383628845; -1.111763834953308; 0.5007524490356445; -0.24685190618038177; 
414; 0.7087584137916565; -0.6909233927726746; -0.14340487122535706; -0.7279067635536194; 0.7048254013061523; -0.2299344688653946; 
445; -0.4545915424823761; -0.92060387134552; 0.07639700174331665; -1.0699604749679565; 0.8863506317138672; -0.24009788036346436; 
477; 0.3032943606376648; -1.8202147483825684; -0.767413854598999; -0.9344366788864136; 0.5821873545646667; -0.2563392221927643; 
440; 0.1358051896095276; -1.6281012296676636; -0.8578001260757446; -0.746126651763916; 0.5173459053039551; -0.31632596254348755; 
444; 0.4901313781738281; -1.2564481496810913; -0.05750131607055664; -0.6711306571960449; 0.8003490567207336; -0.2252134531736374; 
442; -0.3387036919593811; -1.9070863723754883; 0.06734985113143921; -1.080795407295227; 0.6654709577560425; -0.20332764089107513; 
441; 0.006930053234100342; -1.5700982809066772; -0.6241055727005005; -0.9904876947402954; 0.8126129508018494; -0.2624242305755615; 
452; 0.21782714128494263; -1.2558908462524414; -0.7525527477264404; -0.9430726170539856; 0.8334137201309204; -0.15292993187904358; 
458; -0.007782280445098877; -1.0073553323745728; -0.7396342754364014; -1.0923781394958496; 0.5225242376327515; -0.44695666432380676; 
497; -0.33582133054733276; -1.2841670513153076; -1.2630695104599; -0.8683133125305176; 0.5978724360466003; -0.488384485244751; 
480; 0.13813716173171997; -1.500798225402832; -1.0195095539093018; -1.0881155729293823; 0.3859482407569885; -0.3470730483531952; 
434; -0.29446226358413696; -0.891265869140625; -0.2842690348625183; -1.0183931589126587; 0.6519287824630737; -0.24203185737133026; 
415; 0.16260883212089539; -1.232317566871643; -0.6362428665161133; -0.9401721358299255; 0.7472009658813477; -0.2430855929851532; 
464; -0.038798898458480835; -1.6369246244430542; -1.0509319305419922; -1.1637864112854004; 0.6786930561065674; -0.3114232122898102; 
486; 0.4354533553123474; -1.4108688831329346; -0.36148780584335327; -0.8706860542297363; 0.6839931607246399; -0.11902642250061035; 
484; 0.278984397649765; -0.674985408782959; -1.2055259943008423; -0.8960252404212952; 0.5567781925201416; -0.3096880316734314; 
499; -0.024800777435302734; -1.272486925125122; -1.4358246326446533; -0.7800196409225464; 0.2773659825325012; -0.27734649181365967; 
501; -0.32229578495025635; -2.3979780673980713; -0.7737023234367371; -1.0717906951904297; 0.8054067492485046; -0.30268827080726624; 
500; 0.1795019507408142; -0.8838091492652893; -1.8849316835403442; -1.010124683380127; 0.8737393617630005; -0.3975505232810974; 
503; 0.11802172660827637; -0.9615665078163147; -0.6720722913742065; -1.0754425525665283; 0.8329983353614807; -0.3176899552345276; 
502; 0.059706151485443115; -1.6778533458709717; -0.028207838535308838; -0.8811219334602356; 0.6882880926132202; -0.281300812959671; 
505; 0.027270853519439697; -0.9567279815673828; -0.7573931217193604; -0.9124878644943237; 0.9025447368621826; -0.5545821189880371; 
504; -0.08918297290802002; -1.230566382408142; -0.9162887334823608; -0.8426270484924316; 0.7263138294219971; -0.3535137474536896; 
