6; 1.2151963710784912; -0.03608328104019165; 0.4138754904270172; -0.5859506726264954; 1.2876816987991333; 0.23341244459152222; 
58; 1.4454877376556396; 0.37006425857543945; 0.9666488170623779; -0.44466903805732727; 1.1999993324279785; 0.17791222035884857; 
13; 1.089796543121338; 0.15598046779632568; 0.5898751020431519; -0.37653908133506775; 1.2777512073516846; 0.19646522402763367; 
14; 1.8062596321105957; 0.05335235595703125; 0.7583045363426208; -0.5132962465286255; 1.2341593503952026; 0.6058617830276489; 
65; 1.4735195636749268; 0.5890544056892395; 0.55476975440979; -0.3494258224964142; 1.04001784324646; 0.08029809594154358; 
17; 1.672135591506958; 0.8019698858261108; 0.6715229749679565; -0.4358251392841339; 1.1466155052185059; 0.2731894850730896; 
24; 1.6265394687652588; 0.6089071035385132; 1.1643480062484741; -0.4191754460334778; 1.225771427154541; 0.3736174404621124; 
19; 1.1406965255737305; 0.49815666675567627; 0.6251070499420166; -0.5753498077392578; 1.3938724994659424; 0.31060436367988586; 
15; 0.9756828546524048; 0.07064735889434814; 0.8078913688659668; -0.613824725151062; 1.0980238914489746; 0.12010554224252701; 
4; 1.2885971069335938; -0.07498359680175781; 0.615300714969635; -0.3292442560195923; 1.4476693868637085; 0.2628359794616699; 
30; 1.48835027217865; -0.1778525710105896; 0.5085138082504272; -0.21296420693397522; 1.3011932373046875; 0.1952972263097763; 
48; 1.2562865018844604; 0.4597763419151306; 0.6804666519165039; -0.5118273496627808; 1.3305801153182983; 0.1432538777589798; 
22; 1.444706916809082; 0.6387254595756531; 0.49908727407455444; -0.3331710994243622; 1.216874122619629; 0.22541765868663788; 
90; 0.8971108198165894; 0.5020664930343628; 0.5132815837860107; -0.3282421827316284; 1.2032251358032227; 0.4967294931411743; 
64; 1.5982939004898071; 0.13951438665390015; 0.4447788894176483; -0.33053821325302124; 1.5128355026245117; 0.34326428174972534; 
20; 1.2843427658081055; 0.24006164073944092; 0.23204544186592102; -0.5334994196891785; 1.2401963472366333; 0.16848038136959076; 
66; 0.5450408458709717; 0.46961337327957153; 0.6316564083099365; -0.46302688121795654; 1.3496394157409668; 0.545068621635437; 
93; 1.5752317905426025; 0.26737087965011597; 0.5864328742027283; 0.027033478021621704; 0.9907761812210083; 0.23714503645896912; 
91; 1.218256950378418; 0.007522284984588623; 1.0937883853912354; -0.43892621994018555; 1.4881763458251953; 0.2962176203727722; 
95; 1.2657241821289062; 0.5373536348342896; 1.062341570854187; -0.13648489117622375; 1.312278389930725; 0.44106611609458923; 
33; 0.874825119972229; -0.02444756031036377; 0.5329344272613525; -0.2413446307182312; 1.4023770093917847; 0.38972729444503784; 
99; 1.3222110271453857; 0.9065749049186707; 0.5136346817016602; -0.5638988018035889; 1.240983486175537; 0.12795285880565643; 
49; 1.6560848951339722; -0.07462847232818604; 0.720708966255188; -0.4590587615966797; 1.0642064809799194; 0.12758353352546692; 
26; 1.1916568279266357; 0.5517523288726807; 0.20560038089752197; -0.46974611282348633; 1.0434060096740723; 0.2075464129447937; 
23; 1.5185185670852661; 0.732293426990509; 0.39213788509368896; -0.4587382376194; 1.454829216003418; 0.1941056102514267; 
16; 1.3720924854278564; -0.10691362619400024; 0.5705099105834961; -0.5414989590644836; 1.1465251445770264; 0.1473349928855896; 
21; 1.2014257907867432; 0.5448614954948425; 0.17091092467308044; -0.3591594099998474; 1.1874479055404663; 0.01980935037136078; 
57; 1.328110933303833; 0.5054636001586914; 0.727157711982727; -0.5245877504348755; 1.1635738611221313; -0.03187943994998932; 
29; 1.633731484413147; 0.06256210803985596; 0.5880782008171082; -0.25141283869743347; 1.4492135047912598; 0.15918618440628052; 
60; 1.4167964458465576; 0.7421363592147827; 0.8049783706665039; -0.5147198438644409; 1.4251039028167725; 0.3659605383872986; 
3; 1.0227621793746948; 0.5585192441940308; 0.8880673050880432; -0.3159545660018921; 1.2952646017074585; 0.16835655272006989; 

88; 1.3132978677749634; 0.5265969038009644; 1.1458226442337036; -0.28840404748916626; 1.3721688985824585; 0.33160239458084106; 
92; 0.9944035410881042; 0.38342583179473877; 0.9550817608833313; -0.647379994392395; 1.0776770114898682; 0.13331228494644165; 
68; 0.7997468709945679; -0.1633850336074829; 1.0510118007659912; -0.5106614828109741; 1.303600788116455; 0.2585253417491913; 
32; 1.2779395580291748; 0.687481164932251; 0.6425566673278809; -0.3080439865589142; 1.264906406402588; 0.4499446153640747; 
40; 1.283236026763916; 0.4949477016925812; 0.5811041593551636; -0.4973730146884918; 1.3992958068847656; 0.23248600959777832; 
89; 1.6893912553787231; 0.6227401494979858; 0.07907402515411377; -0.2937290370464325; 1.1703124046325684; 0.4670148193836212; 
94; 1.1948837041854858; 0.43680712580680847; 0.4141668379306793; -0.4936850666999817; 1.4064799547195435; 0.27579933404922485; 
56; 1.282738447189331; 0.21164733171463013; 0.7962456941604614; -0.4403420388698578; 1.2247790098190308; 0.18302015960216522; 
72; 1.4237380027770996; 0.0007077455520629883; 1.0437971353530884; -0.4861687123775482; 1.4450452327728271; 0.24301719665527344; 
82; 1.1661231517791748; 0.3402872085571289; 0.6976803541183472; -0.3596010208129883; 1.4329051971435547; 0.3736657500267029; 
39; 1.2581117153167725; 0.5737876892089844; 0.6161218285560608; -0.34090474247932434; 1.2518008947372437; 0.2435186803340912; 
37; 1.2538360357284546; 0.002050459384918213; 0.3108345568180084; -0.3916308283805847; 1.269708514213562; 0.142124742269516; 
59; 1.4140172004699707; 0.41390374302864075; 0.49424099922180176; -0.22546690702438354; 1.2450119256973267; 0.21085116267204285; 
2; 1.2331905364990234; 0.47707897424697876; 1.0375274419784546; -0.40303048491477966; 1.2873872518539429; 0.11415860056877136; 
70; 1.1501778364181519; 0.1377345621585846; 0.7306573390960693; -0.3830505907535553; 1.0091432332992554; 0.545251190662384; 
9; 0.9054722785949707; 0.1843980848789215; -0.1505218744277954; -0.5274342894554138; 1.4056814908981323; 0.20324333012104034; 
81; 1.4863543510437012; 0.29656508564949036; 0.21872258186340332; -0.8073216676712036; 1.1087241172790527; 0.30870571732521057; 
63; 1.4215360879898071; 0.5952543616294861; 0.7978898286819458; -0.19438442587852478; 1.601198434829712; 0.2888033390045166; 
0; 1.1903187036514282; 0.24593865871429443; 1.0289208889007568; -0.3990323543548584; 1.5510786771774292; 0.14963608980178833; 
43; 1.6652820110321045; 0.27637380361557007; 0.47299471497535706; -0.5003260374069214; 1.4451165199279785; 0.471879243850708; 
10; 1.160847783088684; -0.717470109462738; 0.2540249228477478; -0.3756183981895447; 1.33672297000885; 0.35282284021377563; 
35; 1.1202387809753418; 0.37503960728645325; 0.6312395334243774; -0.36862820386886597; 1.2105461359024048; 0.2308935821056366; 
69; 1.383639931678772; 0.32669734954833984; 0.6325508952140808; -0.4108802378177643; 1.3068170547485352; 0.11620891094207764; 
27; 1.2516999244689941; -0.2392858862876892; 0.49700844287872314; -0.4159834682941437; 1.3921488523483276; 0.39614635705947876; 
25; 0.8769906759262085; -0.3157689571380615; 0.6759270429611206; -0.4816776216030121; 1.1577883958816528; 0.4720030426979065; 
1; 1.6045186519622803; 0.24256950616836548; 0.6908676028251648; -0.5414904356002808; 1.503615140914917; 0.2597012221813202; 
67; 1.811734914779663; 0.4483982026576996; 0.5394793748855591; -0.6570145487785339; 1.2598159313201904; 0.3196292817592621; 
8; 1.108881950378418; -0.44332075119018555; 0.44712743163108826; -0.3529112637042999; 1.1380358934402466; 0.6225322484970093; 
12; 1.059122920036316; 0.6405388712882996; 0.2948232889175415; -0.39054232835769653; 1.1962274312973022; 0.11818569898605347; 
11; 1.1182565689086914; 0.02312159538269043; 0.7862834930419922; -0.3059154748916626; 1.1597380638122559; 0.35904914140701294; 
98; 1.1466597318649292; 0.32274603843688965; 0.8677924871444702; -0.36518076062202454; 1.2258894443511963; 0.36389032006263733; 
55; 1.7518219947814941; -0.22194445133209229; 0.8412175178527832; -0.39227190613746643; 1.1108237504959106; 0.4388269782066345; 
74; 1.2314594984054565; 0.4271857738494873; 0.4960747957229614; -0.700268030166626; 1.258906602859497; 0.1543421745300293; 
61; 1.2824795246124268; 0.23776516318321228; 0.5206091403961182; -0.6451839208602905; 1.4362462759017944; 0.3100511133670807; 
75; 1.5424541234970093; 0.09698426723480225; 0.5947594046592712; -0.37257707118988037; 1.3038315773010254; 0.17416110634803772; 
42; 1.3112850189208984; 0.18447336554527283; 0.5663636326789856; -0.32495757937431335; 1.3334813117980957; 0.4119584560394287; 
77; 1.3129935264587402; -0.17232191562652588; 1.062028408050537; -0.3454134166240692; 1.429679036140442; 0.2878047525882721; 
44; 1.2553136348724365; -0.04447704553604126; 0.9669387340545654; -0.3414706885814667; 1.215193271636963; 0.19273635745048523; 
47; 0.8849580883979797; 0.22578656673431396; 0.7469505071640015; -0.39463961124420166; 1.0811316967010498; 0.2938728630542755; 
51; 1.2169697284698486; -0.013558924198150635; 0.6562455892562866; -0.43617886304855347; 1.3867747783660889; 0.22019442915916443; 
7; 1.0998473167419434; -0.42911821603775024; 0.7607086300849915; -0.4101552963256836; 1.0277674198150635; 0.08433946967124939; 
87; 1.5042474269866943; 0.008555114269256592; 0.6141893267631531; -0.3649897575378418; 1.2505899667739868; 0.06117023527622223; 
62; 0.8764821887016296; 0.47178369760513306; 0.8030151724815369; -0.4193527102470398; 1.2374156713485718; 0.32945626974105835; 
36; 1.0647042989730835; 0.7543578743934631; -0.05793869495391846; -0.1633909046649933; 1.3154866695404053; 0.2326471209526062; 
73; 0.9627986550331116; -0.40169018507003784; 1.1025755405426025; -0.45063433051109314; 1.320784568786621; 0.0775444358587265; 
46; 1.2935528755187988; 0.7464935183525085; 0.2520768344402313; -0.5465893745422363; 1.3163707256317139; 0.4383261501789093; 
52; 1.5234884023666382; 0.124564528465271; 0.8307811617851257; -0.530954122543335; 1.0967165231704712; 0.29045259952545166; 
50; 1.0773946046829224; 0.05159872770309448; 0.5308346152305603; -0.1609095335006714; 1.2730299234390259; 0.3625012934207916; 
85; 1.0677441358566284; -0.15155881643295288; 0.6562228202819824; -0.5470739006996155; 0.9805999398231506; 0.15835604071617126; 
80; 1.3836588859558105; 0.1949293315410614; 0.7155643701553345; -0.3946648836135864; 1.3076937198638916; 0.1760118007659912; 
28; 0.8038255572319031; 0.24336934089660645; 0.5933927297592163; -0.5204924941062927; 0.9940081834793091; 0.32978805899620056; 
5; 1.1989550590515137; 0.2857001721858978; 0.4932348132133484; -0.35433870553970337; 1.035936951637268; 0.21014225482940674; 
38; 1.4086024761199951; 0.5024540424346924; 0.6664400100708008; -0.5059860944747925; 1.5896610021591187; 0.2992153763771057; 
83; 1.8623783588409424; 0.9430190324783325; 0.7220468521118164; -0.2604081332683563; 1.260237216949463; 0.1446109265089035; 
34; 0.8205358386039734; 0.04415547847747803; 0.6725147366523743; -0.40437397360801697; 1.2326451539993286; 0.07870124280452728; 
45; 1.1734285354614258; 0.5755183100700378; 0.6786657571792603; -0.3408776521682739; 0.9748647212982178; 0.5547009706497192; 
53; 1.2589970827102661; 0.5626242160797119; 0.4902344346046448; -0.3681733012199402; 1.0570226907730103; 0.11551176011562347; 
54; 1.5737985372543335; 0.4724712073802948; 0.41308143734931946; -0.38444796204566956; 1.2816096544265747; 0.33315569162368774; 
76; 1.2826811075210571; 0.024384498596191406; 0.7886238098144531; -0.4265880286693573; 1.256553053855896; 0.19204647839069366; 
96; 1.2454560995101929; 0.18247383832931519; 0.683840274810791; -0.2360759675502777; 1.187668800354004; 0.10918794572353363; 
78; 1.098099946975708; 0.49610668420791626; 0.40402641892433167; -0.4106423556804657; 1.2030937671661377; 0.05855417251586914; 
79; 1.2480242252349854; 0.1303982138633728; 1.2416330575942993; -0.35249754786491394; 1.4230647087097168; 0.41764217615127563; 
84; 1.5535914897918701; 0.2420770525932312; 0.8067357540130615; -0.1514360010623932; 1.4716322422027588; 0.2035665661096573; 
41; 1.1486504077911377; 0.4543003439903259; 0.47603851556777954; -0.36398717761039734; 0.9859540462493896; 0.2653670012950897; 
31; 1.11663019657135; -0.2992662787437439; 0.9020566940307617; -0.7060608267784119; 1.2368018627166748; 0.27246981859207153; 
86; 1.1085619926452637; -0.04111522436141968; 0.5672198534011841; -0.4992203712463379; 1.0736335515975952; 0.3394128084182739; 
71; 1.0290842056274414; 0.21450123190879822; -0.48500341176986694; -0.22878658771514893; 1.2756130695343018; 0.35269492864608765; 
163; 0.8445887565612793; -0.004008054733276367; 0.6788750886917114; -0.3392828702926636; 1.3270078897476196; 0.17271243035793304; 
162; 1.2449582815170288; 0.262470543384552; 0.45283928513526917; -0.44600895047187805; 1.3170580863952637; 0.18627279996871948; 
111; 1.293485403060913; 0.34952405095100403; 0.8996674418449402; -0.6081938147544861; 1.0957245826721191; 0.405904620885849; 
176; 1.4158153533935547; 0.2818154990673065; 0.6189880967140198; -0.4067705273628235; 1.2914154529571533; 0.20611119270324707; 
164; 1.1389827728271484; 0.26320236921310425; 0.6112807393074036; -0.4205673635005951; 1.0188944339752197; 0.2096496820449829; 
170; 0.8936557769775391; 0.39490365982055664; 0.39158952236175537; -0.17375704646110535; 1.5357666015625; 0.413045734167099; 
104; 1.0991058349609375; 0.19569075107574463; 0.5203533172607422; -0.49480947852134705; 1.1559473276138306; 0.19410869479179382; 
112; 1.7954399585723877; 0.5825178027153015; 0.3085930347442627; -0.47239792346954346; 1.1169953346252441; 0.18412581086158752; 
106; 1.1613463163375854; 0.042525291442871094; 0.29239389300346375; -0.714765727519989; 1.3603029251098633; 0.03555192053318024; 
157; 1.4791388511657715; -0.12556803226470947; 0.6339314579963684; -0.5312424302101135; 1.1250874996185303; 0.5481101274490356; 
171; 1.157397747039795; 0.5143176317214966; 0.6154735684394836; -0.3296794593334198; 1.3121240139007568; 0.3554677367210388; 
123; 1.297005295753479; -0.12688618898391724; 0.5936048030853271; -0.3661377727985382; 1.2330330610275269; 0.2743399441242218; 
156; 1.3266723155975342; 0.35933488607406616; 0.49183130264282227; -0.702566385269165; 1.4551081657409668; 0.2658045291900635; 
127; 1.6607528924942017; 0.5189863443374634; 0.5662804245948792; -0.4726269543170929; 1.0788639783859253; 0.3703055679798126; 
107; 1.1003844738006592; -0.050095319747924805; 0.44332823157310486; -0.5587407946586609; 1.4114701747894287; 0.3976709246635437; 
103; 1.685553789138794; 0.49218234419822693; 0.661078155040741; -0.3416024446487427; 1.2020459175109863; 0.21119065582752228; 
100; 0.7114835977554321; 0.4324207007884979; 0.6360843181610107; -0.3402746915817261; 1.0383632183074951; 0.4357985258102417; 
145; 1.2326457500457764; 0.7157394886016846; 0.012074947357177734; -0.43946340680122375; 1.2922329902648926; 0.4780338704586029; 
122; 1.2358877658843994; 0.3077360987663269; 0.9740128517150879; -0.44437482953071594; 1.188462257385254; 0.1858062744140625; 
129; 1.640907645225525; 0.5064507126808167; 0.056776344776153564; -0.771701991558075; 1.497549057006836; 0.49378132820129395; 
117; 1.392346739768982; -0.06199270486831665; 0.9169116020202637; -0.376504510641098; 1.2984859943389893; 0.37732383608818054; 
110; 1.066154956817627; -0.022162973880767822; 0.2332877218723297; -0.49316948652267456; 1.04373300075531; -0.0015717297792434692; 
121; 1.2119606733322144; -0.3261018395423889; 0.45829927921295166; -0.4807218611240387; 1.3924386501312256; 0.38967809081077576; 
181; 1.7225664854049683; 0.5171070098876953; 0.7379064559936523; -0.5572241544723511; 1.1836286783218384; 0.41009244322776794; 
161; 1.1578686237335205; 0.20580190420150757; 0.6067391633987427; -0.5788756608963013; 1.3587597608566284; 0.25067228078842163; 
105; 1.2657418251037598; -0.07965689897537231; 0.8890222907066345; -0.4524698257446289; 1.251937747001648; 0.4222339689731598; 
169; 1.6025962829589844; -0.041132211685180664; -0.15907496213912964; -0.21578682959079742; 1.095715045928955; 0.22841104865074158; 
133; 1.3063898086547852; -0.1759083867073059; 0.30578282475471497; -0.5829941630363464; 1.109053373336792; 0.30298906564712524; 
114; 1.269883632659912; -0.025514662265777588; 0.6303535103797913; -0.44342291355133057; 1.069916844367981; 0.2418144941329956; 
168; 0.9102813005447388; 0.03209131956100464; 1.0106432437896729; -0.5152601003646851; 1.1919909715652466; 0.040066272020339966; 
183; 1.5963337421417236; 0.1036597490310669; 0.9338841438293457; -0.4972580075263977; 1.1059869527816772; 0.5199894905090332; 
180; 1.29043710231781; 0.4600350260734558; 0.13352715969085693; -0.32397204637527466; 1.2941439151763916; 0.11645969748497009; 
167; 1.2469067573547363; 0.24023541808128357; 0.015097737312316895; -0.3895038664340973; 1.3292585611343384; -0.029836639761924744; 
148; 1.4813477993011475; 0.29104098677635193; 0.33394894003868103; -0.31303226947784424; 1.471922755241394; 0.5052647590637207; 
185; 0.7007348537445068; 0.37093156576156616; 0.6458550691604614; -0.3998680114746094; 1.370748519897461; 0.45603078603744507; 
102; 1.302309513092041; 0.049947500228881836; 0.19369733333587646; -0.6606122851371765; 1.48549485206604; 0.3829815089702606; 
182; 1.180163860321045; 0.3686414062976837; 0.9057785272598267; -0.5490448474884033; 1.142498254776001; 0.3220959007740021; 
126; 1.2769813537597656; 0.06720727682113647; 0.2766762673854828; -0.525650680065155; 1.1439751386642456; 0.16635733842849731; 
153; 1.4701359272003174; 0.28901803493499756; 0.6611527800559998; -0.5880295038223267; 1.1914082765579224; 0.35198771953582764; 
188; 1.295297622680664; 0.7414554357528687; 0.5670289993286133; -0.05510762333869934; 1.4295899868011475; 0.4731600880622864; 
128; 1.7457516193389893; -0.03903377056121826; 0.7505991458892822; -0.5824258327484131; 1.2786790132522583; 0.17595231533050537; 
125; 0.7792929410934448; 0.2632703185081482; 0.13549765944480896; -0.5730760097503662; 1.3170499801635742; 0.3253052830696106; 
195; 1.2418859004974365; 0.6769527196884155; 0.6608876585960388; -0.3862493932247162; 0.9659472703933716; 0.04680098593235016; 
165; 1.5285639762878418; 0.38826245069503784; 0.7170944213867188; -0.4404650926589966; 1.418184518814087; 0.12933288514614105; 
184; 1.2192572355270386; -0.551880419254303; 0.5347132682800293; -0.4089002013206482; 1.4034385681152344; 0.06787726283073425; 
174; 1.0430313348770142; 0.06247854232788086; 0.35065770149230957; -0.6285374164581299; 1.2531239986419678; 0.16187062859535217; 
197; 1.474348783493042; 0.3423836827278137; 0.9903872013092041; -0.4524540901184082; 1.5904433727264404; 0.38131049275398254; 
130; 0.7254319190979004; 0.4995846748352051; 0.6199085116386414; -0.5933640003204346; 1.4699714183807373; 0.30236682295799255; 
101; 1.1566426753997803; 0.6054106950759888; 1.3365740776062012; -0.41831186413764954; 1.2229554653167725; 0.2493765950202942; 
108; 1.6288049221038818; 0.47686126828193665; 0.23986458778381348; -0.4640158414840698; 1.1542057991027832; 0.4724814295768738; 
132; 0.9850983023643494; 0.19790005683898926; 1.1482348442077637; -0.431625097990036; 1.0560553073883057; 0.4490278959274292; 
109; 1.4008593559265137; 0.19411221146583557; 0.6866567134857178; -0.422972172498703; 1.0553306341171265; 0.37456214427948; 
118; 1.5867468118667603; 0.569597601890564; 0.3484843969345093; -0.5779144763946533; 1.0880833864212036; 0.15580210089683533; 
151; 1.2765178680419922; 0.4088095426559448; 0.4852134883403778; -0.2567311227321625; 1.1377297639846802; 0.4348589777946472; 
175; 0.9144201278686523; 0.23669958114624023; 0.3423856496810913; -0.6639998555183411; 1.2022606134414673; 0.20598635077476501; 
155; 1.4706199169158936; -0.2083801031112671; 0.7015388607978821; -0.6613413691520691; 1.235623836517334; 0.24149543046951294; 
150; 0.9937728643417358; 0.08757108449935913; 1.0203114748001099; -0.4047074615955353; 1.229799747467041; 0.4431076645851135; 
196; 1.0496149063110352; 0.5440714955329895; 0.47854989767074585; -0.46591654419898987; 1.2896161079406738; 0.1096607893705368; 
124; 1.1025933027267456; 0.04671633243560791; 0.27254441380500793; -0.6213642954826355; 1.2539855241775513; 0.2893591821193695; 
142; 1.264822244644165; 0.12451249361038208; 0.33098649978637695; -0.5789226293563843; 1.2101647853851318; 0.37970250844955444; 
119; 1.6992552280426025; 0.24913549423217773; 0.4488314390182495; -0.2743246257305145; 0.9054005146026611; 0.36201608180999756; 
186; 1.0807092189788818; -0.12556183338165283; 0.3283751606941223; -0.6533152461051941; 1.418304204940796; 0.09748122096061707; 
198; 1.140663743019104; 0.07188975811004639; 0.6593520641326904; -0.43797436356544495; 1.1451339721679688; 0.15306410193443298; 
113; 1.2321171760559082; 0.4539739489555359; 1.1208858489990234; -0.5063027143478394; 1.4642891883850098; 0.4393591582775116; 
173; 0.9890638589859009; 0.09174692630767822; 0.3714965581893921; -0.4767110347747803; 1.1620286703109741; 0.11916814744472504; 
194; 0.9913827180862427; 0.6969925165176392; 0.2653590440750122; -0.43907853960990906; 1.2834713459014893; 0.33246245980262756; 
135; 1.3686742782592773; 0.3520818054676056; 0.017607927322387695; -0.25664082169532776; 1.1037042140960693; 0.419602632522583; 
137; 1.367018461227417; 0.1485135555267334; 0.9704664349555969; -0.462973028421402; 1.0992635488510132; 0.26772788166999817; 
131; 1.1066101789474487; -0.028509199619293213; 0.7776541113853455; -0.41175028681755066; 1.1294559240341187; 0.25513631105422974; 
147; 1.027863621711731; -0.11855369806289673; 0.8837007284164429; -0.3516608476638794; 1.6497570276260376; 0.17902833223342896; 
120; 1.1106213331222534; -0.033867716789245605; 0.716143012046814; -0.2624538540840149; 1.1368848085403442; 0.39430731534957886; 
159; 1.6961894035339355; 0.25829800963401794; 1.1203986406326294; -0.5973919630050659; 1.306075096130371; 0.2715728282928467; 
193; 1.370938777923584; 0.38464516401290894; 0.43209245800971985; -0.2776491641998291; 1.202575445175171; 0.235141322016716; 
149; 1.4757084846496582; 0.5294564962387085; 0.21120423078536987; -0.2908923923969269; 1.0030252933502197; 0.574280858039856; 
136; 1.3256614208221436; -0.48836541175842285; 0.8263012766838074; -0.337668776512146; 1.1883060932159424; 0.09654171764850616; 
166; 1.0158100128173828; 0.22543483972549438; 0.9737403392791748; -0.2501771152019501; 1.4120112657546997; 0.4545198678970337; 
146; 1.4611530303955078; 0.6221193671226501; 1.0335688591003418; -0.61311936378479; 1.1439310312271118; 0.2630351483821869; 
192; 1.0487651824951172; -0.012631654739379883; -0.0051212310791015625; -0.521929919719696; 1.3304550647735596; 0.16686969995498657; 
115; 1.1641401052474976; 0.24991145730018616; 0.38882067799568176; -0.20820625126361847; 1.044869303703308; 0.24004872143268585; 
199; 0.9497459530830383; 0.28928595781326294; 0.26596805453300476; -0.29753348231315613; 1.4069039821624756; 0.33040744066238403; 
139; 1.4589831829071045; -0.0659480094909668; 0.46694791316986084; -0.4280363917350769; 1.1393089294433594; 0.36551332473754883; 
189; 1.3687384128570557; 0.30571448802948; 0.42489174008369446; -0.5475468635559082; 1.143914818763733; 0.1253199428319931; 
116; 1.300787091255188; 0.18985742330551147; 0.3984312117099762; -0.6900298595428467; 1.0472612380981445; 0.07611459493637085; 
172; 1.5788578987121582; 0.32884013652801514; 0.6569933295249939; -0.6181145906448364; 1.1661111116409302; 0.3917754590511322; 
187; 1.2416713237762451; -0.058095574378967285; 0.8669537901878357; -0.5632244944572449; 1.0994830131530762; 0.35454678535461426; 
143; 1.0692404508590698; 0.23964500427246094; 0.4791071116924286; -0.3835147023200989; 1.0726957321166992; 0.1030721366405487; 
154; 1.150635004043579; -0.006684362888336182; 0.5260158777236938; -0.30929097533226013; 1.2005157470703125; 0.4202660322189331; 
152; 0.950721025466919; 0.287280797958374; 0.2971683144569397; -0.5410361886024475; 1.114298701286316; 0.23188333213329315; 
160; 1.080957293510437; 0.4275349974632263; 0.34410661458969116; -0.4697723984718323; 1.0268306732177734; 0.3953545093536377; 
178; 1.2658312320709229; 0.1865791380405426; 0.1428290605545044; -0.33652371168136597; 1.3109790086746216; 0.11754993349313736; 
190; 1.2514312267303467; 0.11245858669281006; 0.7135044932365417; -0.5200008153915405; 1.2851097583770752; 0.3921396732330322; 
134; 1.5718984603881836; 0.6146312952041626; 1.1556528806686401; -0.4567866027355194; 1.355455756187439; 0.4748460054397583; 
158; 1.0936176776885986; 0.7911213040351868; 0.8834301233291626; -0.26163649559020996; 1.0802652835845947; 0.5086244940757751; 
179; 1.4084033966064453; 0.689251184463501; 0.8427706360816956; -0.05621224641799927; 1.0775803327560425; 0.191641166806221; 
138; 1.3567191362380981; 0.4157162010669708; 0.527239203453064; -0.3764466643333435; 1.4348247051239014; 0.4230974316596985; 
140; 0.9378677606582642; 0.1196749210357666; 0.1621626615524292; -0.374266117811203; 1.5523681640625; 0.3414934277534485; 
141; 1.123793601989746; 0.32323139905929565; 0.7240428924560547; -0.20605231821537018; 1.1843324899673462; 0.20858705043792725; 
191; 1.30839204788208; 0.2666616439819336; 0.7430337071418762; -0.6202021837234497; 1.3161163330078125; 0.15162017941474915; 
177; 0.6947858333587646; 0.1447291374206543; 0.5266837477684021; -0.31276601552963257; 1.1583495140075684; 0.47274279594421387; 
249; 1.352567434310913; -0.13949191570281982; 0.6799284219741821; -0.39635011553764343; 1.3516805171966553; 0.238864004611969; 
219; 1.1707713603973389; 0.31601276993751526; 0.12709355354309082; -0.43267858028411865; 1.2596149444580078; 0.3414381742477417; 
242; 1.2672491073608398; 0.21823078393936157; 1.0253171920776367; -0.410446435213089; 1.1588389873504639; 0.05023157596588135; 
222; 1.2976934909820557; 0.09387564659118652; 1.0702310800552368; -0.28816989064216614; 1.2633330821990967; 0.2695538401603699; 
238; 1.3885931968688965; 0.9359762072563171; 0.7374374866485596; -0.44922709465026855; 1.1375830173492432; 0.31711703538894653; 
202; 0.5105106234550476; -0.14296060800552368; 0.7342905402183533; -0.41455715894699097; 1.1649417877197266; 0.4354754686355591; 
215; 1.5090937614440918; 0.2002738118171692; 0.18848884105682373; -0.6487992405891418; 1.278366208076477; 0.023731902241706848; 
205; 1.4195476770401; 0.617037832736969; 1.0060005187988281; -0.4111940860748291; 1.026336669921875; 0.05101674795150757; 
223; 1.3238193988800049; -0.019586145877838135; 0.9144570827484131; -0.227113276720047; 1.0534923076629639; 0.2598351240158081; 
217; 0.7258729934692383; 0.32814666628837585; 0.8814593553543091; -0.29096198081970215; 0.9775546789169312; 0.11795763671398163; 
218; 1.1965885162353516; 0.6342744827270508; 0.6457108855247498; -0.4790056347846985; 1.4730424880981445; 0.1744426190853119; 
206; 1.1203978061676025; -0.25562018156051636; 0.7176305651664734; -0.5786066055297852; 1.393950343132019; 0.19222542643547058; 
280; 1.6136363744735718; 0.5644755363464355; 0.6726212501525879; -0.08314654231071472; 1.4967411756515503; 0.3830001652240753; 
212; 1.3661596775054932; 0.5972908139228821; 0.6887946128845215; -0.5878965258598328; 1.2746132612228394; 0.2514496147632599; 
234; 1.7847696542739868; -0.037852346897125244; 0.8753218054771423; -0.6109395623207092; 1.1990411281585693; 0.33281201124191284; 
214; 1.3022119998931885; -0.006483554840087891; 0.4841771125793457; -0.2731744945049286; 1.1441844701766968; 0.14554540812969208; 
203; 0.8322820663452148; 0.03467375040054321; 0.3701866865158081; -0.46550655364990234; 1.2675045728683472; 0.16389814019203186; 
241; 1.114405632019043; -0.16701704263687134; 0.6701834797859192; -0.6031854748725891; 1.1535130739212036; 0.2176727056503296; 
251; 1.4235037565231323; 0.44633787870407104; 0.4874858856201172; -0.3691503703594208; 1.1048400402069092; 0.10401996970176697; 
207; 1.2442740201950073; 0.7396319508552551; 0.9485224485397339; -0.4469568133354187; 1.3654334545135498; 0.10347459465265274; 
260; 1.3897783756256104; 0.43674415349960327; 0.780394971370697; -0.3841766119003296; 1.3012863397598267; 0.3419320285320282; 
216; 0.9485653638839722; -0.2177196741104126; 0.7256742715835571; -0.36948931217193604; 1.4906175136566162; 0.0246981680393219; 
266; 1.4423243999481201; 0.32099011540412903; 0.6943543553352356; -0.33221328258514404; 1.1159511804580688; 0.26649388670921326; 
248; 1.2543354034423828; 0.3448011875152588; 0.5293290615081787; -0.48511603474617004; 1.0580133199691772; 0.26779094338417053; 
265; 1.2304080724716187; 0.5163812041282654; 0.28282231092453003; -0.5016361474990845; 1.2528425455093384; 0.31430110335350037; 
231; 1.2148957252502441; 0.004828989505767822; 0.2401334047317505; -0.5674427151679993; 1.3677067756652832; 0.12730005383491516; 
281; 1.291473388671875; -0.11797863245010376; 0.7824426293373108; -0.720116138458252; 1.726311206817627; 0.2983947992324829; 
279; 0.9349004030227661; 0.16531163454055786; 0.8186730742454529; -0.38117262721061707; 1.2910740375518799; 0.2505432367324829; 
245; 1.1042643785476685; -0.1430978775024414; 0.6848782300949097; -0.5427258014678955; 1.149826169013977; 0.33595454692840576; 
282; 1.2791953086853027; 0.4616878032684326; 0.4828152060508728; -0.6106479167938232; 1.3361291885375977; 0.43448421359062195; 
232; 1.0621157884597778; 0.05262565612792969; 0.36849522590637207; -0.6568571925163269; 1.1983615159988403; 0.3768084645271301; 
239; 1.3651635646820068; 0.49242088198661804; 0.24931854009628296; -0.38236862421035767; 1.1154487133026123; 0.03527015447616577; 
230; 1.620582103729248; -0.08715158700942993; 0.8337547779083252; -0.6385552287101746; 1.2389228343963623; 0.07398846745491028; 
250; 1.1470643281936646; 0.9270758628845215; 0.794564962387085; -0.31602752208709717; 1.3222215175628662; 0.0016294121742248535; 
244; 1.648793339729309; 0.24999386072158813; 0.7632898092269897; -0.34307458996772766; 1.5008831024169922; 0.454486608505249; 
228; 1.0912108421325684; 0.22472542524337769; 0.32953721284866333; -0.37902575731277466; 1.19313645362854; 0.32903483510017395; 
236; 1.0834805965423584; 0.17177647352218628; 0.684548556804657; -0.4161968529224396; 1.4454655647277832; 0.28733715415000916; 
204; 1.1649551391601562; -0.30155670642852783; 0.6638411283493042; -0.38760149478912354; 0.9876066446304321; 0.5501623153686523; 
267; 1.1581975221633911; 0.4809867739677429; 0.524956464767456; -0.4477452337741852; 1.2314722537994385; 0.41970932483673096; 
233; 1.325539469718933; -0.6600509285926819; 0.6938138604164124; -0.4915201663970947; 1.3586500883102417; 0.20503315329551697; 
252; 1.3612849712371826; 0.11605608463287354; 0.5459009408950806; -0.40695464611053467; 1.4075307846069336; 0.3107767701148987; 
225; 0.8728869557380676; 0.013504385948181152; 0.9697741866111755; -0.3960611820220947; 1.275647759437561; 0.41728267073631287; 
229; 1.2896106243133545; -0.12826615571975708; 0.5336628556251526; -0.2572266459465027; 1.354013442993164; 0.2576890289783478; 
276; 1.2562518119812012; 0.1933535933494568; 0.526721179485321; -0.40056923031806946; 1.327616810798645; 0.017457246780395508; 
246; 1.739210605621338; 0.9351698160171509; 1.0149378776550293; -0.14162582159042358; 1.2615035772323608; 0.10260525345802307; 
274; 1.4709491729736328; -0.04461747407913208; 0.0010033249855041504; -0.2818007171154022; 1.1782985925674438; 0.2835383117198944; 
227; 1.2300052642822266; 0.19148701429367065; 0.7365565299987793; -0.43523916602134705; 1.1470967531204224; 0.27130454778671265; 
278; 0.9798928499221802; 0.35071322321891785; 1.1453588008880615; -0.31645309925079346; 1.1616748571395874; 0.050029486417770386; 
247; 0.9465309977531433; -0.0008238554000854492; 0.505560040473938; -0.48346617817878723; 1.0259864330291748; 0.3148622512817383; 
289; 0.9820554852485657; 0.304685115814209; 0.2375926673412323; -0.240977942943573; 1.2451586723327637; 0.22862008213996887; 
224; 1.5025336742401123; 0.04310154914855957; 0.6790423393249512; -0.29650741815567017; 1.4968602657318115; 0.4708133339881897; 
208; 1.4747674465179443; 0.14982450008392334; 0.4937674105167389; -0.4436354339122772; 1.2323483228683472; 0.4235195517539978; 
237; 1.225999116897583; 0.005999445915222168; 0.4785166084766388; -0.42124828696250916; 1.2443690299987793; 0.14414238929748535; 
296; 1.318607211112976; -0.04023706912994385; 0.2483629286289215; -0.4035842716693878; 1.4474166631698608; 0.2530694305896759; 
275; 1.3185667991638184; 0.4332916736602783; 0.7759892344474792; -0.40494051575660706; 1.4937975406646729; 0.1573122888803482; 
273; 1.1851040124893188; 0.37018710374832153; 0.3534334897994995; -0.3293857276439667; 1.3465569019317627; -0.05342458188533783; 
292; 1.49546480178833; 0.17030197381973267; 0.4282667934894562; -0.5555622577667236; 1.423521876335144; 0.2771279215812683; 
297; 1.1746243238449097; -0.22003960609436035; 0.3792203664779663; -0.41434407234191895; 1.3361554145812988; 0.19640442728996277; 
258; 1.8210946321487427; -0.458604097366333; 0.5186509490013123; -0.49127745628356934; 1.2975437641143799; -0.08793888986110687; 
226; 1.442495584487915; 0.5277361273765564; 0.43897879123687744; -0.6410938501358032; 1.1995059251785278; 0.23078015446662903; 
270; 1.3998386859893799; 0.6803269386291504; 0.5329727530479431; -0.38062578439712524; 1.367599368095398; 0.39575713872909546; 
271; 0.8077104091644287; -0.05455124378204346; -0.13153976202011108; -0.2817326784133911; 1.2968535423278809; 0.18094834685325623; 
259; 1.2085360288619995; -0.01627969741821289; 0.7292335033416748; -0.5966553688049316; 1.10788094997406; 0.050937503576278687; 
287; 1.7830859422683716; 0.3727540373802185; 0.04602217674255371; -0.38187313079833984; 1.4373443126678467; 0.11494658887386322; 
288; 1.0422148704528809; 0.2751463055610657; 0.6005571484565735; -0.4190152585506439; 1.7945663928985596; 0.4559116065502167; 
285; 1.078133225440979; 0.07338941097259521; 0.40920063853263855; -0.2278701812028885; 1.1120549440383911; 0.5798367261886597; 
272; 0.9509525299072266; -0.15937525033950806; 0.4245098829269409; -0.5329416990280151; 1.3639330863952637; 0.3243841230869293; 
213; 1.3656340837478638; 0.24175506830215454; 0.5048068761825562; -0.41971588134765625; 1.2736800909042358; 0.30971232056617737; 
257; 1.4873769283294678; 0.3783547580242157; 0.2685914933681488; -0.5102560520172119; 1.3297017812728882; 0.018906697630882263; 
286; 1.5462721586227417; 0.28324711322784424; 0.15514686703681946; -0.6498071551322937; 1.3314536809921265; 0.16942138969898224; 
200; 1.6783264875411987; -0.26747381687164307; -0.05335736274719238; -0.5173232555389404; 1.192116618156433; 0.21010516583919525; 
220; 1.686252474784851; 0.03321737051010132; 0.6882915496826172; -0.14449191093444824; 1.4359427690505981; 0.2824466824531555; 
254; 1.0979777574539185; -0.022174179553985596; 0.6607646346092224; -0.3957831859588623; 1.1971840858459473; 0.1667875349521637; 
290; 0.8783973455429077; 0.11077144742012024; 0.8326776623725891; -0.36015453934669495; 1.2277828454971313; 0.0730498880147934; 
221; 1.2557260990142822; 0.4797511398792267; 0.6100100874900818; -0.4574485719203949; 1.2552130222320557; 0.18445010483264923; 
295; 1.0331594944000244; 0.28876417875289917; 0.3527439832687378; -0.41400429606437683; 1.2350878715515137; 0.12582658231258392; 
255; 1.3351882696151733; -0.18472248315811157; 0.31821614503860474; -0.49658098816871643; 1.2239503860473633; 0.294607937335968; 
253; 0.7839524745941162; -0.23183953762054443; 0.6635575890541077; -0.35452088713645935; 1.4228099584579468; 0.5440906882286072; 
291; 1.3018507957458496; -0.2395838499069214; 0.9142308235168457; -0.6355113983154297; 1.4859026670455933; 0.16203677654266357; 
243; 1.3851510286331177; 0.11763787269592285; 0.6480677127838135; -0.757932186126709; 1.080938696861267; -0.028815314173698425; 
262; 1.1098270416259766; 0.3502504527568817; 0.9340053796768188; -0.3893277049064636; 1.1290804147720337; 0.17867428064346313; 
201; 1.6515281200408936; -0.20350509881973267; 0.633884847164154; -0.5216394662857056; 1.5109208822250366; 0.26063072681427; 
284; 1.464116096496582; 0.5824322700500488; 0.38325104117393494; -0.296508252620697; 1.2658510208129883; 0.08465118706226349; 
235; 2.082868814468384; 0.36690759658813477; 0.3038485050201416; -0.4563738703727722; 1.667858600616455; 0.35679176449775696; 
264; 1.5527541637420654; 0.3813362717628479; 0.7846816778182983; -0.40318620204925537; 1.089815616607666; 0.05036148428916931; 
240; 1.5217275619506836; 0.5264550447463989; 0.819273829460144; -0.3583601713180542; 1.1487436294555664; 0.1591901034116745; 
298; 1.5360935926437378; 0.36852145195007324; 0.37912723422050476; -0.38985252380371094; 1.2484257221221924; 0.05389995872974396; 
209; 1.5500118732452393; 0.3356645405292511; 0.3890721797943115; -0.2523082494735718; 1.2359216213226318; 0.18279153108596802; 
268; 1.2966140508651733; 0.304448664188385; 0.1478249430656433; -0.2299785315990448; 1.3197182416915894; 0.5416485071182251; 
283; 1.1462243795394897; 0.6131581664085388; 0.2744680643081665; -0.4787293076515198; 1.3974814414978027; 0.23998931050300598; 
294; 1.5273935794830322; 0.5707929134368896; 0.5969898700714111; -0.399039089679718; 1.2109225988388062; 0.10990171134471893; 
211; 1.3276517391204834; 0.14335733652114868; -0.18241262435913086; -0.37436893582344055; 1.2267087697982788; 0.3400162160396576; 
263; 1.2200919389724731; 0.3796927034854889; 0.47014325857162476; -0.3526352047920227; 1.0446339845657349; 0.5877009630203247; 
256; 1.7219818830490112; -0.16503465175628662; 0.367107629776001; -0.6478496789932251; 1.0996109247207642; 0.4836663007736206; 
269; 1.4124423265457153; 0.56505286693573; 0.9481797814369202; -0.30291008949279785; 1.696458101272583; 0.1873452067375183; 
210; 1.3498570919036865; 0.34148678183555603; 0.7057253122329712; -0.44716471433639526; 1.2404042482376099; 0.7937010526657104; 
261; 1.3042001724243164; 0.3445158004760742; 0.2536342144012451; -0.5213479399681091; 1.1206477880477905; 0.45151835680007935; 
299; 0.5895792245864868; 0.686892032623291; 0.800468921661377; -0.6025378704071045; 1.3037078380584717; 0.204196497797966; 
293; 1.4817664623260498; 0.31375399231910706; 0.714131772518158; -0.5583679676055908; 1.0125720500946045; 0.3333709239959717; 
304; 1.7138245105743408; 0.5169079899787903; 0.9456356763839722; -0.6337072253227234; 1.0887798070907593; 0.2160465270280838; 
354; 1.502230167388916; 0.4315842092037201; 0.9810551404953003; -0.19899490475654602; 1.2648338079452515; 0.5688461065292358; 
316; 1.0973918437957764; -0.4846421480178833; 0.36623722314834595; -0.4867551326751709; 1.2376313209533691; 0.4282349944114685; 
337; 0.9216652512550354; 0.4776995778083801; 0.702663004398346; -0.43129733204841614; 1.1203570365905762; -0.06935498118400574; 
305; 1.48427414894104; 0.446607381105423; 0.3038747310638428; -0.42943817377090454; 1.22223699092865; 0.08665929734706879; 
302; 1.2187798023223877; 0.41271868348121643; 0.9213953018188477; -0.2424170970916748; 1.3003334999084473; 0.24164041876792908; 
353; 1.4230014085769653; 0.3686779737472534; 1.0051400661468506; -0.4511597454547882; 1.3066080808639526; 0.6263025999069214; 
320; 1.250082015991211; 0.39573749899864197; 0.890705943107605; -0.42329078912734985; 1.5155847072601318; 0.20400944352149963; 
385; 1.2761731147766113; 0.5260860919952393; 0.43704935908317566; -0.31161898374557495; 1.0349830389022827; 0.3499910533428192; 
321; 1.1581597328186035; 0.5631206035614014; 0.7974766492843628; -0.6339699029922485; 1.5056644678115845; -0.041976213455200195; 
384; 0.8786038160324097; 0.05866420269012451; 0.28035667538642883; -0.6642338633537292; 1.1883118152618408; 0.27463299036026; 
301; 1.2440905570983887; 0.07223755121231079; 0.7215770483016968; -0.5387961864471436; 1.3090133666992188; 0.20012331008911133; 
322; 1.0873874425888062; 0.40023869276046753; 0.8201419115066528; -0.35933205485343933; 1.3269431591033936; 0.23754599690437317; 
326; 1.4293246269226074; 0.17510229349136353; 0.32204142212867737; -0.47439703345298767; 1.2155365943908691; 0.5533939599990845; 
309; 1.1922520399093628; 0.4068986177444458; 0.7517593502998352; -0.44437578320503235; 1.514517068862915; 0.3242867887020111; 
339; 1.5319383144378662; 0.25322669744491577; 1.1102492809295654; -0.4099660813808441; 1.2951427698135376; 0.2907797396183014; 
386; 1.362483024597168; -0.15199148654937744; 0.3281571865081787; -0.25016653537750244; 1.0892966985702515; 0.22666941583156586; 
310; 1.6080400943756104; -0.5095409154891968; 0.45087745785713196; -0.6816588640213013; 1.1314690113067627; 0.1802995353937149; 
311; 1.8294591903686523; 0.4740431308746338; -0.022845208644866943; -0.12565302848815918; 1.2894432544708252; 0.5360404253005981; 
398; 1.235473394393921; -0.16976690292358398; 0.8189465999603271; -0.18879523873329163; 1.474485993385315; 0.3233637809753418; 
338; 1.6190483570098877; 0.13288944959640503; 0.9329952001571655; -0.43348467350006104; 1.5411219596862793; 0.46081820130348206; 
387; 0.9853894114494324; 0.04213368892669678; 0.9587235450744629; -0.5171805024147034; 1.323272466659546; 0.18405404686927795; 
399; 1.0774474143981934; 0.2038651704788208; 0.8098872900009155; -0.348277747631073; 1.0864624977111816; 0.4747612178325653; 
390; 1.5405619144439697; 0.20793011784553528; 0.4741189479827881; -0.8265933990478516; 1.5074044466018677; -0.0551716685295105; 
318; 0.9731125831604004; 0.1215025782585144; 0.805884599685669; -0.5111190676689148; 1.2909679412841797; 0.4649839997291565; 
307; 1.2748985290527344; -0.11125898361206055; 0.14463847875595093; -0.16009649634361267; 1.3589059114456177; 0.01848462224006653; 
396; 1.4644089937210083; -0.1617342233657837; 0.3325558006763458; -0.6402446031570435; 1.048750877380371; 0.4219292402267456; 
303; 1.263108253479004; 0.347711443901062; 0.6248459815979004; -0.5588346123695374; 1.0774409770965576; 0.41520532965660095; 
383; 0.7475431561470032; -0.12214356660842896; 0.11050358414649963; -0.5683096051216125; 1.5574231147766113; 0.21350465714931488; 
300; 1.5157463550567627; 0.45329487323760986; 0.683401882648468; -0.5295600891113281; 1.0221561193466187; 0.2536393404006958; 
325; 1.292987585067749; 0.31517860293388367; -0.00487673282623291; -0.2795131206512451; 1.2589412927627563; 0.20027855038642883; 
335; 1.0986684560775757; -0.04398810863494873; 0.9610768556594849; -0.7221224308013916; 1.3848137855529785; -0.009831428527832031; 
368; 1.102573275566101; 0.19096553325653076; 0.29694467782974243; -0.43232589960098267; 1.1929888725280762; 0.20578870177268982; 
334; 1.6650742292404175; 0.3991823196411133; 0.2151748239994049; -0.4511288106441498; 1.2073137760162354; 0.22662442922592163; 
382; 1.3115261793136597; 0.10652244091033936; 0.438557505607605; -0.43061354756355286; 1.0765142440795898; 0.30279889702796936; 
355; 1.3021364212036133; 0.19859695434570312; 0.33948948979377747; -0.7547289133071899; 1.1701173782348633; 0.34561246633529663; 
323; 0.7666303515434265; 0.2588657736778259; 0.6918059587478638; -0.4340307414531708; 1.303266167640686; 0.28797024488449097; 
360; 1.2511804103851318; 0.22771084308624268; 0.4088754951953888; -0.6305423974990845; 1.1787688732147217; 0.21596503257751465; 
356; 1.2990703582763672; 0.45295876264572144; 0.8097154498100281; -0.26305094361305237; 1.6174383163452148; 0.5760444402694702; 
362; 1.5311028957366943; 0.30004119873046875; 0.5770260095596313; -0.4719583988189697; 1.342821717262268; 0.32016006112098694; 
333; 1.14901602268219; -0.053763508796691895; 0.8381004333496094; -0.20083370804786682; 1.45600426197052; 0.26165488362312317; 
340; 1.5290051698684692; 0.532737672328949; 0.6709417700767517; -0.5276833772659302; 1.0895779132843018; 0.1870899647474289; 
314; 1.6187689304351807; 0.01934194564819336; 0.08200865983963013; -0.3057711720466614; 1.213390827178955; 0.4587258994579315; 
361; 1.3473749160766602; 0.10387063026428223; 1.0875966548919678; -0.28263726830482483; 1.3106626272201538; 0.2412208765745163; 
331; 0.9179540872573853; 0.866536557674408; 0.9964913129806519; -0.9001031517982483; 1.3586374521255493; 0.07052862644195557; 
364; 1.3974173069000244; 0.29447582364082336; 0.5767539739608765; -0.40334537625312805; 1.278279185295105; 0.13768485188484192; 
367; 1.708075761795044; 0.46313637495040894; 0.6697496175765991; -0.31096866726875305; 1.2221795320510864; 0.2152615636587143; 
373; 1.0261417627334595; -0.5912565588951111; 0.08518743515014648; -0.4016242027282715; 1.0784294605255127; 0.14154821634292603; 
351; 1.4089305400848389; 0.16451847553253174; 0.2917127013206482; -0.3027898967266083; 1.2798683643341064; 0.005567565560340881; 
380; 0.8489837646484375; 0.5025313496589661; 1.024148941040039; -0.3928806483745575; 1.4815795421600342; 0.378240704536438; 
329; 1.7048609256744385; 0.04134690761566162; 0.043936729431152344; -0.22727224230766296; 1.300694227218628; -0.08577835559844971; 
388; 1.2758572101593018; 0.7260313630104065; 0.34734559059143066; -0.5565230250358582; 1.2319244146347046; 0.2648400664329529; 
330; 1.5316100120544434; 0.042299747467041016; 0.8582104444503784; -0.49344974756240845; 0.9552967548370361; 0.4312492609024048; 
369; 0.6650732159614563; -0.19573980569839478; 0.6868957281112671; -0.6838644742965698; 1.3217830657958984; 0.2613951861858368; 
391; 1.2458794116973877; 0.2599433660507202; 0.20837906002998352; -0.8008822798728943; 1.1713258028030396; 0.41429662704467773; 
348; 1.653153419494629; 0.04702174663543701; 0.7333394289016724; -0.5851740837097168; 1.2928098440170288; 0.19239304959774017; 
327; 1.3585222959518433; 0.11908608675003052; 0.8989884853363037; -0.5837327241897583; 1.3467305898666382; 0.09652940928936005; 
350; 1.5456446409225464; 0.2352975606918335; 0.34263551235198975; -0.4788873791694641; 1.1654038429260254; 0.3785342276096344; 
357; 1.4386992454528809; 0.42200613021850586; 0.23202285170555115; -0.41641122102737427; 1.325537919998169; 0.3259897828102112; 
371; 1.2106428146362305; 0.4256269037723541; 0.6388334631919861; -0.32373276352882385; 1.3257609605789185; 0.369601845741272; 
372; 0.3801473379135132; 0.06303554773330688; 1.0987954139709473; -0.47337406873703003; 1.1154980659484863; 0.3677777051925659; 
352; 1.7650916576385498; 0.5661126375198364; 0.7137818336486816; -0.5764387845993042; 1.3258659839630127; 0.2555636465549469; 
393; 1.7222464084625244; 0.6228713989257812; 1.2758371829986572; -0.6483901143074036; 1.3815867900848389; 0.24801594018936157; 
349; 0.2923615276813507; -0.20271283388137817; 0.6918890476226807; -0.3686376214027405; 1.2297685146331787; 0.20241779088974; 
347; 1.0375529527664185; -0.07290977239608765; 0.08631783723831177; -0.4503677487373352; 1.2106366157531738; -0.006692230701446533; 
346; 1.295400619506836; 0.3155600428581238; 0.6361600160598755; -0.5502091646194458; 1.4039424657821655; 0.44489651918411255; 
336; 1.0866752862930298; -0.10954040288925171; 0.6773165464401245; -0.3552402853965759; 1.1989054679870605; 0.1537403166294098; 
332; 1.1717506647109985; 0.46307551860809326; 0.6588358879089355; -0.4969191253185272; 1.1715563535690308; 0.3964083194732666; 
324; 1.5606131553649902; 0.677347719669342; 0.5865277051925659; -0.4228011667728424; 1.4039947986602783; 0.33210569620132446; 
328; 0.9914544820785522; 0.32645949721336365; 0.4247777462005615; -0.31794124841690063; 1.2402924299240112; 0.20662592351436615; 
366; 1.321986198425293; -0.20993399620056152; 0.6551480889320374; -0.36384424567222595; 1.4036364555358887; 0.4093608856201172; 
359; 1.0597268342971802; -0.01714843511581421; 0.36582040786743164; -0.34270310401916504; 1.4741408824920654; 0.21498452126979828; 
394; 1.5957837104797363; -0.3307807445526123; 0.6393885612487793; -0.7301799058914185; 1.5132250785827637; 0.1648714244365692; 
306; 1.3850172758102417; 0.34767523407936096; -0.12766742706298828; -0.6046850681304932; 1.2741565704345703; 0.10162685811519623; 
392; 1.5351170301437378; 0.46317166090011597; 0.9071600437164307; -0.36216264963150024; 1.2642602920532227; 0.1764674186706543; 
381; 1.1201058626174927; -0.0454447865486145; 0.4911419153213501; -0.33843815326690674; 1.3519763946533203; 0.1480858027935028; 
379; 1.5912936925888062; -0.5949466228485107; 0.3805631399154663; -0.2908535897731781; 1.2334071397781372; 0.14121827483177185; 
397; 1.5132944583892822; 0.42196083068847656; 0.6453902125358582; -0.38275283575057983; 1.152631402015686; 0.3074704706668854; 
344; 1.0412697792053223; -0.5667178630828857; 0.36773157119750977; -0.5839002132415771; 1.1933149099349976; 0.31779319047927856; 
342; 1.1658629179000854; 0.3710540533065796; 0.4834664463996887; -0.37034040689468384; 1.1981444358825684; 0.32202672958374023; 
358; 1.2768253087997437; 0.2009507417678833; 0.7578109502792358; -0.43796423077583313; 1.248621940612793; 0.11042998731136322; 
365; 1.1519148349761963; 0.4011355936527252; -0.11513906717300415; -0.4722896218299866; 1.1205300092697144; 0.24849195778369904; 
389; 1.368870735168457; -0.4509541392326355; 0.7754132747650146; -0.42836716771125793; 1.0762847661972046; 0.17311643064022064; 
308; 1.698124885559082; -0.46111512184143066; 0.2574736475944519; -0.6439441442489624; 0.9772449135780334; 0.4900604784488678; 
395; 1.3259315490722656; -0.14375168085098267; 0.062435925006866455; -0.3389938473701477; 1.1950902938842773; 0.35205140709877014; 
319; 1.1443326473236084; 0.4565694034099579; 0.4055211544036865; -0.5282426476478577; 1.1564059257507324; 0.38472604751586914; 
315; 1.1014940738677979; -0.1056368350982666; 0.9773726463317871; -0.5959604978561401; 1.257408857345581; 0.3553122282028198; 
312; 1.1327539682388306; 0.5136740803718567; 0.48733529448509216; -0.09369799494743347; 1.2721763849258423; 0.3191775381565094; 
376; 1.8513429164886475; 0.6106809973716736; 1.2389750480651855; -0.30883508920669556; 1.4986437559127808; 0.3891037702560425; 
317; 1.1786108016967773; 0.2205074429512024; 0.26203009486198425; -0.41088470816612244; 1.2698895931243896; 0.49925094842910767; 
313; 1.255022406578064; 0.5322102308273315; 0.10442197322845459; -0.5578445792198181; 1.4501793384552002; 0.3558638095855713; 
341; 1.159769058227539; 0.08397150039672852; 0.7651136517524719; -0.4557190537452698; 1.1418893337249756; 0.2233489453792572; 
378; 1.3420720100402832; 0.3503638207912445; 0.5371994972229004; -0.4034491181373596; 1.277368187904358; 0.2698117196559906; 
363; 0.9590414762496948; 0.24441778659820557; 0.3098694980144501; -0.40994349122047424; 1.264116883277893; 0.14549848437309265; 
377; 0.7013110518455505; -0.336465060710907; 1.0000784397125244; -0.16740241646766663; 1.287398338317871; 0.3258400559425354; 
370; 0.9301842451095581; 0.5329395532608032; 0.4063986837863922; -0.3023284673690796; 1.305754542350769; 0.33666834235191345; 
343; 1.6889426708221436; 0.25666695833206177; 0.4900740087032318; -0.40558111667633057; 1.4682798385620117; 0.4403568506240845; 
345; 1.4273550510406494; 0.32150259613990784; 0.8988527059555054; -0.23086997866630554; 1.5396043062210083; 0.1684684157371521; 
375; 0.9104672074317932; 0.37795427441596985; 0.2578292191028595; -0.39240920543670654; 1.116644024848938; 0.4834996461868286; 
403; 1.116723895072937; 0.2956082224845886; -0.1707344651222229; -0.5693011283874512; 1.2765002250671387; 0.23028524219989777; 
400; 0.8968032598495483; 0.05070430040359497; 0.49838247895240784; -0.39218902587890625; 1.2437942028045654; 0.40634995698928833; 
420; 1.907732367515564; 0.34856805205345154; 0.5016977787017822; -0.48277172446250916; 1.1300125122070312; 0.09182748198509216; 
401; 0.9781903028488159; 0.37390971183776855; 0.3928696811199188; -0.24109965562820435; 1.3270260095596313; 0.40291309356689453; 
433; 1.378999948501587; 0.590006947517395; 0.2714991867542267; -0.6123837828636169; 1.1536403894424438; 0.2586093246936798; 
402; 1.4518423080444336; 0.11777728796005249; 0.2486191987991333; -0.5342800617218018; 1.3830960988998413; 0.30457648634910583; 
404; 1.7654094696044922; 0.15258467197418213; 0.5868207812309265; -0.44507738947868347; 1.2692248821258545; 0.16689682006835938; 
409; 0.9459648132324219; 0.007010340690612793; 0.07903003692626953; -0.39389199018478394; 1.3940463066101074; 0.17603299021720886; 
424; 1.3605788946151733; 0.3276509940624237; 0.2633531093597412; -0.33926141262054443; 1.0185118913650513; 0.0695098340511322; 
407; 1.4314786195755005; 0.3911302387714386; 0.6122953295707703; -0.33274513483047485; 1.4341764450073242; 0.1348613202571869; 
423; 1.28521728515625; 0.33330777287483215; 0.3142276108264923; -0.2661585211753845; 1.1089969873428345; 0.4086993932723999; 
422; 1.6140327453613281; 0.36388474702835083; 0.4207420349121094; -0.5240656733512878; 1.2550389766693115; 0.25512394309043884; 
408; 1.2966936826705933; -0.11486083269119263; 0.665830671787262; -0.3386780917644501; 1.4530143737792969; 0.4951038956642151; 
453; 1.3461543321609497; 0.3217660188674927; 0.9682449698448181; -0.42053109407424927; 0.9965262413024902; -0.012244120240211487; 
411; 1.513142466545105; 0.6387759447097778; 0.41729775071144104; -0.5688983201980591; 1.3392831087112427; 0.3106658458709717; 
412; 1.4226658344268799; 0.10857421159744263; 0.31882035732269287; -0.49149295687675476; 1.5080585479736328; 0.17646732926368713; 
421; 1.058436632156372; 0.26258590817451477; 0.3724666237831116; -0.42827436327934265; 1.5589807033538818; 0.1220567524433136; 
419; 1.1975982189178467; 0.052614450454711914; 0.8013198375701904; -0.4241003692150116; 1.4144917726516724; 0.12195359170436859; 
405; 1.322633981704712; -0.3623359203338623; 0.5673494935035706; -0.5909303426742554; 1.5165491104125977; 0.24000373482704163; 
410; 0.8977714776992798; 0.20157402753829956; 0.04898780584335327; -0.5697845220565796; 1.2284361124038696; 0.37203487753868103; 
446; 1.0596415996551514; 0.1875152587890625; 0.6818631887435913; -0.49039989709854126; 1.2102038860321045; 0.25586721301078796; 
468; 1.3324860334396362; -0.06545448303222656; 0.7873324751853943; -0.2697066068649292; 1.2508480548858643; 0.2266322523355484; 
498; 1.408678650856018; 0.26431804895401; 0.6088336706161499; -0.3849089741706848; 1.3066221475601196; 0.10502229630947113; 
476; 0.9564013481140137; -0.08190065622329712; 0.6510583758354187; -0.3590726852416992; 1.1970700025558472; 0.3454307019710541; 
454; 1.1432406902313232; 0.20275479555130005; 0.31315112113952637; -0.21300220489501953; 1.2316737174987793; 0.17885203659534454; 
449; 1.19573974609375; 0.16545748710632324; 0.499448299407959; -0.28980252146720886; 1.1170495748519897; 0.34059572219848633; 
469; 1.3582863807678223; 0.3781038820743561; 0.7535147666931152; -0.1936449408531189; 1.5465878248214722; 0.39519500732421875; 
460; 0.7993443012237549; 0.09299761056900024; 0.527985155582428; -0.34736931324005127; 1.2313412427902222; 0.13809865713119507; 
478; 1.620842695236206; -0.03966432809829712; 0.33669084310531616; -0.4399827718734741; 1.3062138557434082; 0.3798603415489197; 
406; 1.8103816509246826; 0.33166584372520447; 0.8323084115982056; -0.5294667482376099; 1.5588120222091675; 0.2486073523759842; 
475; 1.1979148387908936; 0.042800724506378174; 0.3363354206085205; -0.41245272755622864; 1.3503583669662476; 0.44781559705734253; 
472; 0.9716947674751282; -0.042239487171173096; 0.2272202968597412; -0.1382768154144287; 1.2770308256149292; 0.3388903737068176; 
459; 1.647761583328247; 0.487091600894928; 0.38841012120246887; -0.2300618290901184; 1.7494750022888184; 0.2517702579498291; 
455; 1.369104266166687; 0.3655983805656433; 0.8158100843429565; -0.46134233474731445; 1.5657472610473633; 0.18016324937343597; 
462; 1.376296043395996; 0.3809366524219513; 0.4503788352012634; -0.5431009531021118; 1.255373239517212; 0.4326624572277069; 
447; 1.3175135850906372; 0.7184460163116455; 0.5551121234893799; -0.46248123049736023; 1.1015629768371582; 0.20583561062812805; 
482; 1.6771260499954224; 0.03404480218887329; 0.20718079805374146; -0.21489375829696655; 1.4191917181015015; 0.45649391412734985; 
494; 0.9142227172851562; 0.23135536909103394; -0.033008456230163574; -0.5938494205474854; 1.086646318435669; 0.3413134515285492; 
495; 1.4946048259735107; 0.7248332500457764; 1.1306793689727783; -0.4073641002178192; 1.1353251934051514; 0.22677725553512573; 
467; 0.854979395866394; -0.012781083583831787; 0.6882641911506653; -0.4985697567462921; 1.1501238346099854; 0.4197240471839905; 
448; 1.295813798904419; -0.05496418476104736; 0.7053495049476624; -0.4147806465625763; 1.5171873569488525; 0.22841724753379822; 
470; 1.3229130506515503; 0.03951680660247803; 0.5836763381958008; -0.1902146190404892; 1.1454960107803345; 0.21149103343486786; 
416; 1.4210407733917236; 0.15687012672424316; 0.7553339600563049; -0.5543304681777954; 1.1275606155395508; 0.28626805543899536; 
428; 1.2416741847991943; 0.38940727710723877; 0.5140708684921265; -0.14096412062644958; 1.4061787128448486; 0.45343419909477234; 
418; 1.0190191268920898; 0.09595239162445068; 0.3792964816093445; -0.6320271492004395; 1.2565550804138184; 0.4338730573654175; 
471; 1.0691726207733154; -0.2145826816558838; 0.5714696049690247; -0.40931642055511475; 1.3568718433380127; 0.23703356087207794; 
474; 1.1441947221755981; 0.19244641065597534; 0.5903490781784058; -0.5054171681404114; 1.4215643405914307; 0.31751754879951477; 
450; 0.6984314322471619; 0.09933614730834961; 0.7437419295310974; -0.35855361819267273; 1.1077635288238525; 0.27907195687294006; 
488; 1.6152843236923218; 0.27180349826812744; 0.5203857421875; -0.4523782432079315; 1.46610689163208; 0.20407745242118835; 
483; 0.9401415586471558; -0.09183812141418457; 0.9782162308692932; -0.44388052821159363; 1.4215929508209229; 0.16117799282073975; 
473; 1.4357430934906006; 0.4014997184276581; 0.7482497692108154; -0.428199827671051; 1.2394424676895142; 0.13666191697120667; 
417; 1.6938506364822388; 0.09618550539016724; 0.4149949550628662; -0.35840168595314026; 1.3941302299499512; 0.19625705480575562; 
429; 1.3534220457077026; 0.5482336282730103; 0.47548526525497437; -0.6059238314628601; 1.2073770761489868; 0.3990718126296997; 
489; 1.3397810459136963; -0.025126993656158447; 0.5227628946304321; -0.5476844310760498; 1.2266470193862915; 0.3086613416671753; 
491; 1.511120319366455; -0.10777604579925537; 0.43855082988739014; -0.4031067192554474; 1.4450981616973877; 0.3733883500099182; 
456; 0.8033641576766968; 0.05747157335281372; 0.5561577081680298; -0.5653491020202637; 1.2000603675842285; 0.30073556303977966; 
427; 1.3203388452529907; 0.19430789351463318; 0.7639138698577881; -0.5325567722320557; 1.1610409021377563; 0.48061060905456543; 
487; 1.573513150215149; 0.07249194383621216; 0.6375892162322998; -0.6828396320343018; 1.1421723365783691; 0.38708382844924927; 
465; 1.3247134685516357; 0.20181751251220703; 0.7555599212646484; -0.4475385248661041; 1.2690974473953247; 0.3084193468093872; 
426; 1.21665358543396; -0.16684573888778687; 0.41107267141342163; -0.5434378385543823; 1.2566968202590942; 0.14789733290672302; 
461; 1.6577978134155273; 0.4830111563205719; 0.49546051025390625; -0.31816476583480835; 1.2793844938278198; 0.35281381011009216; 
438; 1.7371138334274292; -0.6163589358329773; 0.10926234722137451; -0.6957038640975952; 1.477394700050354; 0.06983526051044464; 
437; 1.6872713565826416; -0.08937954902648926; 0.4327813386917114; -0.2794342637062073; 1.143949270248413; 0.0700722485780716; 
466; 1.386744499206543; 0.17871487140655518; 0.8210077881813049; -0.20070308446884155; 1.5317515134811401; 0.40248903632164; 
451; 1.1785087585449219; 0.34571701288223267; 1.1885204315185547; -0.4364495575428009; 0.9659582376480103; 0.18936830759048462; 
443; 1.141087532043457; -0.0285835862159729; 1.0046583414077759; -0.42352592945098877; 1.158538579940796; 0.5029791593551636; 
493; 1.5792145729064941; 0.03583991527557373; 0.8406566381454468; -0.3359442353248596; 1.1152362823486328; 0.3471483588218689; 
481; 1.4584236145019531; -0.02258223295211792; 0.3380647301673889; -0.5749841928482056; 1.3462233543395996; 0.20957627892494202; 
425; 1.4685397148132324; 0.4292435050010681; 0.652800440788269; -0.36370849609375; 1.336604118347168; 0.04015515744686127; 
490; 0.6429740190505981; 0.24235764145851135; 0.5047461986541748; -0.44402769207954407; 1.4556121826171875; -0.01821984350681305; 
439; 1.243843913078308; 0.2623550593852997; 0.7301087379455566; -0.5621668100357056; 1.1449958086013794; 0.2772301733493805; 
463; 1.3875858783721924; 0.5409126877784729; 0.9463714361190796; -0.6095386743545532; 1.2216205596923828; 0.29535043239593506; 
496; 1.6168389320373535; 0.5239834785461426; 0.6123843193054199; -0.3630366027355194; 1.2061128616333008; 0.07111591100692749; 
430; 1.3724393844604492; 0.6679613590240479; 0.6153409481048584; -0.31845998764038086; 1.4483295679092407; 0.49148091673851013; 
432; 1.2108328342437744; 0.1679742932319641; 1.1306753158569336; -0.3620815873146057; 1.2315363883972168; 0.2911542057991028; 
485; 0.7837414145469666; 0.22227627038955688; 0.26676076650619507; -0.4228931665420532; 1.29342782497406; 0.08978164196014404; 
492; 1.64872407913208; 0.39643484354019165; 0.5155459642410278; -0.4243163466453552; 1.3071222305297852; 0.3656732738018036; 
431; 1.2481902837753296; 0.25672322511672974; 0.6493539810180664; -0.48741835355758667; 1.406752586364746; 0.3783266544342041; 
435; 1.598820447921753; 0.0528903603553772; 0.6838809251785278; -0.5113043785095215; 1.0981115102767944; 0.4044124484062195; 
436; 1.928116798400879; -0.037240803241729736; 0.6045382022857666; -0.33585259318351746; 1.1847745180130005; 0.27857089042663574; 
414; 1.5198948383331299; 0.6733803153038025; 0.8641282320022583; -0.30479317903518677; 1.1403650045394897; 0.280866801738739; 
479; 1.5822618007659912; 0.21926313638687134; 0.8626137971878052; -0.3115122318267822; 1.215193271636963; 0.5026294589042664; 
457; 0.8537676930427551; 0.7051773071289062; 0.7517123818397522; -0.39761316776275635; 1.348375916481018; 0.23352384567260742; 
477; 1.5338597297668457; -0.18613940477371216; 0.5685598850250244; -0.3019603490829468; 1.04085373878479; 0.31427276134490967; 
442; 0.8520409464836121; -0.09276998043060303; 1.2042045593261719; -0.43583327531814575; 1.2154641151428223; 0.3322950303554535; 
445; 0.794700026512146; 0.5404943227767944; 1.2119431495666504; -0.4068831205368042; 1.436232566833496; 0.3396833837032318; 
440; 1.3265377283096313; -0.1390945315361023; 0.49803590774536133; -0.21308259665966034; 1.159198522567749; 0.18945202231407166; 
444; 1.516486644744873; 0.17455434799194336; 0.9406406879425049; -0.29710179567337036; 1.364591360092163; 0.2648576498031616; 
441; 1.1934828758239746; 0.1635158658027649; 0.6960762143135071; -0.48509281873703003; 1.4690873622894287; 0.22026224434375763; 
452; 1.2751682996749878; 0.017362356185913086; 0.4367067515850067; -0.39951378107070923; 1.2016247510910034; 0.3346339464187622; 
458; 1.3820154666900635; 0.4875704348087311; 0.7296139001846313; -0.3795967102050781; 1.332279920578003; 0.34160667657852173; 
415; 1.1859698295593262; 0.2085157036781311; 0.7306864261627197; -0.5174828767776489; 1.2294175624847412; 0.3780151605606079; 
497; 0.7962424159049988; 0.27520328760147095; 0.41734176874160767; -0.3000711500644684; 1.2142771482467651; 0.03059925138950348; 
480; 1.034684181213379; -0.13470101356506348; 0.33151403069496155; -0.48212558031082153; 1.0789846181869507; 0.24262294173240662; 
434; 0.7554802298545837; 0.342860609292984; 0.8982536196708679; -0.4760677218437195; 1.175175428390503; 0.18991374969482422; 
486; 1.1427736282348633; -0.09659367799758911; 0.5062701106071472; -0.5883346199989319; 1.1523633003234863; 0.23276156187057495; 
484; 1.2681782245635986; 0.6935914158821106; 0.4434322118759155; -0.343900591135025; 1.0961558818817139; 0.2869791090488434; 
464; 1.0982162952423096; -0.20939666032791138; 0.3865421414375305; -0.7105661630630493; 1.2302987575531006; 0.19431588053703308; 
499; 1.104752779006958; 0.1461280882358551; -0.039363324642181396; -0.3492930233478546; 0.8650257587432861; 0.26537784934043884; 
500; 1.6338831186294556; 0.9299664497375488; 0.19522202014923096; -0.23642927408218384; 1.5380584001541138; 0.3554648160934448; 
501; 1.1546146869659424; -0.09832072257995605; 0.5922386050224304; -0.4538676142692566; 1.451983094215393; 0.2805521488189697; 
503; 1.437008023262024; 0.5975630879402161; 0.5091732740402222; -0.49455752968788147; 1.309160828590393; 0.21888984739780426; 
502; 1.2144689559936523; 0.23125439882278442; 1.1800649166107178; -0.36539432406425476; 1.4349355697631836; 0.2387392222881317; 
505; 1.1722407341003418; 0.6901887059211731; 0.9085290431976318; -0.30454471707344055; 1.5890218019485474; 0.10778249800205231; 
504; 1.0720267295837402; -0.07745766639709473; 0.33967214822769165; -0.3509613275527954; 1.2303318977355957; 0.3118140697479248; 
