58; 0.6802705526351929; -0.5863938927650452; 0.268708199262619; -0.7783979177474976; 0.9118301272392273; -0.1998644322156906; 
6; 0.5766294002532959; -0.8292943835258484; -0.34257015585899353; -0.8970187306404114; 1.1510576009750366; -0.14985474944114685; 
14; 1.2173525094985962; -0.5101696848869324; -0.04058720916509628; -0.7691296339035034; 0.9512714743614197; 0.2577322721481323; 
13; 0.4310569167137146; -0.7228023409843445; -0.08560773730278015; -0.7243605256080627; 1.1453680992126465; -0.06628566235303879; 
65; 0.8485790491104126; -0.17907625436782837; -0.05022047087550163; -0.6573032140731812; 0.842658519744873; -0.1868455708026886; 
17; 1.0422916412353516; 0.060537829995155334; -0.10907389968633652; -0.8068225383758545; 0.8310160040855408; -0.026494726538658142; 
24; 0.9634369611740112; -0.2947123646736145; 0.49065396189689636; -0.6923632621765137; 0.8672394156455994; 0.03688310086727142; 
30; 1.0603077411651611; -0.6188486218452454; 0.1254471242427826; -0.37090691924095154; 1.0979030132293701; 0.05167175829410553; 
48; 0.8926703929901123; -0.039760902523994446; 0.12314227968454361; -0.7292279601097107; 1.0753700733184814; -0.160694882273674; 
4; 0.6059303283691406; -0.7774044871330261; -0.07533921301364899; -0.6357758045196533; 1.1421869993209839; -0.09133514761924744; 
19; 0.7007370591163635; -0.04622136056423187; 0.06577538698911667; -0.8046802878379822; 1.0052343606948853; 0.040233977138996124; 
90; 0.2836851477622986; -0.33124735951423645; -0.22250184416770935; -0.6569304466247559; 0.7586858868598938; 0.12203293293714523; 
15; 0.3849521279335022; -0.5575145483016968; 0.2517857253551483; -0.8908852338790894; 0.9693344235420227; -0.10807964205741882; 
64; 1.1095854043960571; -0.5789607167243958; -0.0029365369118750095; -0.6633280515670776; 1.2162843942642212; -0.03842828422784805; 
66; -0.142392098903656; -0.18498054146766663; -0.021823212504386902; -0.8635315299034119; 0.9811513423919678; 0.25655514001846313; 
93; 1.1593886613845825; -0.35845980048179626; -0.09775758534669876; -0.24536146223545074; 0.804749608039856; -0.057049039751291275; 
91; 0.6582168936729431; -0.7168429493904114; 0.5003921389579773; -0.7290199398994446; 1.2694637775421143; 0.031470973044633865; 
99; 0.6374232769012451; 0.09526236355304718; -0.2022019922733307; -0.8084558844566345; 0.801176905632019; -0.04844726249575615; 
95; 0.8683997988700867; -0.01488432101905346; 0.4343431890010834; -0.46914148330688477; 1.105502724647522; 0.032738231122493744; 
33; 0.5095314383506775; -0.9046669602394104; -0.04790426790714264; -0.5525140762329102; 1.1750844717025757; 0.16245394945144653; 
22; 0.8291024565696716; -0.18072128295898438; -0.22898471355438232; -0.5135676860809326; 0.9081442952156067; -0.1524774730205536; 
26; 0.6926204562187195; -0.07633433490991592; -0.3051773011684418; -0.653438150882721; 0.89873206615448; 0.040194399654865265; 
49; 1.140376091003418; -0.8127132058143616; 0.12676799297332764; -0.6638553142547607; 0.8168132901191711; -0.2125852257013321; 
16; 0.7112682461738586; -0.7795279026031494; -0.11416519433259964; -0.8832595348358154; 0.9729630351066589; -0.09184098988771439; 
57; 0.7260199189186096; -0.12553969025611877; 0.09800580143928528; -0.7998830676078796; 0.9483561515808105; -0.232208251953125; 
23; 0.9257597327232361; 0.27415725588798523; -0.19647884368896484; -0.7878796458244324; 1.1015465259552002; -0.13327093422412872; 
20; 0.8578657507896423; -0.17840568721294403; -0.4325505495071411; -0.8523725271224976; 1.0597115755081177; -0.08965940773487091; 
68; 0.39906781911849976; -0.7626907825469971; 0.5673988461494446; -0.7214328050613403; 1.0725666284561157; -0.014773573726415634; 
92; 0.4664519727230072; -0.20198500156402588; 0.49486199021339417; -1.121798038482666; 0.7898939847946167; -0.11019390821456909; 
60; 0.7643598914146423; -0.051158055663108826; 0.18487727642059326; -0.748233437538147; 1.1006395816802979; 0.14785771071910858; 
88; 0.6179448366165161; -0.48191118240356445; 0.6048935055732727; -0.6044926047325134; 1.0786830186843872; 0.14132873713970184; 
21; 0.7290111780166626; -0.11501166224479675; -0.4614056348800659; -0.6193029880523682; 0.8975446820259094; -0.19905979931354523; 
32; 0.7981717586517334; -0.06261849403381348; -0.10775203257799149; -0.5800622701644897; 1.0273550748825073; 0.2383374273777008; 
40; 0.8239518404006958; -0.19549451768398285; 0.036540672183036804; -0.8355976343154907; 1.2286163568496704; -0.0034005343914031982; 
18; 0.9460502862930298; -0.2063004970550537; -0.30534911155700684; -0.6190856099128723; 1.1586506366729736; -0.1752616912126541; 
94; 0.8526581525802612; -0.469656765460968; -0.06778812408447266; -0.6263263821601868; 1.2552874088287354; -0.062062621116638184; 
3; 0.4601890444755554; -0.15892982482910156; 0.1604459136724472; -0.5868991613388062; 0.9999262690544128; -0.02609909512102604; 
29; 1.0793828964233398; -0.7607110142707825; -0.11804352700710297; -0.5306196212768555; 1.1760063171386719; -0.0489327646791935; 
89; 1.0225476026535034; -0.2539743185043335; -1.0577001571655273; -0.5355981588363647; 0.8732662796974182; 0.11694387346506119; 
56; 0.8602814674377441; -0.6651554107666016; 0.18499143421649933; -0.7213055491447449; 0.9991307854652405; -0.05915854126214981; 
82; 0.5491029024124146; -0.49795228242874146; -0.08015578240156174; -0.6364747285842896; 1.1522945165634155; 0.10961002111434937; 
59; 0.7548661828041077; -0.6364990472793579; -0.23279325664043427; -0.43843814730644226; 1.0304545164108276; -0.0008080117404460907; 
72; 0.9296864867210388; -0.8295079469680786; 0.22799161076545715; -0.6131227612495422; 1.1598803997039795; 0.07879754900932312; 
97; 0.48694106936454773; -0.023621898144483566; -0.20189400017261505; -0.9297254085540771; 0.9996064901351929; -0.22258546948432922; 
39; 0.6571298837661743; -0.14473004639148712; -0.14516551792621613; -0.660203218460083; 1.0100728273391724; 0.010139482095837593; 
37; 0.5987561941146851; -0.5238786339759827; -0.42111316323280334; -0.7007460594177246; 0.9273286461830139; -0.17253607511520386; 
81; 1.058518409729004; -0.4855470061302185; -0.3711145520210266; -1.0529212951660156; 0.9203242063522339; -0.05141480267047882; 
70; 0.4722018837928772; -0.33771419525146484; 0.09672854095697403; -0.6288909912109375; 0.7902454137802124; 0.3755761981010437; 
2; 0.7621708512306213; -0.37001049518585205; 0.10379587858915329; -0.7270599603652954; 0.9781699776649475; -0.24923156201839447; 
25; 0.4684576392173767; -0.763588547706604; 0.16922585666179657; -0.7840840816497803; 0.9803556799888611; 0.263549268245697; 
9; 0.41987159848213196; -0.16774879395961761; -0.8901572227478027; -0.7913440465927124; 1.0886272192001343; 0.023698603734374046; 
27; 0.8048389554023743; -0.8978809118270874; -0.06877235323190689; -0.5720619559288025; 1.1025491952896118; 0.17357833683490753; 
69; 0.9229062795639038; -0.23063312470912933; -0.08715979754924774; -0.7153849601745605; 1.0089116096496582; -0.16693559288978577; 
63; 0.802656352519989; -0.33690130710601807; 0.15289892256259918; -0.5469053387641907; 1.2928388118743896; -0.08363264799118042; 
67; 1.3274989128112793; -0.11623851954936981; -0.02294449508190155; -0.938058614730835; 0.9209296703338623; 0.12659253180027008; 
0; 0.6244329810142517; -0.5349242687225342; 0.31083476543426514; -0.6842658519744873; 1.1873029470443726; -0.06831372529268265; 
35; 0.5547057390213013; -0.3036247193813324; 0.17402943968772888; -0.5550671815872192; 0.8267858028411865; -0.08842694759368896; 
10; 0.8127292394638062; -1.4148162603378296; -0.23653024435043335; -0.6461278200149536; 1.2508198022842407; 0.19452975690364838; 
43; 1.0729166269302368; -0.45725899934768677; -0.19422288239002228; -0.7672201991081238; 1.209588885307312; 0.28325048089027405; 
1; 1.0290021896362305; -0.5431045889854431; 0.03183990344405174; -0.8510650992393494; 1.1608564853668213; -0.08595680445432663; 
8; 0.7563908100128174; -1.3276070356369019; -0.08482278883457184; -0.6043725609779358; 0.8292029500007629; 0.40377113223075867; 
61; 0.7079988121986389; -0.4116330146789551; -0.06927093863487244; -0.9405103921890259; 1.1492220163345337; 0.09479941427707672; 
11; 0.5135862231254578; -0.554856538772583; 0.19137728214263916; -0.5284708142280579; 0.8686380982398987; 0.1756872981786728; 
98; 0.22038228809833527; -0.5681726932525635; 0.08414765447378159; -0.6217712759971619; 0.8560588955879211; 0.04601914808154106; 
12; 0.46735626459121704; -0.04445675015449524; -0.1972406804561615; -0.6131735444068909; 0.9200581312179565; -0.17098072171211243; 
42; 0.7588853240013123; -0.34855812788009644; -0.04777512326836586; -0.6990033984184265; 1.0188122987747192; 0.092344731092453; 
74; 0.7310459017753601; -0.3633420765399933; -0.17207281291484833; -0.8936396837234497; 0.9674832224845886; -0.189137801527977; 
55; 1.1780476570129395; -1.126189947128296; 0.2171596884727478; -0.6621988415718079; 0.752128541469574; 0.029982658103108406; 
75; 1.027608871459961; -0.7589057683944702; -0.1259712129831314; -0.6487773060798645; 1.021985650062561; -0.21441981196403503; 
87; 1.057889699935913; -0.7416322231292725; -0.11884324252605438; -0.5761896371841431; 1.00645112991333; -0.24024154245853424; 
47; 0.09050600230693817; -0.6156546473503113; 0.028824366629123688; -0.6596837639808655; 0.8204854726791382; -0.04880005493760109; 
77; 0.6815193891525269; -1.0326951742172241; 0.15390831232070923; -0.7131060361862183; 1.104967474937439; -0.12270695716142654; 
7; 0.5686542391777039; -1.2273805141448975; 0.3049122095108032; -0.6544864773750305; 0.8788838386535645; -0.048330310732126236; 
51; 0.7968741655349731; -0.7584882378578186; 0.14011484384536743; -0.681881844997406; 1.0887998342514038; 0.02089451439678669; 
44; 0.8944922685623169; -0.9388649463653564; 0.45573660731315613; -0.5244458913803101; 1.044430136680603; -0.1722956746816635; 
36; 0.5102593898773193; 0.03283628076314926; -0.806102991104126; -0.4333246946334839; 1.1677639484405518; -0.022209586575627327; 
62; 0.2877871096134186; -0.27200445532798767; 0.34462618827819824; -0.6527318358421326; 1.0097739696502686; 0.04972442612051964; 
73; 0.28350603580474854; -0.9843840599060059; 0.658028244972229; -0.6774545311927795; 1.1367993354797363; -0.16476373374462128; 
80; 0.75065678358078; -0.46114417910575867; -0.054826412349939346; -0.6334113478660583; 1.0941886901855469; -0.08572069555521011; 
85; 0.5406470894813538; -0.7415000796318054; 0.027031483128666878; -0.7528401613235474; 0.7756922245025635; -0.05059751495718956; 
50; 0.5263360142707825; -0.791211724281311; -0.11440451443195343; -0.3867163360118866; 1.0106360912322998; 0.02047448605298996; 
52; 0.8024576306343079; -0.9792925715446472; 0.2693917751312256; -0.8094003796577454; 0.7393758296966553; 0.00835434254258871; 
46; 0.8355188965797424; 0.17590951919555664; -0.5408543944358826; -0.848528265953064; 1.0139702558517456; 0.10954860597848892; 
28; 0.24876151978969574; -0.45280447602272034; -0.07625388354063034; -0.8580329418182373; 0.6683017611503601; 0.06396235525608063; 
38; 0.6137047410011292; -0.24180299043655396; -0.20794135332107544; -0.7235041260719299; 1.148434042930603; -0.18596409261226654; 
83; 1.32364022731781; 0.31018930673599243; -0.03596039488911629; -0.6103295087814331; 0.9222053289413452; -0.20521284639835358; 
34; 0.2304813265800476; -0.7674341201782227; -0.11904111504554749; -0.7003743052482605; 0.9205653667449951; -0.19077056646347046; 
76; 0.5725455284118652; -0.6824297904968262; 0.3170587420463562; -0.8468714952468872; 1.0320078134536743; -0.12022331357002258; 
5; 0.5376198291778564; -0.2996785342693329; -0.23366205394268036; -0.5867597460746765; 0.6919726729393005; 0.0018036169931292534; 
78; 0.6981938481330872; 0.11621429026126862; -0.14542439579963684; -0.5875871181488037; 1.067487359046936; -0.10476193577051163; 
45; 0.5737137794494629; -0.21331749856472015; 0.20163987576961517; -0.5991250872612; 0.7750329375267029; 0.3534677028656006; 
53; 0.7111678719520569; 0.03567103296518326; -0.05598573386669159; -0.6089934706687927; 0.849815845489502; 0.006300074048340321; 
54; 1.0163569450378418; -0.08585956692695618; -0.15131914615631104; -0.6949048638343811; 1.0849580764770508; 0.08038656413555145; 
96; 0.7725793123245239; -0.7190046310424805; -0.10945239663124084; -0.5252460241317749; 0.9741007089614868; -0.18949174880981445; 
79; 0.7078743577003479; -0.5230850577354431; 0.6541992425918579; -0.6437641978263855; 1.0423282384872437; 0.10585477948188782; 
84; 0.949162483215332; -0.5493521094322205; 0.1959204077720642; -0.510205090045929; 1.1409956216812134; -0.00775739923119545; 
41; 0.50399249792099; -0.29367944598197937; -0.09992345422506332; -0.7143845558166504; 0.7081663608551025; -0.04135933890938759; 
31; 0.6737991571426392; -0.8679101467132568; 0.451483815908432; -0.8804759979248047; 1.002576470375061; 0.025235146284103394; 
86; 0.6522237658500671; -0.8928811550140381; -0.0626271441578865; -0.7433954477310181; 0.8126271963119507; 0.11694887280464172; 
71; 0.4473361372947693; -0.4848807454109192; -1.4963247776031494; -0.6148226857185364; 1.024714708328247; 0.07252290099859238; 
163; 0.4114093780517578; -0.6937065124511719; 0.08156968653202057; -0.5781046152114868; 1.042495608329773; -0.011167516931891441; 
162; 0.6509877443313599; -0.5468223690986633; -0.27953508496284485; -0.7244745492935181; 1.0899994373321533; -0.14852690696716309; 
176; 0.8587716221809387; -0.5224900841712952; 0.0712193101644516; -0.7938779592514038; 0.9600018262863159; -0.048042505979537964; 
111; 0.7535890340805054; -0.4327056407928467; 0.2267882078886032; -0.8808504939079285; 0.7540478706359863; 0.08438313752412796; 
164; 0.6122849583625793; -0.3670603334903717; -0.07099626958370209; -0.6831521391868591; 0.8649927973747253; -0.09032182395458221; 
104; 0.5871299505233765; -0.4922057092189789; -0.18671564757823944; -0.8920183777809143; 0.9792802333831787; -0.08809863030910492; 
170; -0.059133805334568024; -0.7115101218223572; -0.670235812664032; -0.6579791307449341; 1.1537731885910034; 0.013500742614269257; 
157; 0.9537038803100586; -1.122071623802185; 0.0724560096859932; -0.7701012492179871; 0.8750776052474976; 0.22145922482013702; 
112; 1.0916768312454224; -0.20529930293560028; -0.45088836550712585; -0.8588785529136658; 0.7830884456634521; -0.1127241849899292; 
171; 0.4663764536380768; -0.1966012567281723; 0.08105219155550003; -0.5986219048500061; 0.9802713394165039; 0.04441987723112106; 
106; 0.7266703248023987; -0.6599326729774475; -0.37228596210479736; -0.8089169263839722; 1.1346709728240967; -0.1961248368024826; 
100; 0.054252296686172485; 0.06498907506465912; 0.08575531840324402; -0.5917353630065918; 0.7386273145675659; 0.07112208008766174; 
103; 1.15572190284729; -0.01888023316860199; 0.06492705643177032; -0.6568431854248047; 0.9397571086883545; -0.128861665725708; 
156; 0.671821653842926; -0.5468024015426636; -0.18461757898330688; -0.9892416596412659; 1.0488141775131226; -0.1788300722837448; 
123; 0.8649079203605652; -1.1108430624008179; 0.12892593443393707; -0.5719137787818909; 0.9886652231216431; 0.00921960175037384; 
107; 0.4840990900993347; -0.7511036396026611; -0.011331453919410706; -0.7939814329147339; 1.1709709167480469; 0.1830957978963852; 
145; 0.6714574694633484; -0.08412672579288483; -0.8017867207527161; -0.7389125823974609; 0.933245837688446; 0.18972647190093994; 
127; 0.9442862868309021; -0.310098797082901; -0.2250947803258896; -0.6776859164237976; 0.7551298141479492; 0.15707126259803772; 
129; 1.2716567516326904; -0.09573936462402344; -0.6648902893066406; -1.0019078254699707; 1.2379730939865112; 0.31277021765708923; 
122; 0.5747556090354919; -0.5952959060668945; 0.4320984482765198; -0.6548072099685669; 0.97518390417099; -0.09870922565460205; 
181; 1.0947550535202026; -0.14021633565425873; 0.04980074614286423; -0.9002220630645752; 0.8784793615341187; 0.03915804252028465; 
121; 0.7276601791381836; -1.102418303489685; -0.08682820945978165; -0.8260360360145569; 1.076197624206543; 0.1645568609237671; 
161; 0.7346556186676025; -0.6231464147567749; 0.07485678046941757; -0.7635852098464966; 1.0848263502120972; -0.11412391066551208; 
117; 0.808536171913147; -1.002979040145874; 0.251704603433609; -0.665992021560669; 0.9738407135009766; 0.11206665635108948; 
105; 0.848416268825531; -0.5033759474754333; 0.42312607169151306; -0.6279662251472473; 1.024024248123169; 0.07955712825059891; 
110; 0.5583977103233337; -0.5683304667472839; -0.2238258272409439; -0.646618127822876; 0.9083016514778137; -0.16453340649604797; 
114; 0.9035335183143616; -0.5072200298309326; 0.10775914043188095; -0.6093719005584717; 0.8160823583602905; 0.1412508636713028; 
169; 1.0312111377716064; -0.6877228021621704; -0.9405148029327393; -0.4633084237575531; 0.8369025588035583; 0.07276692986488342; 
180; 0.7871547937393188; 0.006203551776707172; -0.4684690535068512; -0.5219710469245911; 0.9947606921195984; -0.178028404712677; 
168; 0.26230889558792114; -0.5451751351356506; 0.29132363200187683; -0.6692231297492981; 0.9848197102546692; -0.2058807611465454; 
148; 0.9448303580284119; -0.46061214804649353; -0.17483356595039368; -0.6663980484008789; 1.1117523908615112; 0.2855830192565918; 
183; 1.13412344455719; -0.5734450817108154; 0.23156212270259857; -0.7325600981712341; 0.9213608503341675; 0.2057577669620514; 
102; 0.833854079246521; -0.5749760866165161; -0.684685468673706; -0.891261100769043; 1.3516311645507812; 0.16308501362800598; 
167; 0.7057693600654602; -0.38760560750961304; -0.7480930089950562; -0.6633585691452026; 1.0607969760894775; -0.27023741602897644; 
185; 0.10598040372133255; -0.47686246037483215; -0.2296421378850937; -0.6578435897827148; 1.002743124961853; 0.07125658541917801; 
182; 0.6524282693862915; -0.299737811088562; 0.3296794891357422; -0.7830702066421509; 0.9393660426139832; 0.11292880028486252; 
133; 0.7669559717178345; -0.6588528752326965; -0.5401654243469238; -0.7740426063537598; 0.9260213375091553; -0.0028047540690749884; 
153; 1.147499442100525; -0.658255398273468; 0.016204051673412323; -0.7749196290969849; 0.8686344027519226; 0.12245355546474457; 
197; 0.9150788187980652; -0.5124956965446472; 0.5349091291427612; -0.6685560941696167; 1.2129937410354614; 0.06465991586446762; 
188; 0.7348272800445557; 0.002061855047941208; -0.24719549715518951; -0.3671508729457855; 1.2035267353057861; 0.11742141842842102; 
126; 0.8970506191253662; -0.6604515910148621; -0.3062271773815155; -0.668580174446106; 0.9119300842285156; 0.010802391916513443; 
184; 0.6635719537734985; -1.1777136325836182; -0.1083054170012474; -0.6213690042495728; 1.0901356935501099; -0.15504811704158783; 
128; 1.163481593132019; -0.7315244078636169; -0.14658385515213013; -0.8305399417877197; 1.0350401401519775; -0.057098858058452606; 
125; 0.21970264613628387; -0.07509138435125351; -0.4033486247062683; -0.7307447195053101; 1.0599594116210938; 0.14398588240146637; 
165; 1.0341765880584717; -0.39991796016693115; 0.18245826661586761; -0.7835719585418701; 1.1224204301834106; -0.14836964011192322; 
174; 0.3383917808532715; -0.5413205027580261; -0.37404903769493103; -0.8477860689163208; 0.9380329251289368; -0.10106995701789856; 
196; 0.35411104559898376; -0.15503950417041779; -0.30212268233299255; -0.8166195154190063; 0.9606378078460693; -0.14208707213401794; 
155; 0.9484539031982422; -0.8072241544723511; 0.08724786341190338; -0.8871146440505981; 1.0122145414352417; 0.04135461151599884; 
175; 0.14798226952552795; -0.36113160848617554; -0.33678191900253296; -0.9048537611961365; 0.8509148359298706; -0.1141265332698822; 
108; 1.1719919443130493; -0.22179438173770905; -0.3384820520877838; -0.6255807876586914; 0.9844121336936951; 0.1649426370859146; 
151; 0.5807821750640869; -0.4733816087245941; -0.3600582182407379; -0.5695428252220154; 0.7179439663887024; 0.08152646571397781; 
109; 0.8554375171661377; -0.3780776262283325; -0.014242960140109062; -0.6265885829925537; 0.8285075426101685; 0.1087515577673912; 

186; 0.5674395561218262; -0.6153247952461243; -0.19716697931289673; -0.8980929255485535; 1.1437745094299316; -0.09033802896738052; 
150; 0.5448492169380188; -0.5691258907318115; 0.5210490226745605; -0.674152135848999; 1.0434414148330688; 0.13793037831783295; 
142; 0.5931205749511719; -0.5668746829032898; -0.5899897217750549; -0.9196619987487793; 0.8785532116889954; 0.0618273988366127; 
198; 0.6517267823219299; -0.65244460105896; 0.008698437362909317; -0.6740993857383728; 0.8430456519126892; -0.18043971061706543; 
113; 0.5677155256271362; -0.5031567215919495; 0.3240189850330353; -0.6717661023139954; 1.1990333795547485; 0.09991995990276337; 
173; 0.6291468143463135; -0.6618701219558716; -0.2159818559885025; -0.6588010191917419; 0.8791655898094177; -0.10718315094709396; 
132; 0.42745545506477356; -0.3840714991092682; 0.5107565522193909; -0.7381734251976013; 0.7308404445648193; 0.10857678949832916; 
124; 0.5767932534217834; -0.5889812111854553; -0.4107063114643097; -0.9012337923049927; 1.094894289970398; 0.09152839332818985; 
118; 1.056843876838684; -0.08503790944814682; -0.24878817796707153; -0.7337262630462646; 0.8774880766868591; -0.07610116899013519; 
119; 1.0094724893569946; -0.5552119016647339; -0.38163232803344727; -0.6040554046630859; 0.670411229133606; 0.1180911660194397; 
194; 0.4754997193813324; 0.10788393020629883; -0.305092453956604; -0.6870507597923279; 0.9966068863868713; 0.052365563809871674; 
101; 0.6171779036521912; -0.16692422330379486; 0.5823204517364502; -0.6873884201049805; 0.9011514782905579; -0.05846712738275528; 
135; 0.8178254961967468; -0.23791563510894775; -0.5531233549118042; -0.4744337499141693; 0.8565616011619568; 0.1820356249809265; 
131; 0.6502476930618286; -0.6112391948699951; 0.16437284648418427; -0.6718071103096008; 0.8186801671981812; 0.03731488808989525; 
137; 0.6244204044342041; -0.5541157722473145; 0.42734724283218384; -0.7248507738113403; 0.7500475645065308; 0.016423646360635757; 
193; 0.7791319489479065; -0.12015342712402344; -0.06567011773586273; -0.6025386452674866; 0.9409988522529602; 0.05475899949669838; 
159; 1.2757409811019897; -0.2074679732322693; 0.5743379592895508; -0.8817611932754517; 1.1156561374664307; 0.02657124400138855; 
149; 0.8567885160446167; -0.140069842338562; -0.4725625813007355; -0.5820133686065674; 0.6857897043228149; 0.2863500714302063; 
115; 0.888684868812561; -0.3272711932659149; 0.010044598951935768; -0.43645477294921875; 0.8569826483726501; 0.07935082912445068; 
120; 0.7481036186218262; -0.6482890844345093; 0.023514045402407646; -0.5263450145721436; 0.8504515886306763; 0.11683094501495361; 
166; 0.3272135555744171; -0.8585982322692871; 0.2819313406944275; -0.6157463192939758; 1.007934808731079; 0.012725643813610077; 
147; 0.32043156027793884; -1.260178804397583; 0.28068333864212036; -0.6604977250099182; 1.3160631656646729; -0.24917106330394745; 
192; 0.3610941469669342; -0.7551801204681396; -0.8351554274559021; -0.805088222026825; 1.1268508434295654; -0.14611686766147614; 
146; 0.8313727378845215; 0.038729436695575714; 0.47895216941833496; -0.9205098748207092; 0.9224756360054016; -0.019662613049149513; 
136; 0.6664029359817505; -1.266692042350769; 0.13713438808918; -0.6038728952407837; 0.9431329965591431; -0.2065121978521347; 
199; 0.46491342782974243; -0.5396565198898315; -0.4722876250743866; -0.6119388341903687; 1.1653399467468262; 0.03692762553691864; 
144; 0.7861306071281433; 0.08148692548274994; -0.661766767501831; -0.7628985643386841; 0.9563475847244263; 0.010844479314982891; 
189; 0.8341407775878906; -0.4593973755836487; -0.1316029131412506; -0.8384312391281128; 0.7388071417808533; -0.11218554526567459; 
139; 1.1150668859481812; -0.8181954622268677; -0.024039844051003456; -0.5832817554473877; 0.9498353004455566; 0.1854815036058426; 
187; 0.7163071632385254; -0.6982320547103882; 0.08359260857105255; -0.8793734312057495; 0.8116109371185303; 0.113153837621212; 
116; 0.7597091197967529; -0.5337550640106201; -0.2924291491508484; -0.9886188507080078; 0.7982459664344788; -0.07177355885505676; 
143; 0.7032290697097778; -0.15446892380714417; -0.10133958607912064; -0.6369292140007019; 0.9139448404312134; -0.12190476804971695; 
172; 0.9180123209953308; -0.35146158933639526; -0.11264842748641968; -0.9201757907867432; 0.9029906988143921; 0.01195564866065979; 
154; 0.6361004114151001; -0.7689797282218933; -0.14153806865215302; -0.481304407119751; 1.0269222259521484; 0.1128159761428833; 
152; 0.42267417907714844; -0.2932165265083313; -0.245249405503273; -0.7277328372001648; 0.831960916519165; -0.03156080096960068; 
160; 0.848336935043335; -0.16802909970283508; -0.0452401340007782; -0.6967340111732483; 0.8667766451835632; 0.13947764039039612; 
178; 0.8675782084465027; -0.3429200351238251; -0.797182023525238; -0.5673820972442627; 1.0729739665985107; -0.17567546665668488; 
190; 0.6476029753684998; -0.7141344547271729; 0.027699582278728485; -0.8451923727989197; 0.9400931596755981; 0.15415732562541962; 
134; 1.0117771625518799; -0.25601014494895935; 0.4266849756240845; -0.7372599244117737; 1.0876483917236328; 0.156058669090271; 
158; 0.513568103313446; 0.053245581686496735; 0.2402801364660263; -0.5965400338172913; 0.7004417181015015; 0.22731788456439972; 
179; 0.8602942824363708; 0.1060587614774704; 0.24918530881404877; -0.44354280829429626; 0.8150163888931274; -0.008699161931872368; 
138; 0.78897625207901; -0.3399784564971924; 0.03729305416345596; -0.6476070880889893; 1.0922789573669434; 0.11841963976621628; 
140; 0.488228440284729; -0.6332350969314575; -0.5287737846374512; -0.6082468032836914; 1.1631567478179932; 0.05025644227862358; 
141; 0.6671914458274841; -0.18304555118083954; 0.14351990818977356; -0.4351838231086731; 0.9815847873687744; -0.06670775264501572; 
191; 0.8514613509178162; -0.4343155324459076; -0.008483359590172768; -0.8611577749252319; 1.0110877752304077; -0.1902349442243576; 
177; 0.05967186763882637; -0.5403115749359131; -0.16907747089862823; -0.6717617511749268; 0.8744486570358276; 0.11922894418239594; 
249; 0.6983910799026489; -1.0910049676895142; -0.0900690034031868; -0.662725031375885; 1.1879295110702515; 0.018671199679374695; 
242; 0.6599647402763367; -0.7124882340431213; 0.24298562109470367; -0.7320986986160278; 0.9512206315994263; -0.2461884319782257; 
219; 1.014686107635498; -0.023488974198698997; -0.40659013390541077; -0.5383331179618835; 1.0548043251037598; 0.13583675026893616; 
222; 0.6505861878395081; -0.5416648387908936; 0.2647787630558014; -0.6427909731864929; 1.0497426986694336; -0.10199154913425446; 
223; 0.6992293000221252; -0.8036131262779236; 0.2279183715581894; -0.5378438830375671; 0.7823053598403931; -0.033417604863643646; 
280; 0.8783228397369385; -0.3445388674736023; -0.15314431488513947; -0.5187888741493225; 1.084653377532959; 0.03462115675210953; 
238; 0.7852382063865662; 0.07213040441274643; 0.07423889636993408; -0.7822707295417786; 0.8818051815032959; -0.08771979808807373; 
202; -0.012323020026087761; -1.271325707435608; 0.1711890697479248; -0.7082037329673767; 0.9618843793869019; 0.09392905235290527; 
217; 0.2588188052177429; -0.3308786153793335; 0.22311997413635254; -0.4918982684612274; 0.7001054883003235; -0.17051537334918976; 
205; 0.7486098408699036; -0.06251033395528793; 0.3863735795021057; -0.6183792352676392; 0.6921414732933044; -0.20798848569393158; 
218; 0.7165261507034302; 0.22798503935337067; -0.0013779131695628166; -0.7245228886604309; 1.2374303340911865; -0.0673273354768753; 
215; 1.0643293857574463; -0.43914365768432617; -0.5038617253303528; -0.8454698920249939; 1.0590553283691406; -0.2694387137889862; 
251; 0.7426085472106934; -0.46191728115081787; -0.49521976709365845; -0.6357986927032471; 0.8855113387107849; -0.14746500551700592; 
281; 0.8022383451461792; -0.9879046678543091; 0.17543867230415344; -1.061282753944397; 1.4107884168624878; 0.005773449782282114; 
279; 0.3900057375431061; -0.7287603616714478; 0.000911325216293335; -0.6926627159118652; 1.0158703327178955; 0.01923852600157261; 
282; 0.46568915247917175; -0.39679190516471863; -0.1638818234205246; -0.8899021148681641; 1.119187831878662; 0.23136751353740692; 
212; 0.7354692816734314; 0.05979185551404953; -0.13982506096363068; -0.8187856078147888; 0.9815051555633545; -0.08686284720897675; 
241; 0.676662027835846; -0.8842640519142151; 0.12928690016269684; -0.8595331311225891; 0.9808138012886047; -0.10740798711776733; 
206; 0.269618958234787; -1.2213473320007324; 0.04000525921583176; -0.7312467694282532; 1.2639740705490112; 0.01689356192946434; 
234; 1.084937334060669; -0.8052005171775818; 0.24959883093833923; -0.9655442833900452; 0.8561801314353943; 0.20693190395832062; 
248; 0.7007002234458923; -0.3531791865825653; -0.020942073315382004; -0.7804039120674133; 0.7973456978797913; 0.03405541554093361; 
266; 0.9425696730613708; -0.3174583911895752; -0.008517054840922356; -0.532447338104248; 0.9458947777748108; 0.035617828369140625; 
207; 0.665790855884552; 0.16707374155521393; 0.41641929745674133; -0.802349865436554; 1.1308424472808838; -0.09179586172103882; 
203; 0.17117749154567719; -0.7144011855125427; -0.15053340792655945; -0.7241525053977966; 1.070691704750061; -0.1453656256198883; 
245; 0.4990471601486206; -1.0097529888153076; -0.10491915047168732; -0.722479522228241; 0.9002478718757629; 0.08611240237951279; 
214; 0.772379457950592; -0.9197711944580078; -0.05952896177768707; -0.4437013268470764; 0.8635480999946594; -0.10926031321287155; 
260; 0.7094257473945618; -0.45846715569496155; -0.11553725600242615; -0.7913888692855835; 1.0538249015808105; 0.003790193237364292; 
250; 0.6350733637809753; 0.411406010389328; 0.20627135038375854; -0.46963804960250854; 1.0244172811508179; -0.1964963972568512; 
265; 0.6829556226730347; -0.43948647379875183; -0.7055113315582275; -0.8978558778762817; 1.0076751708984375; 0.0056574176996946335; 
231; 0.816959798336029; -0.6592797636985779; -0.4686196744441986; -0.8401450514793396; 1.0487959384918213; -0.05485055223107338; 
216; 0.3572727143764496; -0.7817038893699646; 0.29772332310676575; -0.5314171314239502; 1.207398533821106; -0.14884504675865173; 
239; 0.8248180150985718; -0.1404239684343338; -0.3447204828262329; -0.5448158979415894; 0.9123637080192566; -0.15781302750110626; 
252; 0.8844025135040283; -0.49781250953674316; -0.040831830352544785; -0.6122244596481323; 1.1561310291290283; 0.14403854310512543; 
232; 0.33617472648620605; -0.5448021292686462; -0.2556696832180023; -0.9784528613090515; 0.9974721074104309; 0.08331865072250366; 
230; 1.0593966245651245; -0.8479486703872681; 0.2705225944519043; -0.7644798159599304; 0.9238826632499695; -0.1971369981765747; 
244; 1.2445882558822632; -0.599593997001648; -0.09118323773145676; -0.6031879186630249; 1.2292156219482422; 0.1355634480714798; 
228; 0.46987855434417725; -0.5507825613021851; -0.42747530341148376; -0.5904718041419983; 0.9448723196983337; 0.1345987617969513; 
233; 0.9436651468276978; -1.5821917057037354; 0.21261100471019745; -0.659471869468689; 1.1047536134719849; -0.03602295368909836; 
267; 0.5984013676643372; -0.13167612254619598; 0.06915244460105896; -0.684120237827301; 0.9532532691955566; 0.17721056938171387; 
229; 0.8383640050888062; -0.7261344194412231; 0.1373775750398636; -0.5317716598510742; 1.042538046836853; -0.07378243654966354; 
204; 0.6973636746406555; -0.9624765515327454; 0.19929295778274536; -0.669939398765564; 0.7730811238288879; 0.24990887939929962; 
236; 0.4891044795513153; -0.5449013710021973; 0.14547793567180634; -0.7112364172935486; 1.2186710834503174; 0.05249413102865219; 
276; 0.6364239454269409; -0.511744499206543; -0.09177598357200623; -0.6971191763877869; 0.9478408098220825; -0.31289783120155334; 
246; 1.199011206626892; 0.21322079002857208; 0.08888570219278336; -0.4253567159175873; 0.9105005860328674; -0.16496989130973816; 
225; 0.25759127736091614; -0.8153654932975769; 0.14057034254074097; -0.8102679252624512; 0.9726525545120239; 0.14802858233451843; 
274; 0.9855474829673767; -0.671345055103302; -0.7417835593223572; -0.47873687744140625; 1.0144344568252563; -0.13525791466236115; 
278; 0.4411257803440094; -0.4569116532802582; 0.48616641759872437; -0.5600306987762451; 0.9417648315429688; -0.15499553084373474; 
247; 0.4617239832878113; -0.7978988885879517; 0.17659564316272736; -0.7310618162155151; 0.8261132836341858; 0.014879286289215088; 
227; 0.6613478660583496; -0.7371138334274292; 0.0866696909070015; -0.7904065847396851; 0.8543625473976135; 0.02005629800260067; 
277; 1.1788244247436523; -0.4978383183479309; 0.23437853157520294; -0.6291825771331787; 1.0447087287902832; 0.11818574368953705; 
289; 0.4186587333679199; -0.15872052311897278; -0.2762472927570343; -0.5732945799827576; 0.9244794845581055; 0.03830813243985176; 
296; 0.6623131632804871; -0.814296305179596; -0.3648861050605774; -0.6849672794342041; 1.0471382141113281; -0.05673031136393547; 
224; 0.8913170695304871; -0.6450586915016174; 0.022923003882169724; -0.5458720922470093; 1.2194033861160278; 0.25114983320236206; 
270; 0.8742662668228149; 0.01347200758755207; -0.12218277901411057; -0.5637681484222412; 1.049532413482666; 0.07548210024833679; 
275; 0.7305269241333008; -0.4773213565349579; 0.20390577614307404; -0.661569356918335; 1.2304812669754028; -0.09536188840866089; 
273; 0.6326315402984619; -0.2739095985889435; -0.36126378178596497; -0.6341053247451782; 1.085630178451538; -0.3554116189479828; 
258; 1.3673622608184814; -1.3086490631103516; 0.15918147563934326; -0.8363192081451416; 1.1090410947799683; -0.20524783432483673; 
297; 0.6690459847450256; -1.083728313446045; -0.07011477649211884; -0.6745210289955139; 1.1182889938354492; -0.06323755532503128; 
237; 0.778481125831604; -0.5955008268356323; -0.156324103474617; -0.6223296523094177; 1.0256249904632568; -0.12060438096523285; 
208; 0.49669626355171204; -0.9467577934265137; -0.41583091020584106; -0.8836312890052795; 0.8126357793807983; 0.08029460161924362; 
271; 0.357515424489975; -0.7219886183738708; -0.6763193607330322; -0.615289568901062; 1.0784050226211548; 0.03543116897344589; 
292; 0.8536773920059204; -0.7353206276893616; -0.27774858474731445; -0.8987592458724976; 1.0915324687957764; -0.024768736213445663; 
259; 0.7948874831199646; -0.6211110949516296; 0.09998873621225357; -0.8512712717056274; 0.89984130859375; -0.12911398708820343; 
226; 0.9558092355728149; -0.2989107668399811; -0.15017637610435486; -0.9101230502128601; 0.9281181693077087; 0.05553233250975609; 
257; 0.8735768795013428; -0.4671628773212433; -0.4726639688014984; -0.713654637336731; 1.0097482204437256; -0.2333746701478958; 
272; 0.461785227060318; -0.6176614761352539; 0.016696510836482048; -0.6496948599815369; 1.1926053762435913; 0.1018359512090683; 
288; 0.6007012724876404; -0.3738752007484436; -0.10050367563962936; -0.7249645590782166; 1.4749552011489868; 0.08060454577207565; 
287; 1.2382562160491943; -0.4736912250518799; -0.753757119178772; -0.6314577460289001; 1.101705551147461; -0.19188475608825684; 
285; 0.572631299495697; -0.5579060912132263; -0.43713751435279846; -0.5334149599075317; 0.8406849503517151; 0.15540403127670288; 
286; 1.1922706365585327; -0.1902424842119217; -0.2743886113166809; -0.7206031084060669; 1.0975714921951294; -0.05782681331038475; 
290; 0.396711140871048; -0.37598684430122375; 0.31977754831314087; -0.6404088735580444; 0.9368905425071716; -0.1712167114019394; 
200; 1.2378017902374268; -0.8976856470108032; -0.6052316427230835; -0.7408655881881714; 0.8944900035858154; 0.0774727389216423; 
213; 0.8201513886451721; -0.5262327790260315; -0.32289984822273254; -0.7639757990837097; 0.9839459657669067; 0.04600431025028229; 
254; 0.6621196269989014; -0.6831623911857605; 0.21442684531211853; -0.6037233471870422; 1.0854010581970215; 0.02279667556285858; 
220; 0.8430097103118896; -0.812611997127533; -0.2977871298789978; -0.4280254542827606; 1.038071632385254; -0.09235507249832153; 
295; 0.45852044224739075; -0.49925386905670166; -0.2859782576560974; -0.7000865340232849; 0.9309454560279846; -0.07209276407957077; 
262; 0.46606606245040894; -0.36893191933631897; 0.33075740933418274; -0.6156099438667297; 0.8823643326759338; -0.12326280772686005; 
221; 0.7466859221458435; -0.166978120803833; -0.08835098147392273; -0.7059369683265686; 1.0245413780212402; -0.056081511080265045; 
291; 0.7583162784576416; -1.173193097114563; 0.41434744000434875; -0.8836949467658997; 1.1052701473236084; -0.14268551766872406; 
255; 0.5505449175834656; -0.9275035858154297; -0.31714683771133423; -0.8468042016029358; 0.9614040851593018; -0.045702990144491196; 
253; 0.3111211955547333; -0.8855828642845154; 0.12972860038280487; -0.7168233394622803; 1.236402153968811; 0.25005075335502625; 
243; 0.8828585147857666; -0.7102382779121399; 0.11370624601840973; -0.9804163575172424; 0.9163274765014648; -0.21419911086559296; 
284; 0.8724063634872437; -0.19480222463607788; -0.3514173626899719; -0.5905858874320984; 0.895257830619812; -0.06693006306886673; 
264; 0.8081169724464417; -0.46593284606933594; 0.22297580540180206; -0.7304320931434631; 0.8427220582962036; -0.23554059863090515; 
201; 1.1262702941894531; -1.0947593450546265; 0.036713048815727234; -0.8025221228599548; 1.300107479095459; -0.06748078018426895; 
235; 1.5995235443115234; -0.3513001799583435; -0.6840642094612122; -0.6330377459526062; 1.355644941329956; 0.00993705727159977; 
298; 1.0875247716903687; -0.2520889341831207; -0.3735792636871338; -0.6534346342086792; 1.0371713638305664; -0.12835973501205444; 
240; 1.003652811050415; -0.3175821602344513; 0.005814496893435717; -0.6489993333816528; 0.8476129174232483; -0.10157232731580734; 
268; 0.7289344072341919; -0.5518907904624939; -0.5867010354995728; -0.5198898911476135; 0.9498888254165649; 0.274353951215744; 
283; 0.5481598377227783; 0.046334415674209595; -0.1697348803281784; -0.7409444451332092; 1.2304681539535522; -0.03429269790649414; 
209; 0.9374099373817444; -0.5206695199012756; -0.07853654772043228; -0.5128557085990906; 1.05648672580719; -0.05892636999487877; 
294; 1.0006532669067383; -0.17482702434062958; -0.20311397314071655; -0.7631433606147766; 0.9191141724586487; -0.19547082483768463; 
211; 0.7255947589874268; -0.688091516494751; -0.9148544669151306; -0.7215473055839539; 1.023146390914917; -0.05018439143896103; 
263; 0.5938794612884521; -0.24196889996528625; -0.16344355046749115; -0.7202665209770203; 0.7450971007347107; 0.3910388946533203; 
256; 1.303200125694275; -0.8869643807411194; -0.34876590967178345; -0.9056149125099182; 0.7265017628669739; 0.2645678222179413; 
269; 0.8684390783309937; -0.3256852328777313; 0.2179647535085678; -0.44961971044540405; 1.300520896911621; -0.1386837512254715; 
210; 0.8529180884361267; -0.41964930295944214; -0.05313246324658394; -0.6928877234458923; 0.8191237449645996; 0.4623585343360901; 
261; 0.7935071587562561; -0.2517205476760864; -0.3880782723426819; -0.7393937706947327; 0.9951599836349487; 0.21876855194568634; 
293; 1.0565234422683716; -0.44678741693496704; 0.1143597960472107; -0.8195846676826477; 0.8384386897087097; 0.034775830805301666; 
299; 0.1771424412727356; 0.2684076130390167; 0.35121968388557434; -0.8441999554634094; 1.1720876693725586; -0.04202675446867943; 
354; 0.950196385383606; -0.3209756910800934; 0.3669666647911072; -0.48434096574783325; 0.9464146494865417; 0.29207250475883484; 
316; 0.5824814438819885; -1.1997267007827759; -0.21764549612998962; -0.7705568671226501; 1.012054443359375; 0.29257848858833313; 
304; 0.9712335467338562; -0.26912808418273926; 0.463439404964447; -0.9731776714324951; 0.7009686827659607; -0.04057742655277252; 
337; 0.31714707612991333; -0.38181185722351074; -0.004139273427426815; -0.6536694169044495; 0.7755411267280579; -0.3702649772167206; 
302; 0.4600999057292938; -0.518177330493927; -0.11342355608940125; -0.7172471284866333; 1.0404942035675049; -0.12993624806404114; 
305; 0.9399691224098206; -0.041799191385507584; -0.16456544399261475; -0.643977701663971; 1.012369990348816; -0.16133348643779755; 
353; 0.5174241662025452; -0.5085288882255554; 0.1838865578174591; -0.8137297630310059; 1.0621514320373535; 0.23962785303592682; 
385; 0.5797879695892334; -0.43467503786087036; -0.3110153377056122; -0.6134525537490845; 0.709195077419281; 0.05138176307082176; 
320; 0.9296083450317383; -0.5191702246665955; 0.04313100874423981; -0.5877463817596436; 1.1286946535110474; -0.02096651867032051; 
384; 0.4321153163909912; -0.640069305896759; -0.29589638113975525; -0.8426188230514526; 0.9705861210823059; 0.16880957782268524; 
301; 0.66447913646698; -0.6675162315368652; 0.014219695702195168; -0.7301963567733765; 1.0510356426239014; -0.062121257185935974; 
321; 0.5230475068092346; -0.3939456641674042; 0.0732712671160698; -0.8159040808677673; 1.1375402212142944; -0.26047053933143616; 
322; 0.4350391626358032; -0.4133983254432678; 0.29489925503730774; -0.6937698721885681; 1.0441392660140991; -0.16448350250720978; 
386; 0.8239316940307617; -0.8196454048156738; -0.22633111476898193; -0.499138742685318; 0.8076965808868408; 1.3041310012340546e-05; 
387; 0.4510737955570221; -0.9208579063415527; 0.3393436372280121; -0.6966168284416199; 1.1030640602111816; -0.07600519061088562; 
326; 0.935748815536499; -0.41041356325149536; -0.3283504247665405; -0.6743894219398499; 0.9219768643379211; 0.20227283239364624; 
309; 0.5836856365203857; -0.498518705368042; 0.11113392561674118; -0.7403243184089661; 1.2167160511016846; -0.13937713205814362; 
311; 1.1971442699432373; -0.25228777527809143; -0.6525944471359253; -0.5667421221733093; 1.0957257747650146; 0.3429487347602844; 
339; 0.9713591933250427; -0.35198166966438293; 0.591513991355896; -0.6587797999382019; 1.0267788171768188; 0.029824338853359222; 
310; 1.116651177406311; -1.4165889024734497; -0.03962501138448715; -0.8817242980003357; 0.8614516258239746; -0.09532441943883896; 
390; 0.9640228748321533; -0.30896511673927307; -0.23433563113212585; -1.1994504928588867; 1.2004131078720093; -0.42716795206069946; 
303; 0.8364023566246033; -0.3083590567111969; 0.16309626400470734; -0.751607358455658; 0.8645761609077454; 0.1135331466794014; 
383; 0.2809152603149414; -0.6404203176498413; -0.2787696421146393; -0.7264643311500549; 1.2895963191986084; -0.030768536031246185; 
318; 0.6007143259048462; -0.583285391330719; 0.274857759475708; -0.7092275023460388; 1.033779263496399; 0.23005838692188263; 
338; 0.9135052561759949; -0.6942981481552124; 0.23394054174423218; -0.7129412293434143; 1.2957490682601929; 0.18512557446956635; 
399; 0.3380964994430542; -0.4394663870334625; 0.03456689789891243; -0.7237886190414429; 0.8214576244354248; 0.1559525579214096; 
325; 0.6688897013664246; -0.30166515707969666; -0.8879273533821106; -0.4992200434207916; 0.9801416993141174; -0.15881888568401337; 
307; 0.771708071231842; -0.8111904859542847; -0.7161577939987183; -0.4944296181201935; 1.0895963907241821; -0.19285771250724792; 
335; 0.4715381860733032; -0.7878198623657227; 0.20414569973945618; -0.8982078433036804; 0.9811795949935913; -0.20237219333648682; 
398; 0.6008267998695374; -1.0263742208480835; 0.1605880856513977; -0.5001192688941956; 1.2068582773208618; 0.07863613218069077; 
382; 0.7666518688201904; -0.5795506238937378; -0.24855667352676392; -0.627594530582428; 0.7304479479789734; 0.09718428552150726; 
334; 1.2621567249298096; -0.5268445014953613; -0.2712640166282654; -0.7541243433952332; 0.973563015460968; -0.03160819411277771; 
368; 0.42901328206062317; -0.5887537598609924; -0.4951338768005371; -0.7543320655822754; 1.0088732242584229; -0.04054052755236626; 
300; 1.1331830024719238; -0.1998521089553833; 0.10823473334312439; -0.8714262247085571; 0.7803725600242615; -0.02375529520213604; 
355; 0.5604168176651001; -0.6343860626220703; -0.39635881781578064; -1.0908182859420776; 0.889056384563446; 0.026058482006192207; 
356; 0.5952962040901184; -0.02509411983191967; 0.23948027193546295; -0.6840636730194092; 1.3325051069259644; 0.3222159147262573; 
360; 0.6717143654823303; -0.7291058301925659; -0.2148078978061676; -0.9079328775405884; 0.9794846773147583; 0.017996538430452347; 
333; 0.49004071950912476; -1.0116541385650635; 0.15790385007858276; -0.5424490571022034; 1.0847065448760986; -0.03727079555392265; 
331; 0.38620325922966003; 0.1747724860906601; 0.4815419912338257; -1.1135501861572266; 1.1195553541183472; -0.15782077610492706; 
396; 0.9328245520591736; -1.2628291845321655; -0.35375094413757324; -1.0020173788070679; 0.7195184230804443; 0.21390759944915771; 
362; 0.9472485780715942; -0.3106727600097656; -0.06881480664014816; -0.7626997828483582; 0.9691469669342041; 0.0867062583565712; 
361; 0.7105466723442078; -0.5068334341049194; 0.45583897829055786; -0.5462156534194946; 1.1647909879684448; -0.06968924403190613; 
364; 0.9157682061195374; -0.4454878866672516; 0.13018202781677246; -0.6394223570823669; 1.0663366317749023; -0.10931167006492615; 
340; 0.9061691761016846; -0.20068798959255219; 0.019697869196534157; -0.8431639671325684; 0.8419034481048584; -0.07112956792116165; 
373; 0.6547946929931641; -1.1409071683883667; -0.44439199566841125; -0.6512467861175537; 0.902041494846344; -0.08457836508750916; 
314; 1.05776047706604; -0.8755254149436951; -0.7787752747535706; -0.5830844640731812; 0.8468290567398071; 0.11876388639211655; 
351; 0.9054387807846069; -0.5924763083457947; -0.15531374514102936; -0.5524076223373413; 1.1222176551818848; -0.0938359722495079; 
374; 0.7707754969596863; -0.3330373764038086; 0.19029688835144043; -0.6277662515640259; 0.76488196849823; 0.03007957711815834; 
380; 0.2785273790359497; -0.24459561705589294; 0.2462131828069687; -0.7280651926994324; 1.2964701652526855; 0.1434369832277298; 
329; 1.2035242319107056; -0.9243457913398743; -0.7012826204299927; -0.5535910725593567; 0.9436518549919128; -0.39275848865509033; 
367; 1.2422583103179932; -0.2990456521511078; 0.020084328949451447; -0.6144611835479736; 0.8793119788169861; -0.06782935559749603; 
369; 0.14138317108154297; -0.8229552507400513; 0.1321738064289093; -1.002739429473877; 1.1412664651870728; -0.04183522239327431; 
388; 0.9415468573570251; 0.23153053224086761; -0.1292147934436798; -0.7182801365852356; 1.006478190422058; 0.03130108118057251; 
330; 1.117647647857666; -0.7836604714393616; 0.2734886109828949; -0.7559546828269958; 0.7526437044143677; 0.08570598810911179; 
327; 0.7838560938835144; -0.4994173049926758; 0.18130773305892944; -0.8458665013313293; 1.1836137771606445; -0.1576508730649948; 
357; 0.8344599008560181; -0.1832641363143921; -0.510496199131012; -0.7667281031608582; 0.984598696231842; 0.05077064037322998; 
348; 1.0399707555770874; -0.7374730110168457; 0.17532049119472504; -0.8975989818572998; 0.9660612344741821; -0.034464143216609955; 
352; 1.3020594120025635; -0.20462653040885925; 0.13965611159801483; -0.9907031655311584; 1.0366804599761963; -0.0343308225274086; 
371; 0.7986442446708679; -0.1658955067396164; 0.009486110880970955; -0.5590006113052368; 1.2124309539794922; 0.15862053632736206; 
336; 0.528655469417572; -0.8734007477760315; -0.07669132947921753; -0.5264514088630676; 0.8467294573783875; -0.08601648360490799; 
324; 0.9808827638626099; 0.14335927367210388; -0.06271671503782272; -0.6980626583099365; 1.0865623950958252; -0.0403984859585762; 
393; 0.9263653755187988; -0.08715356886386871; 0.5572782754898071; -1.0928571224212646; 0.9857313632965088; -0.09634234011173248; 
350; 0.8884531259536743; -0.5033279657363892; -0.23968321084976196; -0.6705268025398254; 0.7669618129730225; 0.1685357689857483; 
372; -0.16941963136196136; -0.6865389943122864; 0.6482906341552734; -0.7654998302459717; 0.8090497851371765; 0.06982626020908356; 
328; 0.5824142098426819; -0.238305926322937; -0.11492849141359329; -0.5799110531806946; 1.0511432886123657; -0.017180420458316803; 
332; 0.6039813160896301; -0.3152514398097992; -0.08367603272199631; -0.8933145999908447; 0.9236345887184143; 0.1855050027370453; 
346; 0.7469487190246582; -0.4371398389339447; -0.07703778147697449; -0.7517268657684326; 1.193000316619873; 0.12554843723773956; 
349; -0.5038449168205261; -0.7940946817398071; -0.008793606422841549; -0.6751793622970581; 0.9748733043670654; -0.06397370249032974; 
347; 0.35597142577171326; -0.5722723603248596; -0.6469221115112305; -0.775611937046051; 0.9892184138298035; -0.3680007755756378; 
394; 0.9714193940162659; -1.2485342025756836; 0.05653813108801842; -0.9114654064178467; 1.3071805238723755; -0.06565186381340027; 
366; 0.675094485282898; -1.3090623617172241; -0.30406928062438965; -0.6725459098815918; 0.9756426811218262; 0.04614318907260895; 
359; 0.7107988595962524; -0.6872180700302124; -0.11200420558452606; -0.6973311305046082; 1.1635384559631348; 0.04285324364900589; 
392; 0.9862121343612671; -0.41486603021621704; 0.3131380081176758; -0.6809062957763672; 1.0211446285247803; -0.11283720284700394; 
379; 1.0862510204315186; -1.4183675050735474; -0.5054337978363037; -0.6474607586860657; 0.9753468632698059; -0.16494707763195038; 
306; 0.9551532864570618; -0.29733026027679443; -0.8598824739456177; -0.7767572402954102; 1.021641492843628; -0.17132380604743958; 
381; 0.5768067240715027; -0.8568117022514343; -0.08469405770301819; -0.5205651521682739; 1.1105576753616333; -0.07897137850522995; 
397; 0.8497115969657898; -0.155501127243042; -0.19635987281799316; -0.7091731429100037; 0.8686392903327942; -0.054662398993968964; 
344; 0.5290650725364685; -1.0024629831314087; -0.30072274804115295; -0.8531105518341064; 1.0535489320755005; 0.1722618192434311; 
342; 0.5268776416778564; -0.3649657070636749; -0.16532132029533386; -0.6691212058067322; 1.090990662574768; 0.08671090751886368; 
358; 0.5781528353691101; -0.5521321296691895; 0.19360727071762085; -0.8357717394828796; 0.9935705661773682; -0.27665939927101135; 
389; 0.8383561372756958; -1.2025885581970215; 0.2279055118560791; -0.8101440668106079; 0.7780839204788208; 0.04333456978201866; 
365; 0.7125612497329712; -0.33017823100090027; -0.8048611283302307; -0.7435351610183716; 0.8422861099243164; 0.04493345320224762; 
395; 0.8682123422622681; -0.8194499611854553; -0.581992506980896; -0.5805726647377014; 1.0709905624389648; 0.07866040617227554; 
319; 0.5785382986068726; -0.14569804072380066; -0.2981775403022766; -0.7971593737602234; 0.8144643306732178; 0.14937274158000946; 
308; 1.1508256196975708; -1.305005431175232; -0.39810529351234436; -0.9548483490943909; 0.6819974780082703; 0.23228563368320465; 
315; 0.5111601948738098; -0.906769871711731; 0.5039314031600952; -0.8752620816230774; 1.016276240348816; 0.15458594262599945; 
312; 0.47273963689804077; -0.17195090651512146; -0.3600037693977356; -0.47029778361320496; 1.0275754928588867; -0.015067940577864647; 
376; 0.7357735633850098; -0.40464577078819275; 0.3669620454311371; -0.7584150433540344; 1.064399003982544; -0.025743067264556885; 
317; 0.8457385301589966; -0.42266345024108887; -0.34978818893432617; -0.6320810914039612; 0.9873946309089661; 0.30061161518096924; 
341; 0.6269115209579468; -0.8989225029945374; 0.25221380591392517; -0.6673250794410706; 0.9448050260543823; -0.01688670925796032; 
363; 0.6385849714279175; -0.37523776292800903; -0.1265070140361786; -0.6121809482574463; 1.025890827178955; -0.08717890828847885; 
313; 0.7492740154266357; -0.02042027935385704; -0.6532548666000366; -0.7363635301589966; 1.0595515966415405; 0.0859723836183548; 
378; 0.8204280138015747; -0.6187484860420227; -0.1768862009048462; -0.6528981924057007; 1.0749931335449219; -0.1497671902179718; 
377; 0.18456096947193146; -1.146205186843872; 0.23947599530220032; -0.5626603364944458; 0.8882259130477905; 0.05242683365941048; 
370; 0.5154480934143066; -0.18150143325328827; -0.16748729348182678; -0.5709449052810669; 1.0101121664047241; 0.06930848956108093; 
343; 1.0995291471481323; -0.43848204612731934; -0.19547641277313232; -0.6606304049491882; 1.213245153427124; 0.053163882344961166; 
375; 0.4763862192630768; -0.29076042771339417; -0.3700355589389801; -0.6777744889259338; 0.8504925966262817; 0.2457200139760971; 
345; 0.6727484464645386; -0.5430755615234375; 0.20815125107765198; -0.6133188605308533; 1.1944301128387451; -0.2534068524837494; 
403; 0.5902801156044006; -0.32748082280158997; -0.7344357967376709; -0.7777769565582275; 1.1158407926559448; -0.04107394441962242; 
400; 0.3299930691719055; -0.5594172477722168; -0.016432806849479675; -0.6087908744812012; 0.9963480830192566; 0.12459510564804077; 
420; 1.409745454788208; -0.20116794109344482; -0.1374526172876358; -0.7043805122375488; 0.7827207446098328; -0.2911967933177948; 
401; 0.361496239900589; -0.555730938911438; -0.3951326310634613; -0.6275727152824402; 0.9787799715995789; 0.05956287309527397; 
433; 0.8997024297714233; 0.15724065899848938; -0.31857752799987793; -0.7205570936203003; 1.0272376537322998; 0.08336281776428223; 
402; 0.9056525826454163; -0.5496662855148315; -0.6498927474021912; -0.8392567038536072; 1.094165563583374; 0.004401098936796188; 
424; 0.8492088913917542; -0.2542899250984192; -0.4088696241378784; -0.5869182348251343; 0.8671092391014099; -0.14664055407047272; 
409; 0.41193756461143494; -0.7293675541877747; -0.6033051013946533; -0.708884060382843; 1.1548486948013306; 0.017810411751270294; 
404; 1.1868348121643066; -0.9452878832817078; -0.27919062972068787; -0.7418915629386902; 1.010533332824707; -0.17794355750083923; 
422; 0.9837885499000549; -0.340587854385376; -0.28063392639160156; -0.7476904988288879; 1.041232943534851; 0.0195818729698658; 
423; 0.7359384298324585; -0.3576051592826843; -0.5076248645782471; -0.5811773538589478; 0.9019415974617004; 0.16817498207092285; 
453; 0.7606236934661865; -0.47014981508255005; 0.31769654154777527; -0.6319081783294678; 0.8029142618179321; -0.332592636346817; 

419; 0.63084876537323; -0.331594318151474; 0.24410033226013184; -0.6976577639579773; 1.2563810348510742; -0.043654680252075195; 
408; 0.6495640277862549; -1.0792144536972046; -0.21399693191051483; -0.6933117508888245; 1.141941785812378; 0.22944600880146027; 
421; 0.6914318799972534; -0.1942475140094757; -0.35154879093170166; -0.6087717413902283; 1.2036521434783936; -0.1673220694065094; 
411; 0.9793828725814819; -0.1472042351961136; -0.16774237155914307; -0.8730672597885132; 1.0699365139007568; 0.0018779351375997066; 
405; 0.8172836303710938; -1.25312340259552; 0.0937955230474472; -0.8661155104637146; 1.324027180671692; -0.038702379912137985; 
412; 0.8899752497673035; -0.5360141396522522; -0.47158581018447876; -0.7502447962760925; 1.1769742965698242; -0.15453360974788666; 
446; 0.5628023743629456; -0.5001143217086792; -0.05867955833673477; -0.7888948917388916; 0.919836163520813; 0.11927416920661926; 
410; 0.2717472314834595; -0.5955215096473694; -0.42235779762268066; -0.8545508980751038; 1.0013914108276367; 0.016835294663906097; 
476; 0.4284062385559082; -0.9427103996276855; -0.01088310033082962; -0.5818964838981628; 0.9462246298789978; 0.06622017174959183; 
498; 0.8307844996452332; -0.6612147092819214; -0.08208514004945755; -0.7215459942817688; 1.0751547813415527; -0.05578982084989548; 
468; 0.7253825068473816; -0.9423615336418152; 0.30677834153175354; -0.48774445056915283; 1.0800201892852783; -0.00922672264277935; 
469; 0.6207377910614014; -0.38920748233795166; 0.017289070412516594; -0.45165959000587463; 1.0861955881118774; 0.02226019836962223; 
406; 1.3115431070327759; -0.45315855741500854; 0.18895559012889862; -0.8117210268974304; 1.2835595607757568; -0.03669062256813049; 
449; 0.5889859199523926; -0.5407201647758484; -0.1740414947271347; -0.5944011807441711; 0.8839723467826843; 0.15512976050376892; 
454; 0.5935668349266052; -0.5230051875114441; -0.20934587717056274; -0.5670504570007324; 0.9688351154327393; -0.12095881998538971; 
475; 0.6564642190933228; -0.8656460642814636; -0.26509571075439453; -0.6126219034194946; 1.0075063705444336; 0.1379585862159729; 
460; 0.016992665827274323; -0.7563458681106567; -0.14649291336536407; -0.5135971307754517; 0.9495764970779419; -0.132239431142807; 
472; 0.33592575788497925; -0.9621041417121887; -0.7044835090637207; -0.4459930658340454; 1.0083630084991455; 0.055505286902189255; 
494; 0.5179510712623596; -0.3301950991153717; -0.634814441204071; -0.8459300994873047; 0.8662869930267334; 0.07484029233455658; 
478; 1.144812822341919; -0.5951403379440308; -0.20843291282653809; -0.6050183176994324; 0.99787837266922; 0.16241759061813354; 
459; 1.069912075996399; -0.17517529428005219; -0.24287739396095276; -0.5692906975746155; 1.4071398973464966; 0.08217623829841614; 
455; 0.834679365158081; -0.47823256254196167; 0.12457194924354553; -0.830851137638092; 1.2258487939834595; -0.06389894336462021; 
447; 0.7225942611694336; 0.15856686234474182; -0.09636323899030685; -0.7703116536140442; 0.8609157204627991; -0.08724583685398102; 
495; 0.9903014898300171; 0.04715445265173912; 0.4648403823375702; -0.6606507301330566; 0.8354941010475159; -0.007041968405246735; 
470; 0.7349727153778076; -0.7300403714179993; -0.13089916110038757; -0.5336596369743347; 0.8078261613845825; -0.08807546645402908; 
467; 0.26023417711257935; -0.8143442273139954; 0.16268691420555115; -0.7897624373435974; 0.977409839630127; 0.14367838203907013; 
428; 0.5978357791900635; -0.38292333483695984; -0.42652183771133423; -0.4636372923851013; 1.1053450107574463; 0.1245342344045639; 
462; 0.7815109491348267; -0.3657485246658325; -0.3188745677471161; -0.8765577673912048; 0.9745933413505554; 0.1401151865720749; 
448; 0.6381803750991821; -0.9322376847267151; -0.13350319862365723; -0.6488221883773804; 1.2434725761413574; -0.06651267409324646; 
471; 0.5991286039352417; -1.0123568773269653; -0.2521868944168091; -0.642872154712677; 1.15823495388031; 0.04982518404722214; 
482; 0.8709838390350342; -1.0417499542236328; -0.8189374804496765; -0.5625341534614563; 1.0152616500854492; 0.27794286608695984; 
474; 0.6238625049591064; -0.7656237483024597; 0.02721720188856125; -0.7563437223434448; 1.1166366338729858; 0.01329667679965496; 
473; 0.9999614953994751; -0.19903576374053955; 0.1797201782464981; -0.7191969752311707; 0.9372807145118713; -0.07439501583576202; 
488; 0.930334210395813; -0.5035772919654846; -0.04678159952163696; -0.7128767967224121; 1.19062340259552; -0.039508283138275146; 
413; 0.8814641833305359; -0.2518974244594574; 0.1927911639213562; -0.7412329316139221; 1.2816755771636963; -0.16332469880580902; 
450; 0.0439167246222496; -0.8093724846839905; 0.18591713905334473; -0.6496424674987793; 0.7111998796463013; 0.08083094656467438; 
416; 0.9219474792480469; -0.6501341462135315; 0.07732608914375305; -0.8766918778419495; 0.7779245972633362; -0.047808222472667694; 
418; 0.3775835931301117; -0.5872376561164856; -0.10415788739919662; -0.854383111000061; 0.9513997435569763; 0.26729094982147217; 
427; 0.928138017654419; -0.46850723028182983; 0.0956999808549881; -0.7796493172645569; 0.9566286206245422; 0.3113362491130829; 
489; 0.877004086971283; -0.7594518065452576; -0.16309979557991028; -0.7741922736167908; 0.8591965436935425; -0.013998735696077347; 
429; 0.7419421672821045; -0.004643600434064865; 0.10129106044769287; -0.8358182907104492; 1.0533504486083984; 0.1265261471271515; 
456; 0.0912579596042633; -0.7365767955780029; -0.07419180870056152; -0.8385234475135803; 1.068530559539795; 0.041570402681827545; 
487; 0.8827506303787231; -0.5718011856079102; 0.02477484568953514; -0.7895618081092834; 0.9040577411651611; 0.16551993787288666; 
483; 0.2273307740688324; -0.9505929350852966; 0.32491493225097656; -0.7522650361061096; 1.091876745223999; -0.1133732944726944; 
417; 1.1179089546203613; -0.6875307559967041; -0.23587879538536072; -0.6884388327598572; 1.048829197883606; -0.08005756884813309; 
491; 0.9136547446250916; -0.8152243494987488; -0.24931810796260834; -0.7077115178108215; 1.086199402809143; 0.08281788975000381; 
438; 1.3107670545578003; -1.3220057487487793; -0.5823887586593628; -0.9398401379585266; 1.1910899877548218; -0.05336371436715126; 
426; 0.7989397048950195; -0.8172537088394165; -0.16631463170051575; -0.7777628898620605; 1.1070072650909424; -0.013072896748781204; 
443; 0.5753682255744934; -0.8282681703567505; 0.44774511456489563; -0.6737803220748901; 0.9569204449653625; 0.24679334461688995; 
465; 0.7592394351959229; -0.5867002606391907; 0.10522440820932388; -0.8585258722305298; 1.0126018524169922; 0.057248227298259735; 
439; 0.5748737454414368; -0.41998565196990967; 0.011695774272084236; -0.9483045339584351; 0.7343505024909973; 0.05403144657611847; 
425; 0.7864243984222412; -0.207827627658844; -0.08461475372314453; -0.5708757042884827; 1.1910556554794312; -0.2230549454689026; 
493; 1.0765812397003174; -0.8027417659759521; 0.22619877755641937; -0.6440303921699524; 0.8702865839004517; 0.13871799409389496; 
461; 1.0418521165847778; -0.406634658575058; -0.3772173225879669; -0.6814291477203369; 1.071976900100708; 0.14475567638874054; 
437; 1.087551474571228; -1.0536556243896484; -0.35597532987594604; -0.5041475296020508; 0.8216760158538818; -0.2345363199710846; 
466; 0.7417279481887817; -0.5729376077651978; 0.008352695032954216; -0.581469714641571; 1.2762999534606934; 0.08333295583724976; 
496; 1.1107178926467896; -0.19690372049808502; -0.12215107679367065; -0.759031355381012; 0.9575036764144897; -0.18321369588375092; 
432; 0.6391473412513733; -0.5997236967086792; 0.6143019795417786; -0.622221827507019; 0.971532940864563; -0.04460617154836655; 
481; 0.6330910921096802; -0.7699017524719238; -0.522729754447937; -0.8651229739189148; 0.9582045078277588; -0.14926710724830627; 
431; 0.7362124919891357; -0.2967775762081146; 0.041240938007831573; -0.737199068069458; 1.0875989198684692; 0.05731162056326866; 
490; 0.18699593842029572; -0.2799379825592041; -0.01205690111964941; -0.6168654561042786; 1.2869881391525269; -0.20901790261268616; 
451; 0.5788564085960388; -0.6945877075195312; 0.45991963148117065; -0.7892581820487976; 0.7493557929992676; -0.0817975103855133; 
463; 0.9211492538452148; -0.04952550679445267; 0.24662496149539948; -0.8611342310905457; 0.9778009653091431; 0.07382388412952423; 
430; 0.6381204724311829; -0.21764600276947021; -0.12003413587808609; -0.682045042514801; 1.1032814979553223; 0.2286449819803238; 
492; 1.1329858303070068; -0.06837666779756546; -0.08245847374200821; -0.7365240454673767; 1.1033098697662354; 0.1616576611995697; 
435; 1.159035563468933; -0.9790934324264526; 0.17269298434257507; -0.6912412047386169; 0.8818169236183167; 0.11176185309886932; 
485; 0.22034667432308197; -0.5469840168952942; -0.41296571493148804; -0.7501323223114014; 1.0246098041534424; -0.1871071755886078; 
436; 1.237622618675232; -0.8242795467376709; -0.23318809270858765; -0.6599426865577698; 0.9585214257240295; 0.02885800041258335; 
457; 0.2166546732187271; -0.2416078746318817; 0.020992979407310486; -0.7564058899879456; 1.030812382698059; -0.06324108690023422; 
479; 0.6713477373123169; -0.8367226123809814; 0.06472698599100113; -0.7811335921287537; 0.8503386378288269; 0.09693141281604767; 
414; 1.0856982469558716; -0.05392567813396454; 0.39204975962638855; -0.5143222212791443; 0.9489210247993469; 0.04182036221027374; 
445; 0.25519469380378723; -0.24487102031707764; 0.7021496295928955; -0.7498102188110352; 1.222854733467102; 0.07365398854017258; 
477; 0.9076799154281616; -0.9387401342391968; -0.10651155561208725; -0.6280157566070557; 0.8386745452880859; 0.06434169411659241; 
440; 0.7067216634750366; -0.8180404305458069; -0.11709888279438019; -0.4540875554084778; 0.8224194049835205; -0.07366257160902023; 
444; 0.941530704498291; -0.6462414264678955; 0.4032433032989502; -0.44393646717071533; 1.070292592048645; 0.020732808858156204; 
442; 0.2656014561653137; -1.0349452495574951; 0.6640191674232483; -0.7398400902748108; 0.9596709609031677; 0.07048512995243073; 
441; 0.5986843109130859; -0.7353700995445251; 0.08788695931434631; -0.6962874531745911; 1.1502286195755005; 0.04930688440799713; 
452; 0.7941272258758545; -0.6242361664772034; -0.10475924611091614; -0.6765876412391663; 1.0831193923950195; 0.14181780815124512; 
458; 0.6244571208953857; -0.23551084101200104; 0.04204963147640228; -0.7312924265861511; 0.938920795917511; -0.037122152745723724; 
497; 0.3176273703575134; -0.4971173107624054; -0.377605140209198; -0.5891143083572388; 0.9196087718009949; -0.1588282436132431; 
480; 0.6785774827003479; -0.7399922609329224; -0.30211102962493896; -0.8348092436790466; 0.6906777620315552; -0.06127143278717995; 
434; 0.2481832057237625; -0.21114245057106018; 0.21009092032909393; -0.7833046913146973; 0.9175037741661072; 0.028884034603834152; 
415; 0.637162983417511; -0.4637211561203003; 0.03971630334854126; -0.6876841187477112; 1.039319634437561; 0.04233095422387123; 
464; 0.4421328008174896; -0.8092353940010071; -0.22326934337615967; -0.899957537651062; 1.0063124895095825; -0.007534796372056007; 
486; 0.817341685295105; -0.96519535779953; 0.049695249646902084; -0.6749254465103149; 0.8568628430366516; 0.08191482722759247; 
484; 0.7568910121917725; -0.06382200866937637; -0.33272016048431396; -0.6107312440872192; 0.8246830701828003; -0.04166881740093231; 
499; 0.636023759841919; -0.5782691240310669; -0.7383743524551392; -0.559747576713562; 0.5464833974838257; -0.06687165796756744; 
501; 0.47598886489868164; -1.3550068140029907; -0.1298288106918335; -0.7623695135116577; 1.1470258235931396; -0.001795029267668724; 
500; 0.9375414848327637; 0.06136636435985565; -0.8046830892562866; -0.647758424282074; 1.2500977516174316; -0.049383148550987244; 
503; 0.729078471660614; -0.1716146320104599; 0.04685783386230469; -0.7835835218429565; 1.1632215976715088; -0.04214981198310852; 
502; 0.7680762410163879; -0.7658982872962952; 0.6507185697555542; -0.5625216960906982; 1.0800753831863403; 0.03171960264444351; 
505; 0.6943078637123108; -0.1352158486843109; 0.1234157383441925; -0.5336694121360779; 1.269547700881958; -0.16170702874660492; 
504; 0.5714619755744934; -0.5209174752235413; -0.2605234682559967; -0.5523958206176758; 0.999542236328125; -0.028006570413708687; 
