6; 0.06955432891845703; -1.5536149740219116; -1.0523078441619873; -1.1196280717849731; 0.8555902242660522; -0.36890000104904175; 
58; 0.20457243919372559; -1.394866704940796; -0.5029848217964172; -1.1154155731201172; 0.7437824010848999; -0.4209213852882385; 
13; -0.009493768215179443; -1.6071453094482422; -0.4646020531654358; -0.9714640378952026; 0.7515599727630615; -0.36607182025909424; 
14; 0.719516932964325; -1.339338779449463; -0.44931355118751526; -0.9553110003471375; 0.7346326112747192; 0.003879755735397339; 
17; 0.5970351696014404; -0.6418306231498718; -0.6944884061813354; -1.0197869539260864; 0.6246772408485413; -0.31357213854789734; 
65; 0.34206676483154297; -0.8893919587135315; -0.7989535927772522; -0.9265228509902954; 0.44041407108306885; -0.4288010597229004; 
19; 0.17780596017837524; -0.5938348174095154; -0.6378353238105774; -0.9837310910224915; 0.6736440658569336; -0.1808866411447525; 
24; 0.4358537197113037; -0.9816681742668152; 0.07679766416549683; -0.9311931133270264; 0.5344162583351135; -0.08308084309101105; 
4; 0.020804286003112793; -1.861432671546936; -0.8858555555343628; -0.7939711809158325; 0.8997688293457031; -0.2790980637073517; 
15; -0.20205208659172058; -1.168907642364502; -0.22221913933753967; -1.1227798461914062; 0.7376095056533813; -0.3126901686191559; 
22; 0.24673807621002197; -0.7911103367805481; -0.6812050342559814; -0.955957293510437; 0.4917154610157013; -0.2662453353404999; 
20; 0.21162515878677368; -0.8285135626792908; -0.9022030234336853; -1.0192052125930786; 0.7256100177764893; -0.3279208838939667; 
30; 0.25975048542022705; -1.690892219543457; -0.6551495790481567; -0.7119301557540894; 0.7861229777336121; -0.18738345801830292; 
48; 0.1683710813522339; -0.7516189217567444; -0.5786542296409607; -1.049492597579956; 0.7605029344558716; -0.3616912066936493; 
90; -0.19560521841049194; -1.095297932624817; -0.8977958559989929; -0.9335564374923706; 0.5627729892730713; -0.13309073448181152; 
3; 0.014240622520446777; -0.7972303628921509; -0.20865312218666077; -0.8966143131256104; 0.814629077911377; -0.28444433212280273; 
21; 0.2906990647315979; -0.7088770866394043; -0.871063768863678; -0.7754213213920593; 0.5712208151817322; -0.3913267254829407; 
23; 0.37321263551712036; -0.5292370915412903; -1.0815845727920532; -0.9398864507675171; 0.8428239822387695; -0.4084423780441284; 
66; -0.6836842894554138; -0.9073454141616821; -0.7188287377357483; -0.9576928019523621; 0.691953182220459; -0.051303982734680176; 
64; 0.4939082860946655; -1.4737753868103027; -0.44929832220077515; -0.8196021318435669; 0.9280867576599121; -0.11777563393115997; 
18; 0.5851545929908752; -0.8801189661026001; -0.8722515106201172; -0.8649476766586304; 0.9032447934150696; -0.28746846318244934; 
91; 0.036934077739715576; -1.7894576787948608; -0.18305853009223938; -0.994452714920044; 0.7595174312591553; -0.19321322441101074; 
95; 0.24244773387908936; -0.6446976065635681; -0.2034992277622223; -0.6294985413551331; 0.6981630325317383; -0.21519248187541962; 
93; 0.4743752181529999; -1.1246616840362549; -0.6202711462974548; -0.6312280893325806; 0.43331778049468994; -0.297824889421463; 
49; 0.6926920413970947; -1.4439771175384521; -0.38698846101760864; -0.8984822034835815; 0.6713600158691406; -0.381734699010849; 
16; 0.188238263130188; -1.643497109413147; -0.4278585612773895; -1.0298815965652466; 0.6996090412139893; -0.27811920642852783; 
; 
26; 0.3025949001312256; -0.7338082790374756; -0.7306548357009888; -0.8472268581390381; 0.7202267646789551; -0.18932634592056274; 
57; 0.20745795965194702; -0.8888835906982422; -0.43642985820770264; -1.0506064891815186; 0.7675689458847046; -0.4647434949874878; 
29; 0.6228615641593933; -1.6965415477752686; -0.7588225603103638; -0.755513072013855; 0.9199458360671997; -0.3979630470275879; 
99; 0.04699432849884033; -0.4482577443122864; -0.9575562477111816; -1.0674678087234497; 0.6575965881347656; -0.338393896818161; 
60; 0.3077452480792999; -0.7356834411621094; -0.22712808847427368; -1.0870410203933716; 0.878807783126831; -0.14482858777046204; 
32; 0.1864052414894104; -0.7120415568351746; -0.773743748664856; -0.8510036468505859; 0.8274576663970947; -0.014150083065032959; 
88; 0.35054129362106323; -1.0316660404205322; 0.025069057941436768; -0.8679372668266296; 0.6449258327484131; -0.27340975403785706; 
89; 0.5742173194885254; -1.1270196437835693; -1.9736473560333252; -0.8480547666549683; 0.6068971157073975; -0.16936476528644562; 
92; 0.06547802686691284; -0.7657130360603333; -0.026903927326202393; -1.1995058059692383; 0.5035220980644226; -0.4033363461494446; 
2; 0.13837763667106628; -0.8755868077278137; -0.3751373291015625; -1.0131570100784302; 0.7051348686218262; -0.45121103525161743; 
72; 0.389662504196167; -1.329385757446289; -0.08811849355697632; -0.8989781141281128; 0.8861829042434692; -0.306710422039032; 
68; -0.38480424880981445; -1.457045316696167; 0.052677810192108154; -0.9961373209953308; 0.7430307269096375; -0.1316414177417755; 
40; 0.28033745288848877; -0.7294219732284546; -0.5342775583267212; -0.986580491065979; 0.8843618035316467; -0.28859594464302063; 
63; 0.2575398087501526; -1.0952610969543457; -0.5193873047828674; -0.796078085899353; 0.9014597535133362; -0.40287286043167114; 
9; 0.004439651966094971; -1.0900977849960327; -1.5711352825164795; -0.832250714302063; 0.890920877456665; -0.1999916136264801; 
97; -0.09216377139091492; -0.820756196975708; -1.0874671936035156; -1.2602295875549316; 0.7935277223587036; -0.44484400749206543; 
10; 0.09228521585464478; -2.003749370574951; -0.8227725028991699; -0.7524387836456299; 0.8115755319595337; -0.10777445137500763; 
56; 0.28221482038497925; -1.2866291999816895; -0.22065049409866333; -0.921904981136322; 0.7560166120529175; -0.3878476321697235; 
82; 0.19685733318328857; -1.0830730199813843; -0.7890744209289551; -0.8134350776672363; 0.7929905652999878; -0.2580651342868805; 
0; 0.1536993384361267; -1.352632761001587; -0.1849876046180725; -0.8567143678665161; 0.8263221979141235; -0.2793456017971039; 
94; 0.3061489164829254; -1.0307886600494385; -0.6306576132774353; -0.920385479927063; 0.9560233354568481; -0.30751362442970276; 
59; 0.41656073927879333; -1.4548983573913574; -0.8531814813613892; -0.8188052177429199; 0.6467763185501099; -0.29833051562309265; 
70; 0.16828453540802002; -0.9997840523719788; -0.5083647966384888; -0.85542893409729; 0.6331265568733215; 0.14184358716011047; 
37; 0.2184177041053772; -1.1012890338897705; -1.0566389560699463; -0.8805422186851501; 0.7023249268531799; -0.27753010392189026; 
39; 0.20643389225006104; -0.6733301281929016; -0.7049987316131592; -0.8673387765884399; 0.6561211347579956; -0.17370086908340454; 
35; 0.13223278522491455; -0.8269456624984741; -0.643803596496582; -0.8278752565383911; 0.6609955430030823; -0.21166369318962097; 
1; 0.5308182239532471; -1.155714750289917; -0.5613115429878235; -0.9619752168655396; 0.9472203254699707; -0.322468101978302; 
43; 0.6319805383682251; -1.224738597869873; -0.669234573841095; -1.0298824310302734; 0.8783875107765198; -0.023045018315315247; 
81; 0.4785219728946686; -1.0505095720291138; -0.9393859505653381; -1.1942840814590454; 0.7258118391036987; -0.2134556770324707; 
55; 0.6767557263374329; -2.064661741256714; -0.5533473491668701; -0.9887499809265137; 0.7403256893157959; -0.11709532141685486; 
8; 0.26236456632614136; -1.9724208116531372; -0.5821216702461243; -0.8139265775680542; 0.6440080404281616; 0.07512030005455017; 
12; 0.11559027433395386; -0.3757222890853882; -0.86630779504776; -0.9078642129898071; 0.7321762442588806; -0.26786041259765625; 
98; -0.4265937805175781; -1.427074670791626; -0.35109540820121765; -1.0783939361572266; 0.5012283325195312; -0.2759940028190613; 
69; 0.399718314409256; -0.9553928375244141; -0.6176098585128784; -0.8731033802032471; 0.7075889110565186; -0.34898650646209717; 
11; 0.13352644443511963; -1.1551960706710815; -0.35627061128616333; -0.7896907329559326; 0.6747262477874756; -0.13227204978466034; 
27; 0.3820090889930725; -1.537245273590088; -0.793527364730835; -0.8941271305084229; 0.821548581123352; -0.11618002504110336; 
67; 0.73350590467453; -0.8575703501701355; -0.6452769041061401; -1.049879789352417; 0.7078403234481812; -0.1972319781780243; 
25; 0.025822341442108154; -1.5798394680023193; -0.3093722462654114; -1.0267524719238281; 0.5980796813964844; -0.08229924738407135; 
75; 0.1921207308769226; -1.6031620502471924; -0.6905485391616821; -0.9083737134933472; 0.6751663088798523; -0.33149802684783936; 
74; 0.044798433780670166; -1.2222398519515991; -0.8285646438598633; -1.23160719871521; 0.5974893569946289; -0.411365270614624; 
44; 0.43625330924987793; -1.653341293334961; -0.3435964584350586; -0.844918966293335; 0.7314165234565735; -0.3271562457084656; 
77; 0.1609261929988861; -1.8994877338409424; -0.18565413355827332; -0.9363173842430115; 0.7664744853973389; -0.32062774896621704; 
51; 0.3795042634010315; -1.1091229915618896; -0.45230305194854736; -0.981155276298523; 0.8539458513259888; -0.17677971720695496; 
62; 0.009547978639602661; -0.9226712584495544; -0.3418874740600586; -0.9568899869918823; 0.7596727609634399; -0.22266878187656403; 
47; -0.35790079832077026; -1.265904426574707; -0.365213006734848; -0.8795308470726013; 0.5620713829994202; -0.16388793289661407; 
36; 0.11726903915405273; -0.7575581669807434; -1.4942054748535156; -0.6944948434829712; 0.800165593624115; -0.15085327625274658; 
61; 0.10030519962310791; -1.1429216861724854; -0.6143041253089905; -1.0973070859909058; 0.8046255111694336; -0.18680275976657867; 
7; 0.22425034642219543; -1.8513331413269043; -0.1575171947479248; -0.8352549076080322; 0.6571184992790222; -0.397214412689209; 
42; 0.2735863924026489; -0.8056247234344482; -0.7055929899215698; -0.7020673155784607; 0.7620419263839722; -0.08841361105442047; 
87; 0.47151362895965576; -1.2387356758117676; -0.7363405227661133; -0.915774941444397; 0.6091076135635376; -0.382789671421051; 
46; 0.19529658555984497; -0.6832765340805054; -1.0461353063583374; -1.1409924030303955; 0.7831815481185913; -0.23656122386455536; 
52; 0.44444751739501953; -1.4836840629577637; -0.23995590209960938; -1.0869903564453125; 0.5842606425285339; -0.2403476983308792; 
50; -0.06646734476089478; -1.4448891878128052; -1.001548409461975; -0.7099741101264954; 0.8035789728164673; -0.23768964409828186; 
5; 0.12971782684326172; -1.050838828086853; -0.5464675426483154; -0.8508636951446533; 0.5425882339477539; -0.24314211308956146; 
73; -0.2437596619129181; -1.901958703994751; -0.04141157865524292; -0.9336534738540649; 0.8338698148727417; -0.3514348566532135; 
28; -0.021995365619659424; -1.0782434940338135; -0.7433828115463257; -0.9706065058708191; 0.5833414793014526; -0.1402246654033661; 
38; 0.32002320885658264; -0.8066858649253845; -0.7465304136276245; -0.9938348531723022; 0.9444966316223145; -0.36809760332107544; 
80; 0.09036195278167725; -1.0632214546203613; -0.5904610753059387; -0.8849170207977295; 0.6053866147994995; -0.27260857820510864; 
85; 0.07438802719116211; -1.6300897598266602; -0.3532645106315613; -1.0061650276184082; 0.5159236788749695; -0.279989629983902; 
54; 0.644164502620697; -0.7698607444763184; -0.6276344656944275; -0.9613336324691772; 0.8819889426231384; -0.08925707638263702; 
83; 0.9415678977966309; -0.24215999245643616; -0.6268376708030701; -0.7183985114097595; 0.6964661478996277; -0.38141191005706787; 
53; 0.29751700162887573; -0.6098461151123047; -0.44840770959854126; -0.8411973118782043; 0.65716952085495; -0.25581878423690796; 
96; 0.2072088122367859; -1.1686514616012573; -0.6637734174728394; -0.7695997953414917; 0.6197752952575684; -0.41405990719795227; 
79; 0.26556992530822754; -1.3875656127929688; 0.26807868480682373; -0.9346070885658264; 0.7819039821624756; -0.16399940848350525; 
76; 0.24912121891975403; -1.3019297122955322; -0.35123080015182495; -0.9924977421760559; 0.7190761566162109; -0.3103533983230591; 
78; 0.23311203718185425; -0.6800832152366638; -0.648604154586792; -0.8954447507858276; 0.8763231039047241; -0.31330013275146484; 
84; 0.6651887893676758; -1.2178294658660889; -0.35419762134552; -0.717441201210022; 0.8117678165435791; -0.23825256526470184; 
41; -0.05563312768936157; -0.8570855855941772; -0.7021377682685852; -0.9415664672851562; 0.48522472381591797; -0.3045360743999481; 
86; 0.010609030723571777; -1.578967571258545; -0.8087387681007385; -1.0238990783691406; 0.5351349115371704; -0.21628069877624512; 
31; 0.2643365263938904; -1.3170292377471924; -0.1201263964176178; -1.0919134616851807; 0.6548394560813904; -0.1569029539823532; 
71; -0.1469859480857849; -1.370389461517334; -2.113187789916992; -0.8486319780349731; 0.7993122339248657; -0.12798616290092468; 
163; -0.2980053126811981; -1.409867286682129; -0.43311864137649536; -0.8159050345420837; 0.871006965637207; -0.18089094758033752; 
162; 0.46392911672592163; -1.334841012954712; -1.037377119064331; -1.0541484355926514; 0.7519353032112122; -0.5127649307250977; 
111; 0.1725311279296875; -1.177002191543579; -0.42212623357772827; -1.0951342582702637; 0.6438716053962708; -0.2511178255081177; 
170; -0.7022287249565125; -1.7746243476867676; -1.6126654148101807; -0.9582157135009766; 0.8523925542831421; -0.2546038031578064; 
104; -0.054566025733947754; -1.279472827911377; -0.8008860349655151; -0.9757038354873657; 0.641350269317627; -0.2786276340484619; 
176; 0.1041296124458313; -1.260788917541504; -0.5905160307884216; -1.051832675933838; 0.6739401817321777; -0.38180282711982727; 
112; 0.5866138935089111; -0.810032069683075; -1.160691261291504; -1.0584536790847778; 0.5248098969459534; -0.3319212794303894; 
164; 0.13034501671791077; -0.9301931858062744; -0.704002320766449; -0.9771741628646851; 0.6337660551071167; -0.18376894295215607; 
106; 0.2831926643848419; -1.3520641326904297; -1.0925066471099854; -1.0898603200912476; 0.8048529028892517; -0.3164898455142975; 
127; 0.38645708560943604; -0.8869731426239014; -0.7546049356460571; -1.010664463043213; 0.5841816067695618; -0.1590036004781723; 
123; 0.2637783885002136; -1.8441188335418701; -0.45718175172805786; -0.8785481452941895; 0.47745826840400696; -0.21440982818603516; 
157; 0.46908509731292725; -1.788276195526123; -0.47399666905403137; -0.9403562545776367; 0.5717282295227051; -0.06384503841400146; 
107; 0.27414509654045105; -1.3917784690856934; -0.9007792472839355; -1.074891209602356; 0.9043219089508057; -0.08359722793102264; 
110; 0.21973943710327148; -1.2258094549179077; -0.9276970624923706; -0.9047818779945374; 0.5800232887268066; -0.2801465392112732; 
171; 0.12660586833953857; -0.8051709532737732; -0.6974420547485352; -0.8168210983276367; 0.7920619249343872; -0.18009668588638306; 
122; 0.20328748226165771; -1.3534191846847534; -0.23443973064422607; -0.9534231424331665; 0.6306697130203247; -0.43961480259895325; 
117; 0.5298414826393127; -1.6030902862548828; -0.4036776125431061; -0.9271260499954224; 0.681577205657959; -0.1475253403186798; 
156; 0.04229468107223511; -1.4144468307495117; -0.6981341242790222; -1.2204985618591309; 0.8935666084289551; -0.2952200174331665; 
133; 0.2906031012535095; -1.5462555885314941; -0.867820143699646; -1.1514784097671509; 0.6326958537101746; -0.12497247755527496; 
129; 0.545230507850647; -0.5437275767326355; -1.1952325105667114; -1.1987897157669067; 0.9209646582603455; 0.019542410969734192; 
145; 0.17398154735565186; -0.5212082266807556; -1.269506812095642; -1.0000331401824951; 0.6216926574707031; -0.1696699559688568; 
105; 0.23691141605377197; -1.4007453918457031; -0.19201019406318665; -0.8637794852256775; 0.672221302986145; -0.11265066266059875; 
161; 0.12305718660354614; -1.4687552452087402; -0.40132439136505127; -1.2400565147399902; 0.8141392469406128; -0.33232054114341736; 
121; 0.2992044687271118; -1.6316149234771729; -0.598159909248352; -0.9918559789657593; 0.9398087859153748; -0.11961348354816437; 
103; 0.674694299697876; -0.6187977194786072; -0.48966068029403687; -0.9252529740333557; 0.7217735648155212; -0.2745756208896637; 
100; -0.2790757417678833; -0.5288741588592529; -0.4539515972137451; -0.8147960901260376; 0.5901626944541931; -0.06592521071434021; 
181; 0.658664345741272; -0.8313964605331421; -0.4946913719177246; -1.0850634574890137; 0.616795539855957; -0.07506084442138672; 
169; 0.3183624744415283; -1.3834724426269531; -1.798351526260376; -0.7782717943191528; 0.4784359931945801; -0.3672941327095032; 
167; 0.08504128456115723; -0.9840728640556335; -1.3145920038223267; -0.8687353134155273; 0.86686110496521; -0.46670001745224; 
101; 0.04595702886581421; -1.0245237350463867; -0.14421617984771729; -0.8861916661262512; 0.6912510395050049; -0.2273445427417755; 
185; -0.560910701751709; -1.5443350076675415; -0.9112951159477234; -1.0511406660079956; 0.7494869232177734; -0.24941138923168182; 
114; 0.3097365200519562; -1.3458245992660522; -0.509206235408783; -0.9474732875823975; 0.7870388031005859; -0.180230975151062; 
102; 0.3927777409553528; -0.9514836072921753; -1.216015100479126; -1.181018590927124; 0.923076868057251; -0.031773149967193604; 
183; 0.6710896492004395; -1.4730205535888672; -0.19920656085014343; -0.9781383275985718; 0.6474208831787109; -0.035877376794815063; 
130; -0.6177282929420471; -1.091488242149353; -0.7883545160293579; -1.1195926666259766; 0.9128471612930298; -0.31680771708488464; 
180; 0.35932910442352295; -0.722810685634613; -1.0543957948684692; -0.706061065196991; 0.7689465880393982; -0.4102363884449005; 
168; -0.10404372215270996; -1.1307520866394043; -0.047549158334732056; -0.9685684442520142; 0.7466666102409363; -0.37779074907302856; 
126; 0.23309528827667236; -1.1397645473480225; -0.7775872945785522; -0.9209455847740173; 0.7105481624603271; -0.1481504738330841; 
132; -0.12785851955413818; -1.1743593215942383; -0.13847386837005615; -0.9380789399147034; 0.5942531228065491; -0.12515950202941895; 
148; 0.39769819378852844; -1.2455646991729736; -0.6383628249168396; -0.9106400609016418; 0.9411470293998718; 0.010123848915100098; 
118; 0.682912290096283; -0.8242017030715942; -0.9054646492004395; -1.0883102416992188; 0.6146043539047241; -0.3938834071159363; 
182; 0.23951387405395508; -1.076500415802002; -0.2953358292579651; -0.9574296474456787; 0.6939373016357422; -0.059076160192489624; 
125; -0.11994662880897522; -0.8724547624588013; -0.9798873066902161; -0.9094811677932739; 0.7216173410415649; -0.08811123669147491; 
128; 0.5938867330551147; -1.4193460941314697; -0.6265308856964111; -1.0892728567123413; 0.7826869487762451; -0.37074318528175354; 
165; 0.3679065704345703; -0.9245883226394653; -0.4234020709991455; -0.9611236453056335; 0.8434996604919434; -0.3531617820262909; 
153; 0.703231930732727; -1.2106287479400635; -0.586978554725647; -1.1427299976348877; 0.693882942199707; -0.19628968834877014; 
174; -0.21176257729530334; -1.4180004596710205; -0.9688937664031982; -1.1247450113296509; 0.7045736908912659; -0.32779401540756226; 
188; 0.13720005750656128; -0.5215227007865906; -0.7085784077644348; -0.7275130152702332; 0.7412822246551514; -0.2306067794561386; 
108; 0.6198689937591553; -0.6932668685913086; -0.7908189296722412; -0.9771865606307983; 0.6436375975608826; -0.08806029707193375; 
124; 0.24812376499176025; -1.3801811933517456; -1.023943543434143; -1.003053069114685; 0.8106664419174194; -0.1476900279521942; 
184; 0.11518996953964233; -1.8361293077468872; -0.6322975158691406; -0.9004113674163818; 0.8802386522293091; -0.39910054206848145; 
195; 0.11516636610031128; -0.4415724277496338; -0.4232404828071594; -0.8651092052459717; 0.5331702828407288; -0.32049593329429626; 
151; -0.08955240249633789; -1.3023306131362915; -0.9537782073020935; -0.8626558780670166; 0.596845805644989; -0.10827942192554474; 
119; 0.5667502880096436; -1.2053894996643066; -0.7229570150375366; -0.8791849613189697; 0.601393461227417; -0.09817582368850708; 
197; 0.23619413375854492; -1.1522424221038818; -0.1150486171245575; -1.1610026359558105; 0.9927341938018799; -0.10926024615764618; 
147; -0.36724328994750977; -2.0504934787750244; -0.5193338990211487; -0.8355885744094849; 1.0367162227630615; -0.3687402307987213; 
150; 0.04475092887878418; -1.4579116106033325; -0.1385650932788849; -0.9600573778152466; 0.6828908324241638; -0.14136536419391632; 
175; -0.2835937440395355; -0.9049053192138672; -0.8795602321624756; -1.1538598537445068; 0.6882948875427246; -0.28408586978912354; 
137; 0.3651599884033203; -1.197422981262207; -0.12183716893196106; -1.0179181098937988; 0.6792216897010803; -0.15409991145133972; 
142; 0.2517849802970886; -1.2422364950180054; -1.1758735179901123; -1.169268012046814; 0.7312995195388794; -0.17947736382484436; 
135; 0.37397176027297974; -0.8316984176635742; -1.3701975345611572; -0.7564629912376404; 0.6378095149993896; -0.12868252396583557; 
136; 0.09428393840789795; -1.8657197952270508; -0.3305996060371399; -0.9030943512916565; 0.6371537446975708; -0.44913676381111145; 
120; 0.22440838813781738; -1.156117558479309; -0.5858071446418762; -0.8378035426139832; 0.6146820187568665; -0.012877330183982849; 
159; 0.4877117872238159; -0.8878476619720459; 0.013349831104278564; -1.0835680961608887; 0.867982029914856; -0.212516188621521; 
194; -0.08977234363555908; -0.7121750712394714; -0.8121418356895447; -0.9484125375747681; 0.8292533159255981; -0.15020430088043213; 
155; 0.2962922155857086; -1.1731758117675781; -0.45191895961761475; -1.2062057256698608; 0.7667824029922485; -0.26189443469047546; 
131; 0.22054433822631836; -1.2555606365203857; -0.3710120916366577; -0.8879312872886658; 0.7179218530654907; -0.18880759179592133; 
113; 0.1546039581298828; -1.2476236820220947; -0.3000514507293701; -1.0954828262329102; 0.7452669739723206; -0.14034061133861542; 
186; 0.14799851179122925; -1.2310457229614258; -0.6375629901885986; -1.0654562711715698; 0.9010324478149414; -0.37125542759895325; 
198; -0.019022703170776367; -1.3231532573699951; -0.5457888841629028; -0.8744825124740601; 0.7454420328140259; -0.3639470934867859; 
196; -0.07771226763725281; -0.9835459589958191; -1.0307080745697021; -0.9498785734176636; 0.7290601134300232; -0.4500367045402527; 
173; 0.014015614986419678; -1.1432563066482544; -0.8114585876464844; -0.8295406103134155; 0.6674647331237793; -0.40807783603668213; 
146; 0.646597683429718; -0.636443018913269; -0.07781466841697693; -1.065780520439148; 0.638860285282135; -0.2548879086971283; 
166; -0.16042065620422363; -1.621114730834961; -0.47934985160827637; -1.0133923292160034; 0.8333741426467896; -0.1987030953168869; 
193; 0.3475353419780731; -0.6512654423713684; -0.777350902557373; -0.7768710255622864; 0.6904380321502686; -0.1658514440059662; 
149; 0.47085627913475037; -0.9436122179031372; -0.963476300239563; -0.8370742797851562; 0.4966321885585785; -0.07995577156543732; 
116; 0.32698771357536316; -1.2858848571777344; -0.8180071115493774; -1.1456314325332642; 0.6377160549163818; -0.406286358833313; 
172; 0.4028828740119934; -1.0519968271255493; -0.48109063506126404; -1.012836217880249; 0.6362451314926147; -0.2282666563987732; 
139; 0.45880916714668274; -1.1918474435806274; -0.5096181631088257; -0.7361751198768616; 0.6759175062179565; -0.08244861662387848; 
144; 0.2524162530899048; -0.7536666393280029; -1.3541574478149414; -1.0300852060317993; 0.6361078023910522; -0.21523123979568481; 
192; -0.08253106474876404; -1.5296155214309692; -1.3397433757781982; -0.9906660318374634; 0.8724079132080078; -0.33603015542030334; 
199; 0.03617757558822632; -1.1419048309326172; -1.174344778060913; -0.8347442150115967; 0.8615827560424805; -0.13877996802330017; 
115; 0.3340895175933838; -0.8674408793449402; -0.35032764077186584; -0.6426241993904114; 0.6787436008453369; -0.1469385325908661; 
187; 0.2603871822357178; -1.49308180809021; -0.3039065897464752; -0.9838680028915405; 0.618881344795227; -0.26680895686149597; 
189; 0.42238739132881165; -1.1245596408843994; -0.7352085709571838; -0.9848484992980957; 0.6335041522979736; -0.2592693269252777; 
154; 0.22702425718307495; -1.7021424770355225; -0.7817437052726746; -0.8843176364898682; 0.6710706949234009; -0.06377574801445007; 
143; 0.18522948026657104; -0.9719517827033997; -0.4604165554046631; -0.8534775376319885; 0.6098322868347168; -0.35511863231658936; 
152; 0.0036655068397521973; -0.8499054312705994; -0.823764443397522; -0.9739782214164734; 0.629457414150238; -0.2615301012992859; 
160; 0.20052272081375122; -0.7254077792167664; -0.6698014736175537; -0.8723642826080322; 0.5440819263458252; -0.04772229492664337; 
178; 0.3055881857872009; -1.007838487625122; -1.4210286140441895; -0.9597440958023071; 0.898144006729126; -0.45508986711502075; 
158; -0.13218912482261658; -0.49667614698410034; -0.25976306200027466; -0.7893379926681519; 0.5270124673843384; -0.13125628232955933; 
134; 0.644693911075592; -1.0698869228363037; -0.14643794298171997; -1.1047476530075073; 0.7966442704200745; -0.1147805005311966; 
179; 0.39871326088905334; -0.5188822746276855; -0.29039454460144043; -0.6681991219520569; 0.5876087546348572; -0.2562122344970703; 
190; 0.23505252599716187; -1.4140424728393555; -0.5336816310882568; -1.0046703815460205; 0.7088871002197266; -0.13255633413791656; 
138; 0.24121814966201782; -1.0860106945037842; -0.6354493498802185; -0.9323211908340454; 0.7924405336380005; -0.06154671311378479; 
140; 0.05311441421508789; -1.1398096084594727; -1.0430619716644287; -0.8529521226882935; 0.8643268942832947; -0.18823838233947754; 
141; 0.1946258544921875; -0.8999054431915283; -0.37412774562835693; -0.7074987292289734; 0.6946141719818115; -0.28986549377441406; 
191; 0.3693738579750061; -1.2374448776245117; -0.6233721971511841; -0.9221473932266235; 0.8001440763473511; -0.39556366205215454; 
177; -0.3515346646308899; -1.2033870220184326; -0.8329446315765381; -0.9400632381439209; 0.7166738510131836; -0.10353526473045349; 
219; 0.17232030630111694; -1.0932221412658691; -0.9424772262573242; -0.8581254482269287; 0.747508704662323; -0.13059024512767792; 
249; -0.01756232976913452; -2.1178791522979736; -0.5407224893569946; -0.868294894695282; 0.7962977886199951; -0.3148765563964844; 
242; 0.2573952078819275; -1.4014396667480469; -0.13889804482460022; -0.9798985719680786; 0.6591160297393799; -0.5869103670120239; 
205; 0.3623947203159332; -0.8832530379295349; -0.16440284252166748; -0.9587470293045044; 0.5171923637390137; -0.5213156938552856; 
202; -0.5896695256233215; -1.5774006843566895; -0.4049709439277649; -0.9944981932640076; 0.6649112701416016; -0.20982509851455688; 
215; 0.5059093236923218; -1.213660478591919; -1.1573351621627808; -1.1445317268371582; 0.7562325596809387; -0.3270179033279419; 
206; -0.18086141347885132; -2.124804973602295; -0.374687135219574; -1.1543817520141602; 0.8230289220809937; -0.23105554282665253; 
222; 0.13345158100128174; -1.2516151666641235; -0.1334528625011444; -0.9390691518783569; 0.7622953653335571; -0.37978455424308777; 
238; -0.09168833494186401; -0.37837475538253784; -0.5751118659973145; -1.1018370389938354; 0.5003200173377991; -0.12362086772918701; 
218; 0.3428908586502075; -0.4287841022014618; -0.4295514225959778; -0.9605477452278137; 0.879328727722168; -0.39833885431289673; 
212; 0.25906580686569214; -0.6055475473403931; -0.6784815788269043; -1.0329004526138306; 0.780190110206604; -0.22751319408416748; 
223; 0.04873257875442505; -1.710801124572754; -0.2308010756969452; -0.7240601181983948; 0.5911217331886292; -0.2587420344352722; 
234; 0.5578364133834839; -1.4655739068984985; -0.2654966711997986; -1.124307632446289; 0.7685962915420532; -0.1737736165523529; 
217; -0.33013051748275757; -0.9156384468078613; -0.2682187557220459; -0.7751199007034302; 0.49268221855163574; -0.4117223024368286; 
203; -0.2805013954639435; -1.3537144660949707; -0.7245224714279175; -0.9377753734588623; 0.7762389183044434; -0.3266007602214813; 
214; 0.36310136318206787; -1.4312806129455566; -0.5815663933753967; -0.8302021622657776; 0.6830490827560425; -0.25071245431900024; 
216; -0.03435179591178894; -1.6330134868621826; 0.016742825508117676; -0.9095578789710999; 0.9813580513000488; -0.41269567608833313; 
260; 0.0979887843132019; -1.1930508613586426; -0.6469281911849976; -0.9993736743927002; 0.6573535203933716; -0.3417767584323883; 
231; 0.38050708174705505; -1.3995403051376343; -1.0791904926300049; -0.9715721011161804; 0.9043238162994385; -0.31199774146080017; 
241; 0.19432169198989868; -1.14425528049469; -0.2539503276348114; -0.967637300491333; 0.5743768215179443; -0.21032357215881348; 
207; 0.22053688764572144; -0.4964714050292969; -0.17951110005378723; -0.9246721267700195; 0.860287070274353; -0.3170871436595917; 
265; 0.19735151529312134; -1.2313801050186157; -1.2784838676452637; -1.061305284500122; 0.7271201610565186; -0.2859751880168915; 
280; 0.45838677883148193; -0.9977263808250427; -0.7808806300163269; -0.6934506893157959; 0.7812222242355347; -0.22533433139324188; 
266; 0.5093777775764465; -0.9621683955192566; -0.5209712982177734; -0.8022675514221191; 0.6990811228752136; -0.10943581163883209; 
251; 0.252285897731781; -1.2457261085510254; -1.2154655456542969; -0.943008303642273; 0.7103231549263; -0.4172944724559784; 
232; -0.1366959512233734; -1.0655653476715088; -0.8878087997436523; -1.1541430950164795; 0.5985965728759766; -0.16497117280960083; 
236; 0.02065056562423706; -1.2993345260620117; -0.250387042760849; -0.9152001738548279; 0.8495320081710815; -0.2132088989019394; 
230; 0.6011661291122437; -1.5059256553649902; -0.37267178297042847; -1.0221977233886719; 0.6426371335983276; -0.4075813889503479; 
248; 0.24553987383842468; -1.0079413652420044; -0.6866201758384705; -1.0350109338760376; 0.5696547627449036; -0.23269996047019958; 
225; -0.36839690804481506; -1.5815876722335815; -0.455454021692276; -1.0419496297836304; 0.7076852321624756; -0.20215943455696106; 
204; 0.37120142579078674; -1.679565668106079; -0.39864280819892883; -0.90254145860672; 0.5665212273597717; -0.09342433512210846; 
4; 
244; 0.605466365814209; -1.1469740867614746; -0.4906904399394989; -0.8948526978492737; 0.8295128345489502; -0.17559756338596344; 
228; 0.016165852546691895; -1.3150746822357178; -0.9499139785766602; -0.8711695671081543; 0.7047032117843628; -0.14873817563056946; 
239; 0.3731803894042969; -0.8090457320213318; -0.9816654324531555; -0.7984445095062256; 0.485100656747818; -0.36639100313186646; 
 
233; 0.49563413858413696; -2.2685890197753906; -0.25849729776382446; -0.8743177652359009; 0.9110396504402161; -0.3004407286643982; 
229; 0.4948340654373169; -1.3965356349945068; -0.38766634464263916; -0.7989853620529175; 0.8191691637039185; -0.19277465343475342; 
279; -0.1746409833431244; -1.550794243812561; -0.6178927421569824; -0.8882836103439331; 0.7702237963676453; -0.24315717816352844; 
281; 0.16271764039993286; -1.6031107902526855; -0.46981170773506165; -1.2170568704605103; 1.1014025211334229; -0.41326791048049927; 
208; 0.06145685911178589; -1.6546536684036255; -1.1736003160476685; -1.1140698194503784; 0.5897690057754517; -0.21045148372650146; 
250; 0.225393146276474; -0.2906748354434967; -0.2996355891227722; -0.8585724830627441; 0.8894122838973999; -0.4436117708683014; 
282; 0.12934070825576782; -0.9469662308692932; -0.8179687857627869; -1.0145881175994873; 0.742820143699646; -0.08653609454631805; 
227; 0.12213408946990967; -1.3950872421264648; -0.49222928285598755; -1.006160020828247; 0.6982063055038452; -0.29249441623687744; 
246; 0.7752643823623657; -0.43775326013565063; -0.30470380187034607; -0.7142638564109802; 0.7689496874809265; -0.4728237986564636; 
276; 0.21366077661514282; -1.1251851320266724; -0.8721808791160583; -0.9469513297080994; 0.712503969669342; -0.48611900210380554; 
224; 0.38894686102867126; -1.281233310699463; -0.560827374458313; -0.7087187767028809; 0.9209147691726685; -0.14918014407157898; 
289; -0.08844295144081116; -0.9614138603210449; -1.034534215927124; -0.8179727792739868; 0.8344532251358032; -0.34540534019470215; 
252; 0.3862326741218567; -1.2457441091537476; -0.6609596610069275; -0.8892662525177002; 0.8503129482269287; -0.1713203489780426; 
274; 0.577067494392395; -1.3714385032653809; -1.2513689994812012; -0.8207650780677795; 0.6892699003219604; -0.23765785992145538; 
237; 0.2975887060165405; -1.2442667484283447; -0.7794212102890015; -0.8373194932937622; 0.6583974361419678; -0.3255024552345276; 
213; 0.32855355739593506; -1.346695899963379; -0.5763131380081177; -1.0381187200546265; 0.7025187015533447; -0.2035943865776062; 
247; 0.046416640281677246; -1.2838153839111328; -0.5147156119346619; -0.9651175737380981; 0.6526102423667908; -0.17336466908454895; 
278; -0.22043493390083313; -0.9450746178627014; 0.016523897647857666; -0.8021200895309448; 0.6105039119720459; -0.4582486152648926; 
277; 0.6383472681045532; -1.0893751382827759; -0.32267144322395325; -0.9364697337150574; 0.7953412532806396; -0.18275418877601624; 
296; 0.13355129957199097; -1.3396248817443848; -0.9561793208122253; -0.8894934058189392; 0.9253146052360535; -0.26616668701171875; 
292; 0.3493811786174774; -1.2042715549468994; -0.8351126313209534; -1.1378308534622192; 0.9011058807373047; -0.3087889552116394; 
275; 0.05678987503051758; -0.925481915473938; -0.575511634349823; -0.9348276853561401; 0.9660205245018005; -0.2209198921918869; 
273; 0.1785528063774109; -0.7526707649230957; -0.9641573429107666; -0.8191677331924438; 0.7527076005935669; -0.597267210483551; 
226; 0.37106209993362427; -0.986711859703064; -0.8081516027450562; -1.0766698122024536; 0.7408595085144043; -0.21017412841320038; 
258; 0.7834075689315796; -1.8894325494766235; -0.5480102896690369; -1.0738567113876343; 0.7707023620605469; -0.42730116844177246; 
297; 0.3316550850868225; -1.70828115940094; -0.8233597278594971; -0.9586461782455444; 0.8407583236694336; -0.26933395862579346; 
287; 0.6378108859062195; -1.2043920755386353; -1.178359031677246; -0.932366132736206; 0.7821464538574219; -0.28952834010124207; 
271; -0.12504345178604126; -1.6718484163284302; -1.261346697807312; -0.8284311294555664; 0.7281010150909424; -0.2953943610191345; 
200; 0.7348266839981079; -1.578639268875122; -1.3014365434646606; -0.9465776681900024; 0.7239548563957214; -0.07145458459854126; 
286; 0.5287081003189087; -1.1291072368621826; -0.7747054696083069; -1.0416172742843628; 0.8597646951675415; -0.2612186670303345; 
285; 0.03382450342178345; -1.1835600137710571; -1.0980690717697144; -0.7596240043640137; 0.7219746708869934; -0.035861700773239136; 
270; 0.5654940605163574; -0.7217863202095032; -0.5795808434486389; -0.7665332555770874; 0.7718967199325562; -0.20090298354625702; 
288; -0.28891927003860474; -1.1543140411376953; -0.5982934236526489; -0.9089680910110474; 0.9910842180252075; -0.02066931128501892; 
259; 0.29450350999832153; -1.2015559673309326; -0.5557588338851929; -0.9968385696411133; 0.5959247350692749; -0.3834872543811798; 
220; 0.4075118899345398; -1.7985694408416748; -0.9098315834999084; -0.8186672925949097; 0.825574517250061; -0.40864232182502747; 
254; 0.12460881471633911; -1.2406275272369385; -0.5376062989234924; -0.8694297075271606; 0.8309665322303772; -0.25566160678863525; 
201; 0.47766822576522827; -1.8519020080566406; -0.5878812670707703; -1.0136812925338745; 0.9426097869873047; -0.2791748642921448; 
272; -0.049242883920669556; -1.282487392425537; -0.40195363759994507; -0.9064196348190308; 0.8729779124259949; -0.1527201384305954; 
257; 0.5537937879562378; -0.9231972694396973; -0.7801732420921326; -0.9720340967178345; 0.8012391328811646; -0.3443814516067505; 
221; 0.16521841287612915; -0.7897884249687195; -0.5858102440834045; -1.001320481300354; 0.8092183470726013; -0.2553463578224182; 
290; 0.015506327152252197; -1.1334409713745117; -0.1791466474533081; -0.8679714202880859; 0.7598567008972168; -0.3795146346092224; 
255; 0.2818317711353302; -1.9942259788513184; -0.9990044832229614; -1.033798336982727; 0.706294059753418; -0.26924803853034973; 
243; 0.4440987706184387; -1.1191043853759766; -0.5410631895065308; -1.196617603302002; 0.6215879917144775; -0.44713717699050903; 
253; -0.2931017279624939; -1.5417053699493408; -0.473470538854599; -0.9660683870315552; 0.8516308069229126; -0.0889366865158081; 
295; -0.11015546321868896; -0.8690545558929443; -0.668156623840332; -0.9205978512763977; 0.7858280539512634; -0.37004584074020386; 
291; 0.23498079180717468; -1.5686230659484863; -0.30962634086608887; -1.0652672052383423; 0.9255512356758118; -0.38127195835113525; 
262; 0.07226413488388062; -0.8508812785148621; -0.21806466579437256; -0.9181880950927734; 0.5985804796218872; -0.2934170663356781; 
284; 0.3087591528892517; -0.9388996362686157; -0.9170719385147095; -0.777152419090271; 0.6667976379394531; -0.33112284541130066; 
240; 0.3548375964164734; -0.927815854549408; -0.8273348212242126; -0.9263827800750732; 0.47717127203941345; -0.4306736886501312; 
235; 0.9526481032371521; -1.048370361328125; -1.258925199508667; -0.8530041575431824; 1.0133039951324463; -0.21501335501670837; 
209; 0.4644543528556824; -0.8713703751564026; -0.6033850312232971; -0.7479214072227478; 0.805843710899353; -0.3446666896343231; 
264; 0.39608004689216614; -1.2716716527938843; -0.3633137345314026; -0.9427816867828369; 0.5887396335601807; -0.5085521936416626; 
298; 0.5848751664161682; -0.7970649003982544; -0.8398846983909607; -0.813412070274353; 0.7213805913925171; -0.48206207156181335; 
268; 0.27168935537338257; -1.158107876777649; -1.100173830986023; -0.8351274728775024; 0.6850844621658325; -0.13578474521636963; 
283; 0.08657044172286987; -0.45346522331237793; -0.7268880605697632; -0.9823240041732788; 0.8800678253173828; -0.15275758504867554; 
294; 0.3891765773296356; -0.9458720684051514; -0.6020352840423584; -0.8881844878196716; 0.6142687797546387; -0.4411616921424866; 
211; 0.4250749945640564; -1.207026720046997; -1.496280550956726; -0.9421287178993225; 0.7297755479812622; -0.11806552112102509; 
263; 0.20553195476531982; -0.945436954498291; -0.8604018688201904; -0.9012308716773987; 0.5621593594551086; 0.05532193183898926; 
256; 0.7906927466392517; -1.6429108381271362; -0.8140424489974976; -1.0761241912841797; 0.5075348615646362; -0.02414599061012268; 
269; 0.3947395086288452; -1.0693765878677368; -0.22198724746704102; -0.8085776567459106; 1.0400755405426025; -0.5372812747955322; 
210; 0.2885308265686035; -1.389784574508667; -0.6537809371948242; -0.8907309770584106; 0.5918002128601074; 0.16969281435012817; 
261; 0.20446249842643738; -0.9574878811836243; -0.882803738117218; -1.0136632919311523; 0.7021249532699585; -0.01778995990753174; 
299; -0.28774505853652954; -0.5471280813217163; -0.23417896032333374; -1.1047015190124512; 0.8894938826560974; -0.3319885730743408; 
293; 0.630092442035675; -0.8141701221466064; -0.5639271140098572; -1.0080749988555908; 0.6136030554771423; -0.2508292496204376; 
304; 0.3231145739555359; -0.9210274815559387; -0.18793758749961853; -1.0972319841384888; 0.4274997115135193; -0.3012734353542328; 
305; 0.43598365783691406; -0.931594729423523; -0.8008622527122498; -0.9510592222213745; 0.6878695487976074; -0.4361037313938141; 
337; -0.0015453696250915527; -0.903735876083374; -0.3732908070087433; -0.9788830876350403; 0.4955403804779053; -0.5771968364715576; 
354; 0.37187618017196655; -1.0612056255340576; -0.19494712352752686; -0.867285966873169; 0.7697596549987793; 0.05482679605484009; 
316; 0.21666598320007324; -1.78940749168396; -0.9908734560012817; -1.052677035331726; 0.7762125134468079; -0.12738855183124542; 
320; 0.138938307762146; -1.250123381614685; -0.4090989828109741; -0.9153521060943604; 0.9645166993141174; -0.38870662450790405; 
302; -0.05733636021614075; -1.2807658910751343; -0.5533043146133423; -0.8913471102714539; 0.8428577184677124; -0.29150089621543884; 
353; 0.22251862287521362; -1.1180167198181152; -0.38145947456359863; -1.0135877132415771; 0.7640525698661804; 0.013262346386909485; 
321; -0.03626364469528198; -0.7417396306991577; -0.40179571509361267; -1.068265438079834; 0.7496967315673828; -0.5131505131721497; 
326; 0.5012019872665405; -1.3485885858535767; -1.1471152305603027; -0.9672426581382751; 0.6397625207901001; -0.03607076406478882; 
385; -0.04817456007003784; -0.932183027267456; -0.8726744651794434; -0.9463305473327637; 0.6263466477394104; -0.3279777467250824; 
384; 0.06161081790924072; -1.1954948902130127; -0.8829538822174072; -1.09452223777771; 0.6818453073501587; -0.062171682715415955; 
339; 0.4468238949775696; -1.1940785646438599; -0.2446376085281372; -0.8667011857032776; 0.7769778966903687; -0.23451648652553558; 
309; 0.2035927176475525; -1.0708712339401245; -0.7590938210487366; -0.9566246271133423; 0.8787484169006348; -0.2953597605228424; 
322; 0.09637206792831421; -1.2139337062835693; -0.4108469486236572; -0.9013919830322266; 0.7750662565231323; -0.355449914932251; 
310; 0.6254364848136902; -1.9838210344314575; -0.6537378430366516; -1.0855563879013062; 0.5490472912788391; -0.33500605821609497; 
300; 0.5058481693267822; -0.9008926153182983; -0.5667635798454285; -1.1314994096755981; 0.5428928732872009; -0.2730400264263153; 
311; 0.7204012870788574; -0.9372243881225586; -1.326984167098999; -0.7837694883346558; 0.8019922971725464; 0.10850158333778381; 
307; 0.30339616537094116; -1.5644409656524658; -1.075196385383606; -0.8040668964385986; 0.8329596519470215; -0.4932805597782135; 
338; 0.6885663866996765; -1.3353904485702515; -0.22903847694396973; -1.0411219596862793; 1.038177490234375; -0.1604873538017273; 
301; 0.3943159580230713; -1.403620958328247; -0.4937431812286377; -0.9308143854141235; 0.7570652961730957; -0.2402680218219757; 
399; 0.002481222152709961; -1.1596707105636597; -0.44634443521499634; -1.0120179653167725; 0.5080498456954956; -0.1829671859741211; 
398; 0.13283127546310425; -1.6762237548828125; -0.5304437279701233; -0.8120986223220825; 0.8747257590293884; -0.25096437335014343; 
318; 0.047476887702941895; -1.308488130569458; -0.36560872197151184; -1.0119630098342896; 0.7132683992385864; -0.0719645768404007; 
386; 0.3243672549724579; -1.486678123474121; -0.9099547863006592; -0.7343829870223999; 0.6379209756851196; -0.18835648894309998; 
303; 0.350946843624115; -0.7937368154525757; -0.552759051322937; -1.027250051498413; 0.649307906627655; -0.027309492230415344; 
368; 0.05816155672073364; -1.380476951599121; -1.2255675792694092; -1.0294651985168457; 0.6406156420707703; -0.48669326305389404; 
335; -0.01436394453048706; -1.5643025636672974; -0.32494574785232544; -1.1617474555969238; 0.7732229232788086; -0.4780842363834381; 
390; 0.4026108980178833; -1.1473504304885864; -0.7531688213348389; -1.2089585065841675; 1.0242393016815186; -0.7082681059837341; 
396; 0.45836758613586426; -1.8235541582107544; -0.9142212867736816; -1.258482575416565; 0.5748133063316345; -0.005441829562187195; 
334; 0.661876916885376; -1.0228583812713623; -0.7494691014289856; -0.907014787197113; 0.7434458136558533; -0.40609848499298096; 
387; 0.012784123420715332; -1.19446861743927; -0.1793055236339569; -0.9925721287727356; 0.8792109489440918; -0.3606158196926117; 
340; 0.41439157724380493; -1.040844440460205; -0.654102087020874; -1.085559368133545; 0.5173358917236328; -0.28912174701690674; 
355; 0.06704896688461304; -1.2932308912277222; -0.7899866700172424; -1.2027047872543335; 0.6252888441085815; -0.24880053102970123; 
314; 0.3330342769622803; -1.5247340202331543; -1.4288058280944824; -0.8769500851631165; 0.5893216133117676; -0.25129279494285583; 
360; -0.03654170036315918; -1.5722367763519287; -0.8638972043991089; -1.0464900732040405; 0.5716053247451782; -0.34203699231147766; 
382; 0.3155772089958191; -1.5690417289733887; -1.0335899591445923; -0.9344164729118347; 0.7366511821746826; -0.29695427417755127; 
362; 0.3309178352355957; -1.2636499404907227; -0.7379960417747498; -0.9474002122879028; 0.7140680551528931; -0.25566402077674866; 
383; -0.12924405932426453; -1.3871793746948242; -0.7752318978309631; -0.9097923636436462; 1.0175492763519287; -0.09419478476047516; 
325; 0.32688120007514954; -1.0887231826782227; -1.3770155906677246; -0.7657796144485474; 0.8297204375267029; -0.22382450103759766; 
356; 0.32957035303115845; -0.7336353659629822; -0.3508151173591614; -0.7689477205276489; 1.104010820388794; 0.13604210317134857; 
361; 0.23074400424957275; -1.463026762008667; -0.17652055621147156; -0.8049734830856323; 0.7805205583572388; -0.16912654042243958; 
333; 0.06445473432540894; -1.5107684135437012; -0.37875649333000183; -0.6795253753662109; 0.7363417744636536; -0.21602720022201538; 
367; 0.5680191516876221; -0.7642269134521484; -0.6515000462532043; -0.9137699007987976; 0.6660120487213135; -0.36420738697052; 
323; -0.35869425535202026; -0.9167689085006714; -0.17452186346054077; -0.9012953042984009; 0.9737902283668518; -0.14535042643547058; 
331; -0.07060515880584717; -0.3352513313293457; -0.1794329583644867; -1.3737624883651733; 0.805182933807373; -0.43652790784835815; 
364; 0.41991162300109863; -0.9054569602012634; -0.5377082228660583; -0.8145810961723328; 0.7073140144348145; -0.3621692359447479; 
348; 0.38671547174453735; -1.5003845691680908; -0.3965757489204407; -1.057016372680664; 0.778110921382904; -0.25162529945373535; 
330; 0.5973601341247559; -1.1240689754486084; -0.5060316324234009; -0.9375727772712708; 0.5024286508560181; -0.14657142758369446; 
372; -0.6809377670288086; -1.4388110637664795; -0.09246459603309631; -1.061030387878418; 0.5708096623420715; -0.1536368578672409; 
350; 0.5727678537368774; -1.1015349626541138; -1.0012940168380737; -0.8610484600067139; 0.6395047307014465; -0.09481222927570343; 
380; -0.42290669679641724; -0.8264071345329285; -0.27330973744392395; -0.9061340689659119; 0.8572555780410767; -0.1903163194656372; 
388; 0.4393727779388428; -0.38878124952316284; -0.44253551959991455; -1.0073777437210083; 0.7267881631851196; -0.23675581812858582; 
351; 0.2699180841445923; -1.0089054107666016; -1.0283401012420654; -0.8964658975601196; 0.802524209022522; -0.38792502880096436; 
369; -0.35915297269821167; -1.508697509765625; -0.3897203207015991; -1.124686360359192; 0.7040222883224487; -0.19096608459949493; 
373; 0.22754549980163574; -1.8671951293945312; -0.8540608882904053; -0.87810218334198; 0.6317780017852783; -0.38855063915252686; 
391; 0.3791874051094055; -1.188241720199585; -0.9998607635498047; -1.2834012508392334; 0.5279340147972107; -0.10941429436206818; 
329; 0.4780256748199463; -1.423431396484375; -1.167249321937561; -0.7690210938453674; 0.7982540130615234; -0.5649839639663696; 
349; -1.1159296035766602; -1.6138696670532227; -0.45042046904563904; -0.9095221757888794; 0.6419678926467896; -0.3272778391838074; 
327; 0.34520572423934937; -0.9634190797805786; -0.4628455936908722; -1.067765474319458; 0.7451057434082031; -0.3094277083873749; 
347; -0.2584003806114197; -1.4720354080200195; -1.3930363655090332; -0.8700612783432007; 0.8332208395004272; -0.5024093389511108; 
374; 0.3972189128398895; -1.0757313966751099; -0.376504123210907; -0.886332631111145; 0.6496273279190063; -0.19068032503128052; 
 
346; 0.29697203636169434; -0.9192622303962708; -0.5086337327957153; -1.0395946502685547; 0.8551859855651855; -0.1581030786037445; 
352; 0.6318047642707825; -0.6748713850975037; -0.3447425961494446; -1.1663691997528076; 0.7108591198921204; -0.2856535315513611; 
357; 0.4643981456756592; -0.7555842399597168; -1.0739887952804565; -0.9590258598327637; 0.7500484585762024; -0.11052176356315613; 
336; 0.042579054832458496; -1.4848217964172363; -0.48592329025268555; -0.6849484443664551; 0.6055020093917847; -0.3889232873916626; 
393; 0.5936810970306396; -0.9629438519477844; 0.06722354888916016; -1.2988661527633667; 0.8579114675521851; -0.41416963934898376; 
359; 0.13692617416381836; -1.3553571701049805; -0.634676456451416; -0.7658441066741943; 0.8759740591049194; -0.23656636476516724; 
306; 0.2390996217727661; -1.047729730606079; -1.3620502948760986; -1.162674069404602; 0.7702916860580444; -0.4220816195011139; 
366; 0.1836080551147461; -2.287468194961548; -0.9017901420593262; -0.9394820332527161; 0.945200502872467; -0.13734926283359528; 
332; 0.1532573103904724; -1.0277142524719238; -0.6788631677627563; -1.1479575634002686; 0.8051045536994934; -0.1260298788547516; 
328; -0.038627803325653076; -0.7429709434509277; -0.5790244936943054; -0.9537336230278015; 0.7484945058822632; -0.3263093829154968; 
324; 0.4529113173484802; -0.44436854124069214; -0.6375108957290649; -0.9931758642196655; 0.8977792263031006; -0.14662691950798035; 
394; 0.5700507760047913; -2.0036838054656982; -0.4109024405479431; -1.0168440341949463; 0.9596993923187256; -0.2289210855960846; 
392; 0.5833008885383606; -0.9405138492584229; -0.11627796292304993; -0.9642351865768433; 0.7734329104423523; -0.3946266770362854; 
379; 0.5658528208732605; -2.3587417602539062; -1.123565912246704; -0.9344062805175781; 0.8052326440811157; -0.35818251967430115; 
397; 0.21633261442184448; -0.9596673250198364; -1.0982881784439087; -0.9407691955566406; 0.5991244316101074; -0.3495430052280426; 
381; 0.24216419458389282; -1.4622735977172852; -0.676832377910614; -0.8238028883934021; 0.8027994632720947; -0.2615261375904083; 
344; 0.05907845497131348; -1.6238012313842773; -0.9619413018226624; -1.003114938735962; 0.8213874101638794; -0.11468160152435303; 
342; 0.08422514796257019; -0.8656580448150635; -0.7715215086936951; -0.946509599685669; 0.7666577100753784; -0.13946346938610077; 
358; 0.07386273145675659; -1.1421786546707153; -0.5063032507896423; -1.0704050064086914; 0.6714856624603271; -0.4252687692642212; 
365; 0.1804531216621399; -0.9848273992538452; -1.4867241382598877; -1.0552293062210083; 0.516563892364502; -0.2569127380847931; 
308; 0.594035804271698; -2.2444334030151367; -1.1223349571228027; -1.1078276634216309; 0.4171789884567261; -0.01408010721206665; 
389; 0.4748145341873169; -2.2054731845855713; -0.47508159279823303; -0.9547145962715149; 0.6703994870185852; -0.2057487815618515; 
315; -0.021700561046600342; -1.8064301013946533; -0.28774046897888184; -1.1195158958435059; 0.7338657975196838; -0.07423253357410431; 
319; 0.24965018033981323; -0.9432729482650757; -0.6321969032287598; -0.9825418591499329; 0.6759395003318787; -0.17730401456356049; 
395; 0.3614356219768524; -1.4495806694030762; -1.231672763824463; -0.7764701843261719; 0.741718590259552; -0.17537200450897217; 
312; 0.19065424799919128; -0.5832463502883911; -1.0050333738327026; -0.6542123556137085; 0.793427586555481; -0.28745773434638977; 
376; 0.11753791570663452; -1.205257773399353; -0.44260305166244507; -0.9671281576156616; 0.894615888595581; -0.26365649700164795; 
313; 0.25900793075561523; -0.413796067237854; -1.167858362197876; -0.9317171573638916; 0.9131513833999634; -0.18689122796058655; 
317; 0.13095855712890625; -0.8633585572242737; -0.8973965644836426; -0.9157098531723022; 0.8099232912063599; 0.006534188985824585; 
341; 0.0876815915107727; -1.3942135572433472; -0.44469398260116577; -0.9983830451965332; 0.6018429398536682; -0.31991469860076904; 
378; 0.19170939922332764; -1.3448495864868164; -0.711249828338623; -0.9048389196395874; 0.6825315356254578; -0.3748498558998108; 
343; 0.565102219581604; -1.1265928745269775; -0.9729711413383484; -0.9598945379257202; 0.7984720468521118; -0.12815041840076447; 
363; 0.23498299717903137; -0.9541829228401184; -0.6152887940406799; -0.9168853163719177; 0.7017611265182495; -0.28556981682777405; 
377; -0.1459031105041504; -1.9213721752166748; -0.22075995802879333; -0.8701459169387817; 0.7929409146308899; -0.22345784306526184; 
370; -0.04861640930175781; -0.6670260429382324; -0.9200023412704468; -0.8501476049423218; 0.7628391981124878; -0.17048022150993347; 
345; 0.26873910427093506; -1.390991449356079; -0.38050907850265503; -0.8220624923706055; 0.830194890499115; -0.42057371139526367; 
375; 0.018839716911315918; -1.0461440086364746; -0.919162392616272; -0.9076587557792664; 0.6237920522689819; -0.05482855439186096; 
403; 0.02806490659713745; -1.0150482654571533; -1.3932068347930908; -1.025445580482483; 0.6794566512107849; -0.3119897246360779; 
400; -0.17392021417617798; -1.3422682285308838; -0.44703298807144165; -0.949359118938446; 0.5728405714035034; -0.1720435917377472; 
401; -0.23826831579208374; -1.5902528762817383; -0.8587365746498108; -0.8098582029342651; 0.7996096611022949; -0.30266499519348145; 
420; 0.747065544128418; -0.9055354595184326; -0.4571946859359741; -1.0491259098052979; 0.4756346642971039; -0.371987909078598; 
404; 0.5126949548721313; -1.5691630840301514; -0.889792799949646; -1.0546295642852783; 0.8317745923995972; -0.31042784452438354; 
433; 0.4275999367237091; -0.6886120438575745; -0.8275922536849976; -1.0268852710723877; 0.6462875604629517; -0.25232893228530884; 
402; 0.2845686078071594; -1.1956908702850342; -1.305779218673706; -1.0895463228225708; 0.7773350477218628; -0.19324326515197754; 
409; -0.24220702052116394; -1.4745266437530518; -1.2045475244522095; -0.9262759685516357; 0.7900479435920715; -0.2691451609134674; 
407; 0.4936850070953369; -0.7819046974182129; -0.5268991589546204; -0.9091761112213135; 0.9778053760528564; -0.30923593044281006; 
424; 0.36408767104148865; -0.7486645579338074; -1.1291738748550415; -0.7139407992362976; 0.5773986577987671; -0.4250293970108032; 
408; 0.17198067903518677; -1.8417596817016602; -0.8564162254333496; -1.0260043144226074; 0.8038103580474854; -0.11607331037521362; 
411; 0.5204836130142212; -0.8185030817985535; -0.8921071290969849; -1.0665078163146973; 0.8623553514480591; -0.30814069509506226; 
412; 0.1689516305923462; -1.230222225189209; -1.097417950630188; -1.015647530555725; 0.7200555801391602; -0.2940192222595215; 
423; 0.19303786754608154; -1.078282117843628; -0.9236941337585449; -0.8777267932891846; 0.5639832615852356; -0.16505496203899384; 
421; 0.3308793902397156; -0.9374714493751526; -0.9515310525894165; -0.9107463955879211; 0.9382488131523132; -0.4043026864528656; 
422; 0.4998248517513275; -0.8054184913635254; -0.7674433588981628; -0.9471571445465088; 0.8620038032531738; -0.1110352873802185; 
405; 0.3604164719581604; -1.768025279045105; -0.562300443649292; -1.036111831665039; 0.9581784009933472; -0.2718236744403839; 
410; -0.047091513872146606; -1.205122709274292; -1.2114768028259277; -1.0358458757400513; 0.6001231670379639; -0.25806689262390137; 
453; 0.2776297330856323; -1.102699875831604; -0.37647947669029236; -0.8271949291229248; 0.5539438724517822; -0.44454890489578247; 
468; 0.17210084199905396; -1.6526365280151367; -0.19473949074745178; -0.7325894832611084; 0.6885082721710205; -0.18765392899513245; 
454; -0.04067349433898926; -1.4264354705810547; -0.911608099937439; -0.8443745374679565; 0.6494022607803345; -0.3521896004676819; 
419; 0.39607682824134827; -1.0881521701812744; -0.215093731880188; -0.8219228982925415; 0.9850856065750122; -0.2731774151325226; 
449; -0.008016347885131836; -1.3194892406463623; -0.5891628265380859; -0.8699867129325867; 0.6730935573577881; -0.11629703640937805; 
460; -0.44054800271987915; -1.3781583309173584; -0.8093035221099854; -0.7849828600883484; 0.7586257457733154; -0.2976066470146179; 
469; 0.37979018688201904; -1.2178394794464111; -0.8053626418113708; -0.863447904586792; 0.7449378371238708; -0.2762207090854645; 
498; 0.34841209650039673; -1.3564776182174683; -0.5327954292297363; -0.9242990016937256; 0.6749433875083923; -0.33710968494415283; 
482; 0.5095254778862; -1.8437447547912598; -1.6557669639587402; -0.8707253336906433; 0.818867564201355; -0.11611612141132355; 
462; 0.5296348333358765; -1.2912297248840332; -0.8382347822189331; -1.0451871156692505; 0.5959043502807617; -0.21323885023593903; 
459; 0.5012503266334534; -0.9917103052139282; -0.985897958278656; -0.7920853495597839; 1.1138631105422974; -0.25201544165611267; 
416; 0.375652551651001; -1.4272540807724; -0.48807859420776367; -1.0585532188415527; 0.5609384179115295; -0.16704149544239044; 
413; 0.37046676874160767; -1.0243109464645386; -0.3397054076194763; -0.8776980638504028; 1.0230765342712402; -0.49074581265449524; 
476; -0.04066002368927002; -1.522728443145752; -0.4195651113986969; -0.9042366743087769; 0.6641300916671753; -0.13107170164585114; 
455; 0.20277759432792664; -1.1779074668884277; -0.31433695554733276; -1.000651240348816; 0.9146507978439331; -0.3802410364151001; 
406; 0.7945300340652466; -1.0454702377319336; -0.20700198411941528; -0.990746796131134; 0.9111771583557129; -0.24691534042358398; 
475; 0.05881267786026001; -1.3640947341918945; -0.7915991544723511; -0.8071642518043518; 0.7899397015571594; -0.09218612313270569; 
478; 0.5403769016265869; -1.1451871395111084; -0.7234644889831543; -0.9516363739967346; 0.8623501062393188; -0.06337673962116241; 
472; -0.044517308473587036; -1.8606035709381104; -1.2660077810287476; -0.7777928113937378; 0.7669762969017029; -0.2569717764854431; 
418; 0.07710731029510498; -1.3963334560394287; -0.5308024287223816; -1.1327183246612549; 0.8337876796722412; -0.08833099901676178; 
447; 0.2085832953453064; -0.497967392206192; -0.5535851120948792; -1.1557679176330566; 0.609847903251648; -0.313516765832901; 
446; -0.02068781852722168; -1.2459532022476196; -0.6542704701423645; -0.8697290420532227; 0.7473523616790771; -0.19721002876758575; 
495; 0.3482810854911804; -0.6243994235992432; -0.06738179922103882; -0.9367777109146118; 0.6817564964294434; -0.24416863918304443; 
448; 0.05265241861343384; -1.464885950088501; -0.7872459292411804; -0.956803560256958; 0.8817554116249084; -0.2897140383720398; 
467; -0.2688639760017395; -1.6857802867889404; -0.49263566732406616; -0.9848237037658691; 0.734223484992981; -0.18095016479492188; 
494; -0.2012210488319397; -0.8613221049308777; -0.964262843132019; -1.0536229610443115; 0.7184427380561829; -0.18012188374996185; 
417; 0.6677681803703308; -1.2573143243789673; -0.8057209253311157; -1.0166188478469849; 0.8311126232147217; -0.30361053347587585; 
470; 0.30972176790237427; -1.3006067276000977; -0.6782265305519104; -0.777168333530426; 0.6130770444869995; -0.22081013023853302; 
483; -0.27909019589424133; -1.637097716331482; -0.26525869965553284; -0.9646091461181641; 0.8111717700958252; -0.2986924648284912; 
429; 0.3636707663536072; -0.6737436652183533; -0.6948160529136658; -0.9913018941879272; 0.8067383766174316; -0.16977518796920776; 
450; -0.4770916998386383; -1.524406909942627; -0.41157200932502747; -0.964692234992981; 0.5388107299804688; -0.12018748372793198; 
491; 0.33893883228302; -1.4066004753112793; -0.9082982540130615; -0.9256660342216492; 0.756424069404602; -0.29911816120147705; 
474; 0.3720950186252594; -1.451235055923462; -0.6983505487442017; -0.9473581910133362; 0.8651230335235596; -0.22743791341781616; 
471; 0.040029168128967285; -1.7393001317977905; -0.6255326271057129; -0.8227663636207581; 0.8905199766159058; -0.26783761382102966; 
461; 0.6088557243347168; -0.9959594011306763; -0.9331257939338684; -0.8344985246658325; 0.7721735835075378; -0.13630890846252441; 
465; 0.37665748596191406; -1.2579015493392944; -0.36267703771591187; -0.8735775947570801; 0.7765597701072693; -0.16126802563667297; 
488; 0.5742155313491821; -1.2281134128570557; -0.6505335569381714; -0.9370865821838379; 0.8217463493347168; -0.25065478682518005; 
473; 0.46823498606681824; -0.9324048757553101; -0.38085705041885376; -1.020880103111267; 0.6760660409927368; -0.2810342013835907; 
437; 0.6765733361244202; -1.9234862327575684; -0.8640896677970886; -0.8059740662574768; 0.7525181770324707; -0.41753441095352173; 
466; 0.2090015411376953; -1.4416711330413818; -0.3470146656036377; -0.8254624605178833; 0.8832108974456787; -0.1314650923013687; 
456; -0.3974795937538147; -1.143456220626831; -0.8238317370414734; -1.0216678380966187; 0.7221791744232178; -0.1764666736125946; 
432; 0.10188210010528564; -1.1176273822784424; 0.13822561502456665; -0.9635719060897827; 0.7666093111038208; -0.2952762246131897; 
489; 0.48462891578674316; -1.6288466453552246; -0.6395130157470703; -0.9455550909042358; 0.7004534006118774; -0.20902788639068604; 
451; 0.04112154245376587; -1.4953281879425049; 0.0031538009643554688; -0.9600604772567749; 0.40590664744377136; -0.32504910230636597; 
427; 0.2897702753543854; -1.0505752563476562; -0.6283251643180847; -1.0204294919967651; 0.7139871120452881; -0.023060336709022522; 
487; 0.5941500663757324; -1.1421120166778564; -0.4511142075061798; -1.0784924030303955; 0.7591521739959717; -0.1466427445411682; 
426; 0.19534820318222046; -1.3849151134490967; -0.6853488087654114; -0.8924432992935181; 0.8774580359458923; -0.32128965854644775; 
481; 0.39516615867614746; -1.5439655780792236; -1.243035912513733; -1.1186574697494507; 0.6820448040962219; -0.2906860113143921; 
463; 0.43269020318984985; -0.7169707417488098; -0.11150988936424255; -0.9755867123603821; 0.7716671824455261; -0.17951275408267975; 
490; -0.3834790587425232; -0.9690106511116028; -0.6477363109588623; -0.9409513473510742; 0.9721543192863464; -0.4240112900733948; 
414; 0.3583592176437378; -0.8177663087844849; -0.1999770998954773; -0.7978246212005615; 0.6146684288978577; -0.20407477021217346; 
493; 0.5985169410705566; -1.3041760921478271; -0.3369784951210022; -0.8801153898239136; 0.6275020837783813; -0.1567939668893814; 
438; 0.6784433722496033; -2.142272472381592; -1.4336895942687988; -1.0677498579025269; 0.8567966222763062; -0.3230902850627899; 
479; 0.044139564037323; -1.5398180484771729; -0.6684746146202087; -0.9557269811630249; 0.5151618719100952; -0.2541316747665405; 
436; 0.6671409606933594; -1.4786298274993896; -0.828752338886261; -0.8768861293792725; 0.7273763418197632; -0.35536181926727295; 
430; 0.2706185579299927; -0.8581560850143433; -0.5783994793891907; -0.9179219007492065; 0.9075816869735718; -0.10232920944690704; 
425; 0.4100538492202759; -0.9335407018661499; -0.5891432166099548; -0.8745146989822388; 0.795216977596283; -0.3199674189090729; 
443; 0.022057712078094482; -1.287518858909607; -0.040050625801086426; -0.9447827339172363; 0.6377213597297668; -0.058688461780548096; 
496; 0.629913866519928; -0.8504704833030701; -0.6813496947288513; -0.8864151239395142; 0.7068820595741272; -0.4244294762611389; 
492; 0.5101688504219055; -0.8113328218460083; -0.617151141166687; -0.935646653175354; 0.741167426109314; -0.1645151972770691; 
431; 0.17948603630065918; -0.8827530145645142; -0.2830844223499298; -1.0339374542236328; 0.920428991317749; -0.057291656732559204; 
439; 0.19845491647720337; -1.008349895477295; -0.5856875777244568; -0.9925957918167114; 0.5832083225250244; -0.16872815787792206; 
457; -0.1919902265071869; -0.9445499777793884; -0.7007749080657959; -0.9873684644699097; 0.8048127293586731; -0.3297206163406372; 
477; 0.4702470898628235; -1.9406777620315552; -0.5339321494102478; -0.8235135674476624; 0.4570525586605072; -0.21148130297660828; 
442; -0.45886868238449097; -2.134244918823242; -0.17529764771461487; -0.9887019395828247; 0.6942988634109497; -0.15655064582824707; 
445; -0.21159982681274414; -0.5539964437484741; 0.16716820001602173; -0.8983795642852783; 0.9160803556442261; -0.07418973743915558; 
440; 0.31351953744888306; -1.2981019020080566; -0.6403918266296387; -0.6499398946762085; 0.6698744893074036; -0.21375295519828796; 
441; 0.2198520302772522; -1.0640935897827148; -0.37008780241012573; -0.9431142807006836; 0.9035911560058594; -0.1951170414686203; 
452; 0.246662437915802; -1.1915080547332764; -0.7452121376991272; -0.9532180428504944; 0.717421293258667; -0.20527702569961548; 
415; 0.11625218391418457; -1.2796850204467773; -0.3794235587120056; -1.0358853340148926; 0.7102895975112915; -0.09952357411384583; 
458; 0.11994653940200806; -1.0407452583312988; -0.8195162415504456; -0.986354410648346; 0.6031316518783569; -0.26280292868614197; 
444; 0.48149189352989197; -1.10892915725708; -0.298082172870636; -0.661536693572998; 0.7672957181930542; -0.32167887687683105; 
497; -0.201374351978302; -1.3884997367858887; -1.0303442478179932; -0.7970768809318542; 0.6796936988830566; -0.36751577258110046; 
480; 0.2577292323112488; -1.3332619667053223; -0.9496648907661438; -0.9762043952941895; 0.6032906770706177; -0.1435064971446991; 
434; -0.026129484176635742; -1.0696241855621338; -0.28675079345703125; -0.8281557559967041; 0.7666708827018738; -0.1898525208234787; 
484; 0.3940999507904053; -0.5411769151687622; -0.9293261170387268; -0.9368597269058228; 0.5069888234138489; -0.2568505108356476; 
464; -0.0899132490158081; -1.6244052648544312; -0.8959675431251526; -1.2350331544876099; 0.7763926982879639; -0.30623072385787964; 
486; 0.3471231460571289; -1.4898853302001953; -0.6532952189445496; -0.9191051721572876; 0.6504348516464233; -0.2761857211589813; 
499; -0.07922694087028503; -1.2928048372268677; -1.3312623500823975; -0.7948687076568604; 0.4699670672416687; -0.20650556683540344; 
500; 0.7073329091072083; -0.4185832738876343; -1.536859154701233; -0.9241430759429932; 1.022302508354187; -0.19717779755592346; 
501; -0.1323426067829132; -2.0665841102600098; -0.7170172929763794; -0.923198401927948; 0.7709042429924011; -0.3097649812698364; 
505; -0.11672982573509216; -0.6577563881874084; -0.4895891547203064; -0.9629591703414917; 0.831107497215271; -0.4109051823616028; 
503; 0.4222562313079834; -0.7060399055480957; -0.710442304611206; -1.0145683288574219; 0.8017352819442749; -0.2839145064353943; 
502; 0.14168411493301392; -1.5825649499893188; 0.06564229726791382; -0.8622819781303406; 0.8383514881134033; -0.1511380523443222; 
504; 0.09575217962265015; -1.440104365348816; -0.7370483875274658; -0.9210602641105652; 0.8927518129348755; -0.1696617305278778; 
