6; 1.2010835409164429; -0.10317248106002808; 0.31398504972457886; -0.5829891562461853; 1.3226888179779053; 0.14802026748657227; 
58; 1.3856565952301025; 0.33044564723968506; 0.7963106632232666; -0.5227777361869812; 1.3620421886444092; 0.17687205970287323; 
13; 1.1573859453201294; -0.07266825437545776; 0.8003956079483032; -0.43063923716545105; 1.3155142068862915; 0.21575787663459778; 
14; 1.7379529476165771; 0.08147591352462769; 0.7377561330795288; -0.4529164731502533; 1.2033042907714844; 0.5096520185470581; 
17; 1.6149483919143677; 0.5899728536605835; 0.5508161187171936; -0.5176315307617188; 1.157694935798645; 0.21785937249660492; 
65; 1.58089017868042; 0.5660039782524109; 0.5504232048988342; -0.3815440237522125; 1.0463221073150635; 0.1651654839515686; 
19; 1.2692359685897827; 0.559374213218689; 0.6588360071182251; -0.4418187141418457; 1.231451153755188; 0.30672019720077515; 
24; 1.4634681940078735; 0.3978402614593506; 1.0789055824279785; -0.3995276391506195; 1.082371473312378; 0.385497510433197; 
4; 1.020305871963501; -0.311653196811676; 0.32461118698120117; -0.3247857391834259; 1.3929815292358398; 0.24169376492500305; 
15; 0.8695963621139526; 0.12018775939941406; 0.8941940069198608; -0.6438727378845215; 1.2158513069152832; 0.19390442967414856; 
22; 1.3535012006759644; 0.5135168433189392; 0.5169939994812012; -0.46146994829177856; 1.0320820808410645; 0.215639129281044; 
20; 1.2874666452407837; 0.417294979095459; 0.4551699757575989; -0.43969571590423584; 1.234506607055664; 0.19409170746803284; 
30; 1.418123483657837; 0.02844005823135376; 0.6615787148475647; -0.20397421717643738; 1.4045571088790894; 0.2861195206642151; 
48; 1.2355438470840454; 0.4764612913131714; 0.6459742188453674; -0.5138484239578247; 1.3118705749511719; 0.13392792642116547; 
90; 0.9902033805847168; 0.35810282826423645; 0.4569063186645508; -0.3862934410572052; 1.1102503538131714; 0.3787744641304016; 
3; 1.074080467224121; 0.4818546175956726; 0.9228982925415039; -0.3970656991004944; 1.298495888710022; 0.17109429836273193; 
21; 1.2755054235458374; 0.3427884578704834; 0.33829808235168457; -0.2880687713623047; 1.063611388206482; 0.01110069453716278; 
23; 1.4485163688659668; 0.6672165393829346; 0.3602665066719055; -0.3528633117675781; 1.3555337190628052; 0.1244610846042633; 
64; 1.5810682773590088; 0.0425642728805542; 0.6939712762832642; -0.3049801290035248; 1.4525253772735596; 0.37639811635017395; 
66; 0.6637749671936035; 0.592946469783783; 0.5627483129501343; -0.4481527507305145; 1.2440955638885498; 0.5583034753799438; 
18; 1.5022823810577393; 0.393253356218338; 0.3290417492389679; -0.4437893033027649; 1.3476717472076416; 0.1764499992132187; 
91; 1.2049667835235596; -0.1728394627571106; 1.0463511943817139; -0.47527238726615906; 1.296989917755127; 0.34741389751434326; 
95; 1.2533862590789795; 0.5528336763381958; 0.9202615022659302; -0.14255940914154053; 1.2419207096099854; 0.3485938310623169; 
93; 1.4602255821228027; 0.21697458624839783; 0.587960958480835; -0.15748263895511627; 0.9180791974067688; 0.2138187289237976; 
49; 1.692062258720398; 0.04460430145263672; 0.8456814885139465; -0.42762547731399536; 1.2176138162612915; 0.16182485222816467; 
16; 1.1443144083023071; -0.29228895902633667; 0.5874671339988708; -0.5644997954368591; 1.105086326599121; 0.12637540698051453; 

57; 1.2487621307373047; 0.37058573961257935; 0.6348322033882141; -0.5097081661224365; 1.2369601726531982; 0.023835882544517517; 
29; 1.596111536026001; -0.16840243339538574; 0.45524951815605164; -0.195374995470047; 1.4290826320648193; 0.2084239423274994; 
99; 1.092044472694397; 0.7708333730697632; 0.4694365859031677; -0.5965045690536499; 1.1935369968414307; 0.21362122893333435; 
60; 1.2422683238983154; 0.5061853528022766; 0.8221310377120972; -0.59669429063797; 1.357108473777771; 0.3421105146408081; 
32; 1.3936305046081543; 0.6041046977043152; 0.4732769727706909; -0.2973305881023407; 1.3743441104888916; 0.5097247362136841; 
88; 1.3599772453308105; 0.35338953137397766; 1.0626354217529297; -0.3600344657897949; 1.12383234500885; 0.19963625073432922; 
89; 1.6870101690292358; 0.370308518409729; -0.23262828588485718; -0.3146328628063202; 1.16530442237854; 0.3798993229866028; 
92; 1.1081053018569946; 0.5020899772644043; 1.129807949066162; -0.7224412560462952; 1.0102465152740479; 0.08620929718017578; 
2; 1.1096165180206299; 0.4081961512565613; 0.7478350400924683; -0.5163067579269409; 1.200800895690918; -0.003110751509666443; 
72; 1.4001678228378296; 0.05244201421737671; 0.9356692433357239; -0.4329453110694885; 1.4253581762313843; 0.2329704910516739; 
68; 0.73394775390625; -0.06645083427429199; 1.114758014678955; -0.5279408693313599; 1.2321290969848633; 0.3742295801639557; 
40; 1.3494131565093994; 0.5473974347114563; 0.6426778435707092; -0.48564261198043823; 1.431971788406372; 0.22083780169487; 
63; 1.3876826763153076; 0.4173530638217926; 0.7206511497497559; -0.27126947045326233; 1.4346246719360352; 0.20144148170948029; 
9; 1.0732874870300293; 0.2877689003944397; -0.058458685874938965; -0.2975790500640869; 1.3772019147872925; 0.28691476583480835; 
97; 1.0902243852615356; 0.5123849511146545; 0.4590356945991516; -0.6818282604217529; 1.4445128440856934; 0.10218538343906403; 
10; 1.1861560344696045; -0.3056451678276062; 0.5224478244781494; -0.22619560360908508; 1.3272209167480469; 0.5064964294433594; 
56; 1.2324867248535156; 0.12294507026672363; 0.8844800591468811; -0.4371594190597534; 1.2281081676483154; 0.07455767691135406; 
82; 1.2831754684448242; 0.26505228877067566; 0.4689120650291443; -0.37931424379348755; 1.314669132232666; 0.23298825323581696; 
0; 1.1366424560546875; 0.052938103675842285; 0.8835631012916565; -0.435443639755249; 1.3490426540374756; 0.19296720623970032; 
94; 1.2932062149047852; 0.32626521587371826; 0.493050217628479; -0.425758421421051; 1.4595797061920166; 0.15338775515556335; 
59; 1.4018726348876953; 0.047163546085357666; 0.3814089298248291; -0.3454808294773102; 1.1834723949432373; 0.17606224119663239; 
70; 1.244004487991333; 0.3865359425544739; 0.7146297097206116; -0.3859228491783142; 1.1167287826538086; 0.6109117269515991; 
37; 1.2906004190444946; 0.09285145998001099; 0.30806657671928406; -0.43718647956848145; 1.2121827602386475; 0.21127796173095703; 
39; 1.2276766300201416; 0.5095120668411255; 0.542290210723877; -0.3666324317455292; 1.1477437019348145; 0.33578234910964966; 
35; 1.189287781715393; 0.4209233522415161; 0.6012532114982605; -0.35399991273880005; 1.2344409227371216; 0.25950267910957336; 
1; 1.4394071102142334; 0.2518521547317505; 0.5812888741493225; -0.4685627818107605; 1.3879557847976685; 0.186306893825531; 
43; 1.681856393814087; 0.17154324054718018; 0.45471376180648804; -0.4807133078575134; 1.3881161212921143; 0.46091562509536743; 
81; 1.4283697605133057; 0.20752748847007751; 0.3435162901878357; -0.6827234029769897; 1.2341413497924805; 0.24737349152565002; 
55; 1.760382056236267; -0.3312370181083679; 0.75319504737854; -0.36516454815864563; 1.3152028322219849; 0.4278787076473236; 
8; 1.2937207221984863; -0.3333028554916382; 0.4930799603462219; -0.3147558569908142; 1.1128544807434082; 0.559952974319458; 
12; 1.1280875205993652; 0.7296261787414551; 0.24613171815872192; -0.4509211480617523; 1.231489896774292; 0.23310910165309906; 
98; 0.9585675597190857; 0.29358232021331787; 1.0256403684616089; -0.4655416011810303; 1.226872444152832; 0.31216347217559814; 
69; 1.3407052755355835; 0.29158303141593933; 0.6342648863792419; -0.3944442868232727; 1.2142555713653564; 0.1382080465555191; 
11; 1.0325441360473633; 0.05857771635055542; 0.7908469438552856; -0.36110401153564453; 1.102048397064209; 0.3212299346923828; 
27; 1.3085424900054932; -0.09064644575119019; 0.3871748149394989; -0.46096402406692505; 1.3147869110107422; 0.306942343711853; 
67; 1.6423923969268799; 0.3770695924758911; 0.42439597845077515; -0.5818125009536743; 1.1678903102874756; 0.23301157355308533; 
25; 1.1007168292999268; -0.13627958297729492; 0.7633282542228699; -0.5817068815231323; 1.0658036470413208; 0.3955066502094269; 
75; 1.3774522542953491; 0.02836441993713379; 0.5197538733482361; -0.4449295103549957; 1.2200433015823364; 0.2157289981842041; 
74; 1.2204854488372803; 0.35989904403686523; 0.6229904890060425; -0.6489177942276001; 1.169291377067566; 0.12631256878376007; 
44; 1.5099585056304932; 0.04986858367919922; 1.0638980865478516; -0.324919730424881; 1.2279447317123413; 0.24366019666194916; 
77; 1.1384388208389282; -0.3380182981491089; 0.94830322265625; -0.40643608570098877; 1.220983624458313; 0.23007158935070038; 
51; 1.3402836322784424; 0.2854231894016266; 0.6368101835250854; -0.433057963848114; 1.390871524810791; 0.4012177288532257; 
62; 0.9260592460632324; 0.49328041076660156; 0.853058397769928; -0.43032240867614746; 1.237322449684143; 0.29513344168663025; 
47; 0.8147612810134888; 0.07890200614929199; 0.704322338104248; -0.3994417190551758; 1.0217742919921875; 0.3125895857810974; 
36; 1.2173449993133545; 0.4512723684310913; -0.08029699325561523; -0.23222272098064423; 1.2974447011947632; 0.33367490768432617; 
61; 1.0910924673080444; 0.027316272258758545; 0.4033854901790619; -0.6089397668838501; 1.2113115787506104; 0.2547369599342346; 
7; 1.115268349647522; -0.395139217376709; 0.7784644365310669; -0.39420264959335327; 1.0732146501541138; 0.043619006872177124; 
42; 1.1198636293411255; 0.33357954025268555; 0.4206809103488922; -0.29881751537323; 1.203596830368042; 0.3435823917388916; 
87; 1.5977954864501953; 0.1467229127883911; 0.4766719937324524; -0.40288883447647095; 1.086150050163269; 0.09021201729774475; 
46; 1.203228235244751; 0.5546886324882507; 0.37582632899284363; -0.6137539148330688; 1.299699068069458; 0.26205092668533325; 
52; 1.5578285455703735; -0.04632449150085449; 0.8670461177825928; -0.5474681854248047; 1.1001954078674316; 0.2630363702774048; 
50; 0.9849366545677185; 0.07987844944000244; 0.39283961057662964; -0.1354454755783081; 1.2956029176712036; 0.321493536233902; 
5; 1.1516693830490112; 0.24159914255142212; 0.554951012134552; -0.36153846979141235; 1.0698975324630737; 0.25799328088760376; 
73; 0.9239321947097778; -0.30251967906951904; 1.068932056427002; -0.4118988811969757; 1.3538190126419067; 0.15910562872886658; 
45; 1.040954351425171; 0.4095449447631836; 0.744085431098938; -0.32618823647499084; 0.9871197938919067; 0.4535291790962219; 
28; 0.8781175017356873; 0.22764652967453003; 0.4606855809688568; -0.5250846147537231; 1.0197515487670898; 0.32734763622283936; 
38; 1.293891429901123; 0.48676466941833496; 0.5308789610862732; -0.42126739025115967; 1.4531805515289307; 0.07892300188541412; 
80; 1.1150968074798584; 0.23477435111999512; 0.5357768535614014; -0.3838222324848175; 1.1496591567993164; 0.2265184372663498; 
85; 1.0457062721252441; -0.13516169786453247; 0.6304728984832764; -0.5753849148750305; 0.9548461437225342; 0.1785430610179901; 
54; 1.6450905799865723; 0.40442559123039246; 0.47499632835388184; -0.48520368337631226; 1.3541802167892456; 0.3783687353134155; 
34; 0.6845312118530273; 0.10837560892105103; 0.3901364803314209; -0.41944217681884766; 1.0599124431610107; 0.06767308712005615; 
53; 1.2526359558105469; 0.652351438999176; 0.6296277642250061; -0.41439926624298096; 1.0805526971817017; 0.18170008063316345; 
96; 1.2820196151733398; 0.08342260122299194; 0.5518129467964172; -0.25301045179367065; 1.1427826881408691; 0.07691037654876709; 
79; 1.3200061321258545; 0.07642865180969238; 1.3024301528930664; -0.3896677494049072; 1.4187936782836914; 0.3478815257549286; 
76; 1.1415886878967285; 0.08986109495162964; 0.7446272373199463; -0.5198042392730713; 1.1697465181350708; 0.15691982209682465; 
78; 1.1908774375915527; 0.4366421103477478; 0.5187987089157104; -0.4434238374233246; 1.3869869709014893; 0.1088419035077095; 
84; 1.586499810218811; 0.12748867273330688; 0.7604906558990479; -0.21024739742279053; 1.3698782920837402; 0.2293265461921692; 
41; 1.0671555995941162; 0.47489646077156067; 0.5820662975311279; -0.47215133905410767; 1.0038566589355469; 0.1673896312713623; 
86; 1.1539610624313354; 0.03270256519317627; 0.6036386489868164; -0.4929264187812805; 1.0631247758865356; 0.38253989815711975; 
31; 1.2679743766784668; -0.042629122734069824; 0.841728925704956; -0.6614339351654053; 1.152019739151001; 0.31529760360717773; 
71; 1.0900347232818604; 0.22239655256271362; -0.3342745900154114; -0.32945218682289124; 1.3410327434539795; 0.3994782269001007; 
163; 0.7980303764343262; 0.11856424808502197; 0.6991138458251953; -0.3224022388458252; 1.3875010013580322; 0.26302921772003174; 
162; 1.5161223411560059; 0.12799519300460815; 0.3474160134792328; -0.5232131481170654; 1.2674996852874756; 0.04639872908592224; 
111; 1.2356314659118652; 0.2741028368473053; 0.7563099265098572; -0.5925104022026062; 1.1762404441833496; 0.2583896219730377; 
170; 0.770575761795044; -0.04818028211593628; 0.08375602960586548; -0.3486610949039459; 1.3933825492858887; 0.33282235264778137; 
104; 1.0138643980026245; 0.07855594158172607; 0.49843278527259827; -0.46137672662734985; 1.1082682609558105; 0.19973212480545044; 
176; 1.150458812713623; 0.21376490592956543; 0.6859821677207947; -0.5501073598861694; 1.296609878540039; 0.1646837592124939; 
112; 1.6275469064712524; 0.5462021827697754; 0.22691556811332703; -0.5611197352409363; 1.0122288465499878; 0.20454637706279755; 
164; 1.1075215339660645; 0.3328743875026703; 0.5161838531494141; -0.4933881461620331; 1.1110844612121582; 0.2927023470401764; 
106; 1.256227731704712; -0.06287723779678345; 0.2430931031703949; -0.6197837591171265; 1.3057998418807983; 0.12489210814237595; 
127; 1.4724653959274292; 0.4574940800666809; 0.5613030195236206; -0.5066320300102234; 1.0874598026275635; 0.415593683719635; 
123; 1.340315818786621; -0.0626993179321289; 0.6859722137451172; -0.3325214684009552; 0.9968883991241455; 0.26120203733444214; 
157; 1.525362491607666; -0.18717843294143677; 0.8125108480453491; -0.4119516909122467; 1.09969162940979; 0.48567017912864685; 
107; 1.226921558380127; -0.1345420479774475; 0.32590237259864807; -0.6106547713279724; 1.4145820140838623; 0.38850969076156616; 
110; 1.125797152519226; 0.2163214087486267; 0.29750341176986694; -0.43613672256469727; 1.1213819980621338; 0.15050144493579865; 
171; 1.2231321334838867; 0.3760196566581726; 0.6223313212394714; -0.3188118040561676; 1.3100098371505737; 0.3354225754737854; 
122; 1.242293357849121; 0.37392911314964294; 0.802448034286499; -0.5180965065956116; 1.124365210533142; 0.09295305609703064; 
117; 1.5421826839447021; -0.1543128490447998; 0.7442883253097534; -0.4117526113986969; 1.2422196865081787; 0.35785093903541565; 
156; 1.1493122577667236; 0.26373839378356934; 0.4644244313240051; -0.6864806413650513; 1.4160715341567993; 0.17737920582294464; 
133; 1.3973114490509033; -0.03284335136413574; 0.4481882154941559; -0.552005410194397; 1.1521817445755005; 0.3828083276748657; 
129; 1.5364787578582764; 0.6309113502502441; 0.18128228187561035; -0.6957349181175232; 1.4415243864059448; 0.4792754054069519; 
145; 1.237127423286438; 0.6249162554740906; 0.05752909183502197; -0.4755718410015106; 1.15349280834198; 0.2841946482658386; 
105; 1.1212531328201294; -0.03270113468170166; 0.8430521488189697; -0.43276870250701904; 1.1363478899002075; 0.3949491083621979; 
161; 1.1399481296539307; 0.091083824634552; 0.8644896745681763; -0.6599354147911072; 1.3425959348678589; 0.17253324389457703; 
121; 1.326857328414917; -0.11494672298431396; 0.5834092497825623; -0.49927204847335815; 1.3927634954452515; 0.4113227128982544; 
103; 1.5499123334884644; 0.5946224927902222; 0.5864650011062622; -0.4463222026824951; 1.2201075553894043; 0.21952062845230103; 
100; 0.6454315185546875; 0.550108790397644; 0.5912919044494629; -0.38807088136672974; 1.0060853958129883; 0.36511826515197754; 
169; 1.4190495014190674; -0.006714940071105957; -0.06296741962432861; -0.21505162119865417; 1.0645228624343872; 0.1838652491569519; 
167; 1.120521068572998; 0.2866705656051636; 0.1974988579750061; -0.4086376428604126; 1.3923481702804565; 0.02819095551967621; 
101; 1.1611533164978027; 0.34956037998199463; 0.9405826926231384; -0.39240598678588867; 1.2164033651351929; 0.22705620527267456; 
185; 0.6791934370994568; 0.09715938568115234; 0.46570295095443726; -0.4658716022968292; 1.2609118223190308; 0.25611254572868347; 
114; 1.2847797870635986; 0.061095595359802246; 0.5995957255363464; -0.4446738362312317; 1.3038030862808228; 0.33545881509780884; 
102; 1.4068167209625244; 0.32277604937553406; 0.19472062587738037; -0.69040846824646; 1.4534226655960083; 0.43201392889022827; 
183; 1.6404441595077515; 0.06362003087997437; 0.9314934015274048; -0.46570661664009094; 1.153961420059204; 0.47832992672920227; 
130; 0.612640380859375; 0.3019388020038605; 0.5169895887374878; -0.6151853799819946; 1.4758049249649048; 0.19589397311210632; 
180; 1.3689825534820557; 0.4035964012145996; 0.1350555121898651; -0.26339685916900635; 1.2402249574661255; 0.07746031880378723; 
168; 0.9097545146942139; 0.14424565434455872; 0.9898369312286377; -0.4344783425331116; 1.2377357482910156; 0.07437725365161896; 
126; 1.2534418106079102; 0.12658101320266724; 0.42479318380355835; -0.44637060165405273; 1.1790553331375122; 0.3028184175491333; 
132; 1.0898085832595825; 0.2594848573207855; 0.9340306520462036; -0.39657163619995117; 1.103644847869873; 0.362896203994751; 
148; 1.368129849433899; 0.11304640769958496; 0.45616817474365234; -0.38905417919158936; 1.425557255744934; 0.46614527702331543; 
118; 1.668949842453003; 0.3579619526863098; 0.34957388043403625; -0.4863937199115753; 1.1328637599945068; 0.17819590866565704; 
182; 1.2422775030136108; 0.23837921023368835; 0.7450215220451355; -0.46121543645858765; 1.1683026552200317; 0.40945327281951904; 
125; 0.8869081735610962; 0.4418601393699646; 0.2675968408584595; -0.4569926857948303; 1.2042750120162964; 0.3945232629776001; 
128; 1.571197509765625; -0.05539482831954956; 0.42113354802131653; -0.5828026533126831; 1.21744966506958; 0.13841477036476135; 
165; 1.3745959997177124; 0.34151121973991394; 0.7618740797042847; -0.44167470932006836; 1.3346093893051147; 0.11013749986886978; 
153; 1.6733553409576416; 0.17004406452178955; 0.6030882596969604; -0.6269384622573853; 1.139375925064087; 0.28028178215026855; 
109; 1.4265427589416504; 0.26950326561927795; 0.5784788727760315; -0.4776410460472107; 1.0609664916992188; 0.3695065379142761; 
174; 0.8351501226425171; 0.1331281065940857; 0.40713807940483093; -0.5530703067779541; 1.196908950805664; 0.11844991147518158; 
188; 1.2207711935043335; 0.6537928581237793; 0.5488910675048828; -0.21996456384658813; 1.25246000289917; 0.32960444688796997; 
108; 1.552254557609558; 0.5433672070503235; 0.44977492094039917; -0.4769170880317688; 1.0888615846633911; 0.3312923014163971; 
124; 1.3122689723968506; 0.04707890748977661; 0.29557883739471436; -0.5062196850776672; 1.3677328824996948; 0.3346533179283142; 
184; 1.0751030445098877; -0.4032895565032959; 0.5421780347824097; -0.4098954498767853; 1.3522077798843384; 0.05870683491230011; 
195; 1.1728804111480713; 0.6266086101531982; 0.7043035626411438; -0.32385918498039246; 1.022084355354309; 0.1369972825050354; 
151; 1.2334835529327393; 0.3248372972011566; 0.3317452669143677; -0.2558998465538025; 1.1130584478378296; 0.4230109453201294; 
119; 1.4272315502166748; 0.17254090309143066; 0.3237413167953491; -0.4267234206199646; 1.1099917888641357; 0.3547043800354004; 
197; 1.3399027585983276; 0.19275474548339844; 1.0690689086914062; -0.5990781188011169; 1.5714796781539917; 0.4337628483772278; 
147; 0.8304950594902039; -0.21465915441513062; 0.7230595946311951; -0.2972762882709503; 1.5930696725845337; 0.12599053978919983; 
150; 1.0862356424331665; 0.06132674217224121; 1.0737289190292358; -0.370112806558609; 1.2126561403274536; 0.44680798053741455; 
175; 0.7936358451843262; 0.23604407906532288; 0.31542709469795227; -0.6477987766265869; 1.1338685750961304; 0.16398200392723083; 
137; 1.3835396766662598; 0.1946946382522583; 0.9626721143722534; -0.5744643211364746; 1.1243112087249756; 0.32995885610580444; 
142; 1.271036148071289; 0.1698671579360962; 0.13372528553009033; -0.6494845151901245; 1.2203608751296997; 0.3403337895870209; 
135; 1.2973709106445312; 0.45454758405685425; -0.04843169450759888; -0.29275286197662354; 1.1044604778289795; 0.3235786259174347; 
136; 1.163712501525879; -0.2578427791595459; 0.8620304465293884; -0.3879135549068451; 1.0831167697906494; 0.0716676414012909; 
120; 1.1361632347106934; 0.06091034412384033; 0.53310626745224; -0.34555721282958984; 1.082383632659912; 0.44606244564056396; 
159; 1.541243076324463; 0.5221449732780457; 1.110990047454834; -0.626257061958313; 1.3499585390090942; 0.2952328324317932; 
194; 1.0620625019073486; 0.6441450119018555; 0.528143048286438; -0.4286440908908844; 1.3556859493255615; 0.41207656264305115; 
155; 1.2397305965423584; 0.1462535262107849; 0.6342355012893677; -0.7207160592079163; 1.1645838022232056; 0.20138320326805115; 
131; 1.1920877695083618; 0.08057564496994019; 0.6398443579673767; -0.38624465465545654; 1.1337316036224365; 0.2755012810230255; 
113; 1.2515454292297363; 0.1977940797805786; 0.9016555547714233; -0.5766900181770325; 1.2698101997375488; 0.368963360786438; 
186; 1.2047572135925293; 0.14223861694335938; 0.49660736322402954; -0.6004433631896973; 1.4361625909805298; 0.1303817331790924; 
198; 1.0357725620269775; 0.06775373220443726; 0.6070805788040161; -0.38107773661613464; 1.1587529182434082; 0.1421356052160263; 
196; 0.9696235656738281; 0.2991698384284973; 0.24157437682151794; -0.4530628025531769; 1.1191978454589844; 0.014089435338973999; 
173; 1.0882526636123657; 0.260154664516449; 0.37514978647232056; -0.3902767300605774; 1.2164785861968994; 0.10280384123325348; 
146; 1.6170947551727295; 0.6148474812507629; 0.969017744064331; -0.5679309368133545; 1.0978249311447144; 0.2644009590148926; 
166; 1.0908539295196533; 0.11131566762924194; 0.8288854956626892; -0.40984803438186646; 1.376209020614624; 0.356575608253479; 
193; 1.2347769737243652; 0.5247692465782166; 0.2865018844604492; -0.2757226228713989; 1.185168981552124; 0.2698901295661926; 
149; 1.4076441526412964; 0.36738651990890503; 0.2725716531276703; -0.32628169655799866; 1.0028517246246338; 0.4240562319755554; 
116; 1.2643121480941772; 0.1410311460494995; 0.2996574640274048; -0.6814478635787964; 1.144242763519287; 0.0849471390247345; 
172; 1.4988727569580078; 0.3154706358909607; 0.6774634122848511; -0.5020848512649536; 1.1604024171829224; 0.31725695729255676; 
139; 1.3635153770446777; 0.17287081480026245; 0.5795425772666931; -0.3022654056549072; 1.1685128211975098; 0.35328078269958496; 
144; 1.3544790744781494; 0.5463233590126038; 0.03866761922836304; -0.46496036648750305; 1.1716601848602295; 0.23674741387367249; 
192; 0.8627203106880188; -0.11323493719100952; -0.08882910013198853; -0.5520550608634949; 1.3055086135864258; 0.09953172504901886; 
199; 1.0685700178146362; 0.17125436663627625; 0.12670737504959106; -0.3871886432170868; 1.3540297746658325; 0.3243064880371094; 
115; 1.2465440034866333; 0.21965527534484863; 0.6570016145706177; -0.20244836807250977; 1.1063199043273926; 0.3181617259979248; 
189; 1.4200257062911987; 0.22455942630767822; 0.49273720383644104; -0.48006099462509155; 1.1560972929000854; 0.2537466287612915; 
187; 1.2661728858947754; 0.04805058240890503; 0.7971075773239136; -0.4619835913181305; 1.1425069570541382; 0.2547990679740906; 
154; 1.2309517860412598; -0.13585621118545532; 0.44419145584106445; -0.35085228085517883; 1.2008816003799438; 0.40602540969848633; 
143; 1.2380650043487549; 0.3581496477127075; 0.6466395258903503; -0.3802708387374878; 1.1199681758880615; 0.15344685316085815; 
152; 1.0418510437011719; 0.4010217785835266; 0.4005538523197174; -0.4609677791595459; 1.1128720045089722; 0.2672789990901947; 
160; 1.2113876342773438; 0.5617520809173584; 0.5203903913497925; -0.3698016107082367; 1.0466282367706299; 0.4309237599372864; 
178; 1.3370215892791748; 0.2942902147769928; 0.07655256986618042; -0.42597317695617676; 1.4127825498580933; 0.06187736988067627; 
158; 0.9435300827026367; 0.7861654162406921; 0.7760842442512512; -0.2753472626209259; 1.0392614603042603; 0.3815097212791443; 
134; 1.6870200634002686; 0.2435864806175232; 0.9317660927772522; -0.5868117213249207; 1.3372929096221924; 0.4221770167350769; 
179; 1.3869885206222534; 0.5765451192855835; 0.7544975876808167; -0.21475017070770264; 1.0263330936431885; 0.2175607681274414; 
190; 1.2294762134552002; 0.05682879686355591; 0.6517614722251892; -0.5454147458076477; 1.1631702184677124; 0.3751026391983032; 
138; 1.3915530443191528; 0.3266635537147522; 0.5201601982116699; -0.4772726893424988; 1.3335380554199219; 0.40372759103775024; 
140; 1.0441498756408691; 0.24283212423324585; 0.30655375123023987; -0.35556232929229736; 1.386250615119934; 0.29209139943122864; 
141; 1.2043724060058594; 0.4406721889972687; 0.6221681237220764; -0.23913611471652985; 1.2137501239776611; 0.17927804589271545; 
191; 1.3936336040496826; 0.15986180305480957; 0.6000499725341797; -0.3838428854942322; 1.305903434753418; 0.09202320873737335; 
177; 0.7569604516029358; 0.15429943799972534; 0.4133133590221405; -0.4836729168891907; 1.1996690034866333; 0.3807627558708191; 
219; 1.27683424949646; 0.4027550518512726; 0.3202161192893982; -0.3141269385814667; 1.3206342458724976; 0.45495033264160156; 
249; 1.1340274810791016; -0.15827161073684692; 0.755217969417572; -0.3414648771286011; 1.384944200515747; 0.2687568962574005; 
242; 1.286128044128418; 0.1258675456047058; 0.9888737201690674; -0.3909497559070587; 1.194034218788147; -0.04857516288757324; 
205; 1.34712815284729; 0.5014476776123047; 0.8572465181350708; -0.468319833278656; 1.064500331878662; -0.039421528577804565; 
202; 0.7022982835769653; -0.13327556848526; 0.7780506610870361; -0.5110218524932861; 1.2110140323638916; 0.28178855776786804; 
215; 1.6099390983581543; 0.29350075125694275; 0.23665612936019897; -0.5962462425231934; 1.3036706447601318; 0.18412154912948608; 
206; 1.0206053256988525; -0.3533009886741638; 0.8362034559249878; -0.5927271842956543; 1.3285248279571533; 0.25634828209877014; 
222; 1.2202831506729126; 0.11456441879272461; 0.9871790409088135; -0.430602103471756; 1.2874191999435425; 0.13182196021080017; 
238; 1.1691460609436035; 0.7893819808959961; 0.7443357706069946; -0.5258654952049255; 1.0411112308502197; 0.4791070818901062; 
218; 1.3709875345230103; 0.6871362924575806; 0.7598426342010498; -0.5204074382781982; 1.4072949886322021; 0.10516458749771118; 
212; 1.2737617492675781; 0.5972151756286621; 0.5474098920822144; -0.47061803936958313; 1.308232069015503; 0.2996278405189514; 
223; 1.1262671947479248; -0.040491580963134766; 0.8719264268875122; -0.29435643553733826; 1.037636160850525; 0.2323102056980133; 
234; 1.5453805923461914; -0.07333755493164062; 0.7664164304733276; -0.5626336336135864; 1.305774211883545; 0.3828374445438385; 
217; 0.8200960159301758; 0.1940968930721283; 0.7740710973739624; -0.28200048208236694; 0.9659780859947205; 0.11142183840274811; 
203; 0.8040521144866943; 0.15605568885803223; 0.38382333517074585; -0.4696636497974396; 1.287927508354187; 0.12428080290555954; 
214; 1.4072751998901367; 0.09721618890762329; 0.5595520734786987; -0.29749998450279236; 1.1433460712432861; 0.25057774782180786; 
216; 1.0070924758911133; -0.09421670436859131; 1.0254380702972412; -0.3765709400177002; 1.466528296470642; 0.049519285559654236; 
260; 1.2077772617340088; 0.19635853171348572; 0.6030591130256653; -0.49066558480262756; 1.124285101890564; 0.21748599410057068; 
231; 1.37626051902771; 0.04406005144119263; 0.27661821246147156; -0.4807271659374237; 1.468481183052063; 0.1978464424610138; 
241; 1.246514081954956; 0.15587672591209412; 0.8370870351791382; -0.4846619963645935; 1.1171448230743408; 0.2612413465976715; 
207; 1.1794536113739014; 0.6081560850143433; 0.8203853964805603; -0.4314257502555847; 1.309622883796692; 0.1910088062286377; 
265; 1.3364391326904297; 0.2961532473564148; 0.11223506927490234; -0.6117485761642456; 1.2621166706085205; 0.2671605050563812; 
280; 1.5310451984405518; 0.4958997368812561; 0.658722460269928; -0.12143471837043762; 1.4034266471862793; 0.2671526074409485; 
266; 1.541213035583496; 0.37676817178726196; 0.5743710398674011; -0.28438669443130493; 1.2411388158798218; 0.3494611382484436; 
251; 1.4025559425354004; 0.20241379737854004; 0.21831458806991577; -0.41064128279685974; 1.2240560054779053; 0.08013541996479034; 
232; 0.9074063301086426; 0.23949673771858215; 0.36507508158683777; -0.5941097736358643; 1.127220869064331; 0.34826308488845825; 
236; 1.063133716583252; 0.09738695621490479; 0.8187634944915771; -0.4534510374069214; 1.3735299110412598; 0.23019182682037354; 
230; 1.5606448650360107; 0.031250834465026855; 0.8439486622810364; -0.5004419684410095; 1.111063838005066; 0.05382019281387329; 
248; 1.1506925821304321; 0.3214205205440521; 0.4165494441986084; -0.6107181906700134; 1.0373810529708862; 0.22465084493160248; 
225; 0.8835421800613403; -0.16309690475463867; 0.7616283893585205; -0.5229697823524475; 1.2252118587493896; 0.31715628504753113; 
245; 0.9895461797714233; -0.24610507488250732; 0.5986543893814087; -0.5138586163520813; 1.2327913045883179; 0.3310455083847046; 
204; 1.2764747142791748; -0.2712706923484802; 0.6177412867546082; -0.4502110481262207; 1.021274447441101; 0.38846302032470703; 
244; 1.4848140478134155; 0.19821518659591675; 0.6289905309677124; -0.357648104429245; 1.3522034883499146; 0.27835574746131897; 
228; 1.068833589553833; 0.06901150941848755; 0.3215351104736328; -0.36791756749153137; 1.2237434387207031; 0.31411683559417725; 
239; 1.359508991241455; 0.40064728260040283; 0.3231443166732788; -0.3433961570262909; 0.9866987466812134; 0.109103724360466; 
267; 1.1983357667922974; 0.2986152172088623; 0.5960404872894287; -0.499180406332016; 1.2208398580551147; 0.4890119135379791; 
233; 1.5004267692565918; -0.4690669775009155; 0.8169235587120056; -0.362649142742157; 1.3825225830078125; 0.1772276610136032; 
229; 1.4218422174453735; -0.07875442504882812; 0.6834878325462341; -0.31096774339675903; 1.3227128982543945; 0.24996152520179749; 
279; 0.941003680229187; -0.01629263162612915; 0.5978677272796631; -0.3609165847301483; 1.25888192653656; 0.310280978679657; 
281; 1.254370927810669; -0.16956806182861328; 0.6473695039749146; -0.7178078889846802; 1.6169815063476562; 0.14617960155010223; 
208; 1.1659488677978516; -0.05323433876037598; 0.2217821478843689; -0.5800164937973022; 1.1410775184631348; 0.3211926221847534; 
250; 1.218746304512024; 0.818657636642456; 0.8460710048675537; -0.3415188491344452; 1.4294650554656982; 0.012987464666366577; 
282; 1.1663849353790283; 0.33937084674835205; 0.4857335090637207; -0.5453765392303467; 1.1853259801864624; 0.4286176562309265; 
227; 1.1330766677856445; 0.05239075422286987; 0.6311435699462891; -0.49378612637519836; 1.1793025732040405; 0.2066640555858612; 
246; 1.716813325881958; 0.5837556719779968; 0.8073982000350952; -0.22493712604045868; 1.2231788635253906; -0.044282346963882446; 
276; 1.2534701824188232; 0.18552762269973755; 0.40115678310394287; -0.4525563716888428; 1.2062262296676636; 0.008667320013046265; 
224; 1.3521904945373535; 0.052043139934539795; 0.6480808258056641; -0.22992143034934998; 1.4135111570358276; 0.3661339282989502; 
289; 0.9945626258850098; 0.40365496277809143; 0.3763478994369507; -0.2744971513748169; 1.3515894412994385; 0.22125990688800812; 
252; 1.416454792022705; 0.2671005129814148; 0.6441806554794312; -0.4128173291683197; 1.375213861465454; 0.30215996503829956; 
274; 1.511826753616333; -0.021499931812286377; 0.13925176858901978; -0.36934876441955566; 1.1979923248291016; 0.23538938164710999; 
237; 1.3750638961791992; 0.20674008131027222; 0.5601701736450195; -0.36021023988723755; 1.2571666240692139; 0.2000502198934555; 
213; 1.3761506080627441; 0.12069851160049438; 0.6884078979492188; -0.4628015160560608; 1.2520488500595093; 0.2968916893005371; 
247; 1.0109236240386963; 0.09987807273864746; 0.5159360766410828; -0.44606807827949524; 1.067269206047058; 0.27920323610305786; 
278; 0.8983268737792969; 0.34664034843444824; 1.1045297384262085; -0.3279476463794708; 1.1481024026870728; 0.04380692541599274; 
277; 1.5953426361083984; 0.24059313535690308; 0.8288122415542603; -0.4152294397354126; 1.2463716268539429; 0.28471067547798157; 
296; 1.2007815837860107; -0.04069626331329346; 0.30283522605895996; -0.3968905210494995; 1.3658322095870972; 0.22715887427330017; 
292; 1.3357319831848145; 0.13970208168029785; 0.5190446376800537; -0.6144188046455383; 1.4283620119094849; 0.2628084719181061; 
275; 1.0993176698684692; 0.3257388174533844; 0.5561909079551697; -0.4057439863681793; 1.4918123483657837; 0.27708694338798523; 
273; 1.1794548034667969; 0.4860137403011322; 0.3412475287914276; -0.2582637667655945; 1.253157615661621; 0.009592562913894653; 
226; 1.2356224060058594; 0.2800005078315735; 0.3887140154838562; -0.5953071117401123; 1.1719833612442017; 0.2205655574798584; 
258; 1.6418325901031494; -0.3143734931945801; 0.6366621255874634; -0.5331540703773499; 1.2893035411834717; 0.03987644612789154; 
297; 1.2847082614898682; -0.25791001319885254; 0.4967045783996582; -0.497231662273407; 1.3168624639511108; 0.21776877343654633; 
287; 1.70827317237854; 0.35727211833000183; 0.14412707090377808; -0.4679374396800995; 1.3462064266204834; 0.22078433632850647; 
271; 0.918745219707489; -0.10644108057022095; 0.03332704305648804; -0.3299883008003235; 1.223578929901123; 0.17194467782974243; 
200; 1.6315126419067383; -0.21206814050674438; 0.19725191593170166; -0.4628375470638275; 1.1976869106292725; 0.39806270599365234; 
286; 1.5605125427246094; 0.20253658294677734; 0.46429574489593506; -0.4439413845539093; 1.3787434101104736; 0.2606090009212494; 
285; 1.0124588012695312; 0.15648823976516724; 0.32669466733932495; -0.26928457617759705; 1.2219260931015015; 0.46799638867378235; 
270; 1.430984377861023; 0.39596182107925415; 0.5624579191207886; -0.32758408784866333; 1.2429823875427246; 0.25719404220581055; 
288; 0.7426844239234924; 0.09628081321716309; 0.5882768034934998; -0.4237007200717926; 1.4982702732086182; 0.5184475183486938; 
259; 1.3578464984893799; 0.1909908652305603; 0.46050071716308594; -0.5623916387557983; 1.0361218452453613; 0.10730007290840149; 
220; 1.5165915489196777; -0.21466684341430664; 0.3750079870223999; -0.21628838777542114; 1.356091856956482; 0.15489470958709717; 
254; 1.1648335456848145; 0.17243719100952148; 0.7348766922950745; -0.3602333664894104; 1.306436538696289; 0.24230632185935974; 
201; 1.4204726219177246; -0.23496824502944946; 0.6252607107162476; -0.553115725517273; 1.4903450012207031; 0.1519213169813156; 
272; 0.9051345586776733; 0.06635856628417969; 0.6543727517127991; -0.42031747102737427; 1.3399614095687866; 0.3230159878730774; 
257; 1.4839415550231934; 0.2403014600276947; 0.41213589906692505; -0.5317607522010803; 1.205437421798706; 0.0814797580242157; 
221; 1.2179524898529053; 0.448419451713562; 0.6201537847518921; -0.5297529697418213; 1.2773722410202026; 0.217543825507164; 
290; 1.1171822547912598; 0.13331270217895508; 0.8168313503265381; -0.43032509088516235; 1.2411105632781982; 0.07732483744621277; 
255; 1.2589290142059326; -0.3359554409980774; 0.30175477266311646; -0.5013402104377747; 1.2684288024902344; 0.21498866379261017; 
243; 1.4469012022018433; 0.20088455080986023; 0.5939478874206543; -0.6949338912963867; 1.081199288368225; 0.05366267263889313; 
253; 0.7264360785484314; -0.06675577163696289; 0.5787593722343445; -0.42012158036231995; 1.3057762384414673; 0.4026431441307068; 
295; 0.9780204892158508; 0.3606721758842468; 0.5046257376670837; -0.470750093460083; 1.299087643623352; 0.10574419796466827; 
291; 1.178195834159851; -0.21589398384094238; 0.6835951209068298; -0.5583141446113586; 1.4484858512878418; 0.06233757734298706; 
262; 1.1054273843765259; 0.3301091194152832; 0.9689866304397583; -0.46534407138824463; 1.10381281375885; 0.16162756085395813; 
284; 1.3142566680908203; 0.3700752556324005; 0.33555862307548523; -0.3295467495918274; 1.16387939453125; 0.10549446195363998; 
240; 1.6036992073059082; 0.6402058005332947; 0.6882616877555847; -0.3777499496936798; 1.0973238945007324; 0.18619400262832642; 
235; 1.9684689044952393; 0.2501564025878906; -0.024151384830474854; -0.3687843084335327; 1.569710373878479; 0.2731427848339081; 
209; 1.4819631576538086; 0.3193535804748535; 0.5526140332221985; -0.26986658573150635; 1.285659909248352; 0.08986099064350128; 
264; 1.3586739301681519; 0.19646722078323364; 0.810010552406311; -0.44243040680885315; 1.1054649353027344; 0.047542423009872437; 
298; 1.5541729927062988; 0.327561616897583; 0.33602237701416016; -0.32309773564338684; 1.2179774045944214; 0.03880241513252258; 
268; 1.2755036354064941; 0.23264822363853455; 0.2328142523765564; -0.28499796986579895; 1.2348536252975464; 0.4233935475349426; 
283; 1.172239065170288; 0.6672855019569397; 0.5170338749885559; -0.5238152146339417; 1.3842313289642334; 0.31445345282554626; 
294; 1.38370943069458; 0.29639193415641785; 0.5195435285568237; -0.4504817724227905; 1.119773268699646; 0.13176947832107544; 
211; 1.399061918258667; 0.18455708026885986; -0.1863081455230713; -0.4355785846710205; 1.183003306388855; 0.3331456184387207; 
263; 1.3467355966567993; 0.5244016647338867; 0.40384015440940857; -0.36731648445129395; 1.150880217552185; 0.6166843175888062; 
256; 1.8450074195861816; -0.171589195728302; 0.4278866648674011; -0.5541235208511353; 1.0173386335372925; 0.5432437062263489; 
269; 1.4964511394500732; 0.37026482820510864; 0.8314958810806274; -0.23805254697799683; 1.615098237991333; 0.004464536905288696; 
210; 1.4053406715393066; 0.09933602809906006; 0.47027575969696045; -0.3752654492855072; 1.1354786157608032; 0.7154889702796936; 
261; 1.1985918283462524; 0.33658134937286377; 0.4306113123893738; -0.5436499714851379; 1.165985107421875; 0.4244270622730255; 
299; 0.88906329870224; 0.66962069272995; 0.852821409702301; -0.5575879812240601; 1.4252983331680298; 0.2165633738040924; 
293; 1.521172285079956; 0.3281540274620056; 0.5621395111083984; -0.5404421091079712; 1.089762806892395; 0.21999026834964752; 
304; 1.4283382892608643; 0.4855722188949585; 0.9336459636688232; -0.5724945664405823; 0.9500008821487427; 0.2301386594772339; 
305; 1.4173626899719238; 0.32306763529777527; 0.35209351778030396; -0.42459896206855774; 1.2019506692886353; 0.11011499166488647; 
337; 1.0684800148010254; 0.3662087023258209; 0.704728364944458; -0.464354008436203; 1.0231337547302246; -0.12162725627422333; 
354; 1.4022743701934814; 0.27121755480766296; 0.8202461004257202; -0.3726010322570801; 1.3214761018753052; 0.4993138909339905; 
316; 1.2251155376434326; -0.27451151609420776; 0.30017754435539246; -0.5709127187728882; 1.2746899127960205; 0.37883615493774414; 
320; 1.258405089378357; 0.27187010645866394; 0.8188380599021912; -0.3816865384578705; 1.4643781185150146; 0.17580191791057587; 
302; 1.0126012563705444; 0.17669886350631714; 0.6069415211677551; -0.4071749448776245; 1.306995153427124; 0.15938550233840942; 
353; 1.363824486732483; 0.11487209796905518; 0.815010666847229; -0.499725341796875; 1.3001559972763062; 0.5128819942474365; 
321; 1.0633511543273926; 0.43302610516548157; 0.7130827903747559; -0.5609714984893799; 1.2486498355865479; -0.04176919162273407; 
326; 1.5630409717559814; 0.11480933427810669; 0.3315647542476654; -0.3653520345687866; 1.1571520566940308; 0.5130850672721863; 
385; 1.146921992301941; 0.42450907826423645; 0.438597708940506; -0.4046740233898163; 1.1101845502853394; 0.18461593985557556; 
384; 1.1312942504882812; 0.31973618268966675; 0.4480244815349579; -0.538497805595398; 1.168070673942566; 0.4960823655128479; 
339; 1.5466985702514648; 0.10664170980453491; 0.9666861891746521; -0.3810839354991913; 1.2757611274719238; 0.2303958386182785; 
309; 1.255433440208435; 0.2972869575023651; 0.5594466328620911; -0.4539310336112976; 1.4511178731918335; 0.20290005207061768; 
322; 1.1579599380493164; 0.1648191213607788; 0.7215876579284668; -0.366659939289093; 1.304711103439331; 0.17109984159469604; 
310; 1.6486434936523438; -0.29076308012008667; 0.5404050946235657; -0.5450901389122009; 1.064253807067871; 0.14624188840389252; 
300; 1.526173710823059; 0.3901287913322449; 0.7566733956336975; -0.6128821969032288; 1.0494253635406494; 0.2718127369880676; 
311; 1.614190697669983; 0.31000593304634094; 0.1558426022529602; -0.2416435182094574; 1.2425018548965454; 0.6507545709609985; 
307; 1.4121100902557373; -0.04081463813781738; 0.2953134775161743; -0.25899654626846313; 1.3383557796478271; 0.021456152200698853; 
338; 1.7199211120605469; -0.03354078531265259; 0.8858934640884399; -0.514548659324646; 1.5684802532196045; 0.409088134765625; 
 
399; 1.030782699584961; 0.1824164092540741; 0.7403241395950317; -0.4802338480949402; 1.1062737703323364; 0.35318419337272644; 
398; 1.2154905796051025; -0.13961261510849; 0.6062144637107849; -0.2860863506793976; 1.4068888425827026; 0.27896541357040405; 
318; 0.9731588363647461; 0.10537886619567871; 0.7549595832824707; -0.5357367992401123; 1.185234785079956; 0.39150601625442505; 
386; 1.2504479885101318; -0.10052633285522461; 0.322654664516449; -0.23684078454971313; 1.1117448806762695; 0.28782588243484497; 
303; 1.2854955196380615; 0.1941939890384674; 0.547941267490387; -0.6095788478851318; 1.0639909505844116; 0.3694237470626831; 
368; 1.0735976696014404; 0.13972491025924683; 0.24407896399497986; -0.44733262062072754; 1.1741384267807007; 0.07732002437114716; 
335; 1.0372231006622314; -0.14979028701782227; 0.8160058259963989; -0.6709064841270447; 1.3057196140289307; 0.017263561487197876; 
390; 1.499456763267517; 0.13985389471054077; 0.4821004867553711; -0.7015482187271118; 1.5628923177719116; -0.18205463886260986; 
396; 1.4687035083770752; -0.43905919790267944; 0.32141926884651184; -0.7619197964668274; 1.0823484659194946; 0.4609413146972656; 
334; 1.6521662473678589; 0.21792340278625488; 0.4541069269180298; -0.4321591854095459; 1.2093569040298462; 0.06785732507705688; 
387; 0.9851055145263672; 0.08623945713043213; 0.8337745666503906; -0.5405209064483643; 1.3287081718444824; 0.10361500084400177; 
340; 1.451021432876587; 0.2948618531227112; 0.6054646968841553; -0.594298243522644; 1.0849279165267944; 0.2836994230747223; 
355; 1.1926406621932983; 0.08425396680831909; 0.4589810371398926; -0.7165957093238831; 1.1690298318862915; 0.28198012709617615; 
314; 1.3751804828643799; -0.12944412231445312; 0.08294486999511719; -0.4048408269882202; 1.0908424854278564; 0.2544797360897064; 
360; 1.1417241096496582; 0.11968040466308594; 0.5800996422767639; -0.5300772190093994; 1.129064917564392; 0.19593098759651184; 
382; 1.3644628524780273; -0.0551486611366272; 0.34392836689949036; -0.41328442096710205; 1.172764778137207; 0.20862318575382233; 
362; 1.411359429359436; 0.13193488121032715; 0.42572909593582153; -0.44615110754966736; 1.2043343782424927; 0.2896745502948761; 
383; 0.8403534889221191; -0.1665588617324829; 0.41202807426452637; -0.4514991044998169; 1.538792371749878; 0.3759024739265442; 
325; 1.2490496635437012; 0.16813117265701294; -0.05439627170562744; -0.3015210032463074; 1.2437809705734253; 0.25601914525032043; 
356; 1.2940593957901; 0.4711320996284485; 0.7070037126541138; -0.3171260952949524; 1.575685739517212; 0.6270462274551392; 
361; 1.320133090019226; 0.009693562984466553; 0.9114294052124023; -0.26948195695877075; 1.2708816528320312; 0.3546222746372223; 
333; 1.1412127017974854; 0.06516194343566895; 0.6789432764053345; -0.19408102333545685; 1.2434459924697876; 0.2477336972951889; 
367; 1.6304998397827148; 0.559691846370697; 0.48626211285591125; -0.3916459083557129; 1.212721586227417; 0.18592572212219238; 
323; 0.7810152769088745; 0.36324387788772583; 0.8519431948661804; -0.4083622992038727; 1.440516471862793; 0.3613700568675995; 
331; 1.0260061025619507; 0.7553912401199341; 0.8939508199691772; -0.8151953220367432; 1.2823525667190552; 0.08484739065170288; 
364; 1.3770084381103516; 0.31083571910858154; 0.7322046756744385; -0.2994331121444702; 1.1796884536743164; 0.12023424357175827; 
348; 1.4682955741882324; 0.020761847496032715; 0.8037708401679993; -0.5475326776504517; 1.314001202583313; 0.2781756520271301; 
330; 1.639769196510315; 0.20073851943016052; 0.8282135725021362; -0.42258739471435547; 1.0192185640335083; 0.3617023825645447; 
372; 0.614327073097229; 0.028356432914733887; 1.0612345933914185; -0.5023496747016907; 1.1397829055786133; 0.42230886220932007; 
380; 0.9767862558364868; 0.5876504182815552; 1.01691734790802; -0.3576335608959198; 1.4275152683258057; 0.33823633193969727; 

388; 1.4059429168701172; 0.7316996455192566; 0.6351175308227539; -0.5663337707519531; 1.2084108591079712; 0.3055498003959656; 
351; 1.308830738067627; 0.3263811767101288; 0.3055530786514282; -0.38136106729507446; 1.3099009990692139; 0.1299736052751541; 
369; 0.8986594676971436; -0.053017258644104004; 0.8568738102912903; -0.6371023058891296; 1.2057883739471436; 0.2764415740966797; 
373; 1.299953579902649; -0.37501174211502075; 0.24469336867332458; -0.43886369466781616; 1.1148747205734253; 0.07654686272144318; 
391; 1.4100580215454102; 0.2464882731437683; 0.30253398418426514; -0.7757384777069092; 1.089314341545105; 0.38743388652801514; 
329; 1.4927253723144531; 0.12068653106689453; 0.18483564257621765; -0.27491888403892517; 1.3110787868499756; -0.09170719981193542; 
349; 0.2597951889038086; -0.005177319049835205; 0.6407935619354248; -0.3108198344707489; 1.0913307666778564; 0.18447214365005493; 
327; 1.2987961769104004; 0.25393548607826233; 0.7233591079711914; -0.5412019491195679; 1.2174911499023438; 0.1780921071767807; 
347; 0.9705901145935059; -0.04233431816101074; 0.13560187816619873; -0.32917577028274536; 1.328202486038208; 0.020111411809921265; 
371; 1.339996337890625; 0.4250160753726959; 0.5034950971603394; -0.37570905685424805; 1.259739637374878; 0.2912941575050354; 
374; 1.2249281406402588; 0.2300979495048523; 0.6445121169090271; -0.40356212854385376; 1.0869090557098389; 0.26212838292121887; 
346; 1.2825393676757812; 0.3212486505508423; 0.5700807571411133; -0.5324196815490723; 1.3765647411346436; 0.33710452914237976; 
352; 1.6547186374664307; 0.5711523294448853; 0.7705869078636169; -0.6440068483352661; 1.2304470539093018; 0.19371123611927032; 
357; 1.482346534729004; 0.3807109594345093; 0.22253885865211487; -0.47753360867500305; 1.195214867591858; 0.3325636088848114; 
336; 1.1054648160934448; -0.08416002988815308; 0.6420891880989075; -0.22644755244255066; 1.0690275430679321; 0.09327773749828339; 
359; 1.0578131675720215; -0.057742953300476074; 0.42086419463157654; -0.33896127343177795; 1.3192627429962158; 0.19221553206443787; 
306; 1.3817601203918457; 0.4240501821041107; 0.21661895513534546; -0.5832419395446777; 1.4378068447113037; 0.1875973343849182; 
366; 1.1665494441986084; -0.5895914435386658; 0.3547878861427307; -0.456287145614624; 1.4201793670654297; 0.31181150674819946; 
328; 1.040906548500061; 0.4033145308494568; 0.47699734568595886; -0.49884843826293945; 1.2047545909881592; 0.17789600789546967; 
324; 1.4295001029968262; 0.6569661498069763; 0.40595489740371704; -0.5072746872901917; 1.361786127090454; 0.31453442573547363; 
394; 1.4414358139038086; -0.3190460205078125; 0.6704520583152771; -0.6120692491531372; 1.457382082939148; 0.2202499806880951; 
392; 1.4774341583251953; 0.3250215947628021; 0.8934552669525146; -0.4612526595592499; 1.2106783390045166; 0.043341949582099915; 
379; 1.5945234298706055; -0.5973060131072998; 0.2338169515132904; -0.470520555973053; 1.3197835683822632; 0.10492196679115295; 
397; 1.3307591676712036; 0.4328174293041229; 0.435631662607193; -0.42769554257392883; 1.1753034591674805; 0.17546287178993225; 
381; 1.2614604234695435; -0.10187995433807373; 0.39347565174102783; -0.34645700454711914; 1.2399948835372925; 0.1801086664199829; 
344; 1.12657630443573; -0.054208338260650635; 0.30646783113479614; -0.5445859432220459; 1.371421217918396; 0.3609030842781067; 
342; 1.076884388923645; 0.4412710964679718; 0.5446546673774719; -0.457588255405426; 1.2381935119628906; 0.35176748037338257; 
358; 1.231153964996338; 0.31480538845062256; 0.6928247213363647; -0.5911918878555298; 1.184936761856079; 0.12457497417926788; 
365; 1.2360169887542725; 0.37354323267936707; -0.05184471607208252; -0.5902904868125916; 1.0633876323699951; 0.28250283002853394; 
308; 1.6369819641113281; -0.4909343123435974; 0.18208909034729004; -0.6113075017929077; 0.9021421074867249; 0.5308759808540344; 
389; 1.4321553707122803; -0.5462684631347656; 0.5531315207481384; -0.5010577440261841; 1.0941739082336426; 0.22589196264743805; 
315; 1.0559101104736328; -0.26500236988067627; 0.8513146042823792; -0.608061671257019; 1.2790453433990479; 0.4282268285751343; 
319; 1.2656373977661133; 0.29006335139274597; 0.534237265586853; -0.509513258934021; 1.216036319732666; 0.33485132455825806; 
395; 1.307509183883667; -0.1304008960723877; -0.012113630771636963; -0.3893910050392151; 1.171102523803711; 0.2613585889339447; 
312; 1.1677627563476562; 0.6093783974647522; 0.30326613783836365; -0.13548073172569275; 1.2504138946533203; 0.20520222187042236; 
376; 1.3461617231369019; 0.30069500207901; 0.8902362585067749; -0.34733226895332336; 1.5227484703063965; 0.35976842045783997; 
313; 1.2587391138076782; 0.6890213489532471; 0.24250537157058716; -0.46775561571121216; 1.4069170951843262; 0.2895545959472656; 
317; 1.1306794881820679; 0.3141132593154907; 0.2347472608089447; -0.4354605972766876; 1.2707979679107666; 0.4688585698604584; 
341; 1.2270660400390625; 0.04793018102645874; 0.7523300647735596; -0.5448442697525024; 1.1356457471847534; 0.23524032533168793; 
378; 1.3255627155303955; 0.16060906648635864; 0.3721361756324768; -0.3330112397670746; 1.2133960723876953; 0.17269201576709747; 
343; 1.5978772640228271; 0.2972062826156616; 0.29712003469467163; -0.3785969316959381; 1.377736210823059; 0.3886405825614929; 
363; 1.1941568851470947; 0.2768380641937256; 0.5697067975997925; -0.408511757850647; 1.2620692253112793; 0.1688518226146698; 
377; 0.9626144170761108; -0.2986059784889221; 0.8052835464477539; -0.37407809495925903; 1.2221672534942627; 0.2392963171005249; 
370; 0.8795716762542725; 0.478145956993103; 0.4472706913948059; -0.37611106038093567; 1.2331258058547974; 0.33103179931640625; 
345; 1.3570047616958618; 0.09080153703689575; 0.8378444314002991; -0.305782288312912; 1.3221830129623413; 0.08912527561187744; 
375; 1.0231542587280273; 0.17116135358810425; 0.3238818943500519; -0.3863006830215454; 1.0876092910766602; 0.37797585129737854; 
403; 1.0524322986602783; 0.2911100387573242; 0.029672205448150635; -0.47330591082572937; 1.2273738384246826; 0.23729324340820312; 
400; 0.9643274545669556; 0.11253303289413452; 0.630216658115387; -0.4600118398666382; 1.0970046520233154; 0.3138881325721741; 
401; 0.9373617172241211; 0.028495192527770996; 0.5207586884498596; -0.2541343569755554; 1.2499620914459229; 0.2584255635738373; 
420; 1.7170542478561401; 0.4989534020423889; 0.6351712346076965; -0.5573220252990723; 1.0388907194137573; 0.10412192344665527; 
404; 1.6434991359710693; -0.03535342216491699; 0.45160844922065735; -0.5047764778137207; 1.3547167778015137; 0.21171945333480835; 
433; 1.3878051042556763; 0.5437321066856384; 0.37581300735473633; -0.5619975924491882; 1.1717519760131836; 0.2959837317466736; 
402; 1.2378733158111572; 0.20530682802200317; 0.08460700511932373; -0.5817576050758362; 1.2462489604949951; 0.3391364812850952; 
409; 0.9346024990081787; 0.08332723379135132; 0.1949828863143921; -0.33394184708595276; 1.347477912902832; 0.23072336614131927; 
407; 1.50758957862854; 0.5671601891517639; 0.795640230178833; -0.3568524420261383; 1.4973678588867188; 0.22510331869125366; 
424; 1.359028935432434; 0.5032333135604858; 0.2846432030200958; -0.24295981228351593; 1.1036455631256104; 0.10199809074401855; 
408; 1.2510435581207275; -0.208587646484375; 0.48575979471206665; -0.467323899269104; 1.3075839281082153; 0.40745171904563904; 
411; 1.5175328254699707; 0.326990008354187; 0.45131367444992065; -0.6017838716506958; 1.349699854850769; 0.2215435653924942; 
412; 1.19822096824646; 0.09557086229324341; 0.20075008273124695; -0.46128329634666443; 1.2368431091308594; 0.22957703471183777; 
423; 1.1935296058654785; 0.23619264364242554; 0.19443568587303162; -0.37028664350509644; 1.0357972383499146; 0.3029713034629822; 
421; 1.2972710132598877; 0.3094789981842041; 0.2773042619228363; -0.4340263605117798; 1.435470461845398; 0.1101888120174408; 
422; 1.4260854721069336; 0.3432246446609497; 0.37926948070526123; -0.4458249509334564; 1.34952974319458; 0.34035438299179077; 
405; 1.4016797542572021; -0.37480658292770386; 0.5796128511428833; -0.5239875912666321; 1.476970911026001; 0.20844034850597382; 
410; 0.9325423240661621; 0.21650415658950806; 0.18205028772354126; -0.5427936911582947; 1.1175947189331055; 0.222697913646698; 
453; 1.3286622762680054; 0.28559377789497375; 0.8167442083358765; -0.3575264811515808; 0.9993509650230408; 0.09229935705661774; 
468; 1.2288200855255127; -0.11536413431167603; 0.8504542112350464; -0.20821502804756165; 1.287182331085205; 0.34179314970970154; 
454; 1.067955732345581; 0.20993709564208984; 0.4523014724254608; -0.3593093752861023; 1.2314321994781494; 0.17279499769210815; 
419; 1.294001579284668; 0.18657547235488892; 0.7685926556587219; -0.34750044345855713; 1.4649587869644165; 0.24988333880901337; 
449; 1.0055891275405884; 0.2487471103668213; 0.6153790354728699; -0.3575077950954437; 1.2368428707122803; 0.386029452085495; 
460; 0.7575992941856384; -0.008936703205108643; 0.4703218638896942; -0.2945634126663208; 1.2994136810302734; 0.17107528448104858; 
469; 1.4711520671844482; 0.17266947031021118; 0.5821716785430908; -0.34656599164009094; 1.3689686059951782; 0.25342944264411926; 
498; 1.3587855100631714; 0.12806886434555054; 0.698599636554718; -0.3973759710788727; 1.2089751958847046; 0.19460131227970123; 
482; 1.6067924499511719; -0.12521761655807495; 0.08121752738952637; -0.3008725643157959; 1.3649601936340332; 0.4411427974700928; 
462; 1.5625379085540771; 0.1305330991744995; 0.4184280037879944; -0.5189471244812012; 1.1147289276123047; 0.28192782402038574; 
459; 1.5441522598266602; 0.40111953020095825; 0.39791327714920044; -0.3003041744232178; 1.6572691202163696; 0.2874261736869812; 
416; 1.4537227153778076; 0.1006767749786377; 0.7108667492866516; -0.5154781341552734; 1.0421987771987915; 0.3558657765388489; 
413; 1.4002282619476318; 0.30718865990638733; 0.7952435612678528; -0.3649897873401642; 1.5524488687515259; 0.03160396218299866; 
476; 1.055625081062317; -0.05812656879425049; 0.7506325244903564; -0.3730754256248474; 1.1729023456573486; 0.42591387033462524; 
455; 1.1224658489227295; 0.3592059016227722; 0.8928586840629578; -0.5046127438545227; 1.4025623798370361; 0.1437332034111023; 
406; 1.6610326766967773; 0.17938214540481567; 0.7641112804412842; -0.5510783195495605; 1.3831868171691895; 0.14272305369377136; 
475; 1.218495488166809; -0.03697395324707031; 0.45916861295700073; -0.3208305835723877; 1.3068716526031494; 0.4259057641029358; 
478; 1.4693653583526611; 0.22955560684204102; 0.38048815727233887; -0.49965524673461914; 1.2790096998214722; 0.3696632981300354; 
472; 1.0027865171432495; -0.24481821060180664; 0.16754251718521118; -0.2542998194694519; 1.2745641469955444; 0.3103596270084381; 
418; 1.0854912996292114; 0.08260124921798706; 0.5892894864082336; -0.6281927227973938; 1.4067211151123047; 0.36280548572540283; 
447; 1.2454073429107666; 0.7197847366333008; 0.6358413696289062; -0.6418040990829468; 1.1175838708877563; 0.22334891557693481; 
446; 0.95005863904953; 0.02746504545211792; 0.46606847643852234; -0.431236207485199; 1.2185460329055786; 0.3044831156730652; 
495; 1.4895893335342407; 0.6976101398468018; 1.096332311630249; -0.30556100606918335; 1.2722654342651367; 0.32802194356918335; 
448; 1.058534860610962; -0.08126193284988403; 0.5298171043395996; -0.45360463857650757; 1.3933978080749512; 0.19528977572917938; 
467; 0.7787134051322937; -0.27253901958465576; 0.6003024578094482; -0.5098989605903625; 1.1691426038742065; 0.3075079619884491; 
494; 0.906449556350708; 0.358245849609375; 0.27810677886009216; -0.5859127044677734; 1.1907002925872803; 0.3067094683647156; 
428; 1.3756449222564697; 0.4849103093147278; 0.34629398584365845; -0.15311631560325623; 1.3134419918060303; 0.39960378408432007; 

470; 1.3443262577056885; 0.09242099523544312; 0.5611531734466553; -0.30588197708129883; 1.113668441772461; 0.24024167656898499; 
483; 0.914162278175354; -0.15994948148727417; 0.8388034105300903; -0.4113072454929352; 1.329358458518982; 0.20240247249603271; 
429; 1.3230602741241455; 0.528021514415741; 0.6392701864242554; -0.48015230894088745; 1.362125039100647; 0.34299448132514954; 
450; 0.6674370765686035; -0.02608323097229004; 0.6476949453353882; -0.43512389063835144; 1.0498223304748535; 0.36466071009635925; 
491; 1.3761208057403564; 0.054071664810180664; 0.3352697193622589; -0.45813876390457153; 1.2724387645721436; 0.20172221958637238; 
474; 1.2807201147079468; 0.09313881397247314; 0.42884916067123413; -0.4905529022216797; 1.3617620468139648; 0.28660112619400024; 
471; 1.0234829187393188; -0.2723900079727173; 0.48844948410987854; -0.3708241283893585; 1.3209741115570068; 0.14630180597305298; 
461; 1.6575520038604736; 0.24322792887687683; 0.3908231258392334; -0.3563601076602936; 1.3460439443588257; 0.37560486793518066; 
465; 1.4148088693618774; 0.16087239980697632; 0.7114772796630859; -0.3584212362766266; 1.2792788743972778; 0.2732847034931183; 
488; 1.513746738433838; 0.10876339673995972; 0.5115558505058289; -0.482878178358078; 1.3903456926345825; 0.1900923103094101; 
473; 1.3750505447387695; 0.19860324263572693; 0.6742766499519348; -0.5552287101745605; 1.1803317070007324; 0.1794460415840149; 
437; 1.7583534717559814; -0.23959112167358398; 0.37113332748413086; -0.3172025680541992; 1.2679535150527954; 0.05216895043849945; 
466; 1.3561599254608154; 0.10862386226654053; 0.900545597076416; -0.2754513621330261; 1.378704309463501; 0.3963559865951538; 
456; 0.6587952971458435; 0.11353796720504761; 0.4138873219490051; -0.543440580368042; 1.1658577919006348; 0.2710399925708771; 
432; 1.253728985786438; 0.26203101873397827; 1.238603115081787; -0.3882690966129303; 1.2774264812469482; 0.24971669912338257; 
489; 1.4328815937042236; -0.18122869729995728; 0.5258422493934631; -0.47196143865585327; 1.164860725402832; 0.29135429859161377; 
451; 1.0814123153686523; 0.039658427238464355; 1.2010785341262817; -0.4408877491950989; 1.0090534687042236; 0.1946706622838974; 
427; 1.271395206451416; 0.21302089095115662; 0.37660104036331177; -0.5601800084114075; 1.1619093418121338; 0.4503776431083679; 
487; 1.6111875772476196; 0.1086350679397583; 0.6693747639656067; -0.5279096364974976; 1.196881890296936; 0.3355954885482788; 
426; 1.294997215270996; 0.12075614929199219; 0.572314977645874; -0.3071568012237549; 1.3649753332138062; 0.23062707483768463; 
481; 1.3836090564727783; -0.010948359966278076; 0.15846192836761475; -0.5851945281028748; 1.1817867755889893; 0.21488416194915771; 
463; 1.421255111694336; 0.4696969985961914; 1.0401161909103394; -0.4965723752975464; 1.2907882928848267; 0.3321995735168457; 
490; 0.7841789722442627; 0.4030548334121704; 0.6309583783149719; -0.4214015603065491; 1.5041736364364624; 0.0898166298866272; 
414; 1.4064913988113403; 0.35900819301605225; 0.9546926617622375; -0.30873388051986694; 1.1007105112075806; 0.31014174222946167; 
493; 1.5424853563308716; 0.08897215127944946; 0.7726253867149353; -0.38332054018974304; 1.1086775064468384; 0.3452618718147278; 
485; 0.7855075597763062; 0.318992555141449; 0.2914282977581024; -0.4304085075855255; 1.2207999229431152; -0.01321333646774292; 
438; 1.6033577919006348; -0.5199582576751709; 0.05311322212219238; -0.5418398380279541; 1.3838657140731812; 0.16149556636810303; 
479; 1.25389564037323; -0.017653346061706543; 0.7338101267814636; -0.37533116340637207; 1.094167947769165; 0.38469576835632324; 
436; 1.666664481163025; 0.003897547721862793; 0.4900021553039551; -0.3917376399040222; 1.2283339500427246; 0.16393224895000458; 
430; 1.2683260440826416; 0.38528135418891907; 0.5599895715713501; -0.3369772732257843; 1.4392290115356445; 0.4227466583251953; 
435; 1.5064940452575684; -0.12836915254592896; 0.6375973224639893; -0.39825862646102905; 1.0695680379867554; 0.3402020037174225; 
425; 1.4229590892791748; 0.38540032505989075; 0.5966013073921204; -0.3754357695579529; 1.2842384576797485; 0.13422709703445435; 
443; 1.0395406484603882; 0.07032901048660278; 0.9645551443099976; -0.4290849268436432; 1.1115671396255493; 0.4711272716522217; 
496; 1.6376168727874756; 0.38863641023635864; 0.5747236013412476; -0.4210730791091919; 1.2761743068695068; 0.08633114397525787; 
492; 1.4529016017913818; 0.42005276679992676; 0.6061580181121826; -0.46196669340133667; 1.27040696144104; 0.3274296522140503; 
431; 1.134796142578125; 0.2894566059112549; 0.7838156223297119; -0.5157437324523926; 1.3819787502288818; 0.43696051836013794; 
439; 1.1872305870056152; 0.15969297289848328; 0.419393926858902; -0.5115416049957275; 1.052729606628418; 0.3359431028366089; 
457; 0.902275800704956; 0.32025277614593506; 0.47421425580978394; -0.5044767260551453; 1.308666467666626; 0.18829014897346497; 
477; 1.498260736465454; -0.190710186958313; 0.6876434087753296; -0.289897084236145; 1.00687575340271; 0.2847040593624115; 
442; 0.7863688468933105; -0.25171077251434326; 1.1080818176269531; -0.43984270095825195; 1.2387690544128418; 0.37883320450782776; 
445; 0.9636488556861877; 0.6298105120658875; 1.2050085067749023; -0.407827764749527; 1.4851096868515015; 0.41826242208480835; 
440; 1.2788641452789307; -0.06938886642456055; 0.4195030927658081; -0.18912552297115326; 1.101317048072815; 0.20550669729709625; 
441; 1.2471399307250977; 0.18811410665512085; 0.7864731550216675; -0.48534995317459106; 1.415709376335144; 0.263938844203949; 
452; 1.2881202697753906; 0.19953566789627075; 0.4620981216430664; -0.42392730712890625; 1.1498804092407227; 0.30667799711227417; 
415; 1.173453688621521; 0.3212438225746155; 0.7177744507789612; -0.5535631775856018; 1.1883726119995117; 0.41378894448280334; 
458; 1.1406725645065308; 0.3043087124824524; 0.3557462692260742; -0.5036213397979736; 1.1341297626495361; 0.24825452268123627; 
444; 1.4009767770767212; 0.08792233467102051; 0.740401566028595; -0.22066333889961243; 1.226288080215454; 0.18380093574523926; 
497; 0.8698259592056274; 0.04002261161804199; 0.3330771028995514; -0.368888258934021; 1.1340882778167725; 0.11790136247873306; 
480; 1.28941011428833; -0.05565214157104492; 0.321010947227478; -0.47053876519203186; 1.1044424772262573; 0.3396243155002594; 
434; 0.9851871728897095; 0.3287312090396881; 0.8466798067092896; -0.3623613715171814; 1.2678662538528442; 0.263835608959198; 
484; 1.4017544984817505; 0.6427872180938721; 0.34349119663238525; -0.435393750667572; 1.0417875051498413; 0.21321536600589752; 
464; 1.109227180480957; -0.0738602876663208; 0.4704740047454834; -0.6276293396949768; 1.3476581573486328; 0.24090440571308136; 
486; 1.3374934196472168; -0.19204270839691162; 0.5736090540885925; -0.4498940408229828; 1.1757453680038452; 0.2527305781841278; 
499; 1.0502411127090454; 0.028723478317260742; 0.042052626609802246; -0.3095223009586334; 0.9516571760177612; 0.29852908849716187; 
500; 1.7677735090255737; 0.8327018618583679; -0.01253730058670044; -0.3725547194480896; 1.5365030765533447; 0.3123191297054291; 
501; 0.8978840112686157; -0.3103494644165039; 0.42749059200286865; -0.43077027797698975; 1.2452753782272339; 0.20601974427700043; 
505; 1.0213922262191772; 0.6782313585281372; 0.7322242856025696; -0.381086140871048; 1.4488297700881958; 0.15050508081912994; 
503; 1.450636386871338; 0.5783174633979797; 0.46774113178253174; -0.48002585768699646; 1.2750623226165771; 0.19112767279148102; 
502; 1.1807215213775635; 0.0748412013053894; 1.0700187683105469; -0.36333465576171875; 1.3415464162826538; 0.3118179440498352; 
504; 1.1064481735229492; -0.008379697799682617; 0.34922200441360474; -0.4503558874130249; 1.3705066442489624; 0.3197118043899536; 
