58; -0.239124596118927; -1.4087518453598022; -0.7836276888847351; -1.1361808776855469; 0.5866554975509644; -0.5012257695198059; 
65; 0.34473979473114014; -0.8498523235321045; -0.6526690125465393; -0.9250924587249756; 0.549665629863739; -0.45442718267440796; 
6; 0.0335959792137146; -1.5264580249786377; -1.2503231763839722; -1.2683517932891846; 0.7633885741233826; -0.29741379618644714; 
14; 0.6171507239341736; -1.4155871868133545; -0.9318361282348633; -1.1028773784637451; 0.5938594341278076; -0.08275964856147766; 
24; 0.3351097106933594; -0.9756788611412048; -0.22185447812080383; -1.231265902519226; 0.4697785973548889; -0.181913822889328; 
17; 0.3864291310310364; -0.7560219168663025; -0.9809591174125671; -1.0984477996826172; 0.3765062093734741; -0.37217724323272705; 
30; 0.43522292375564575; -1.4338045120239258; -0.2929264307022095; -0.5853822827339172; 0.9192030429840088; -0.109556183218956; 
48; 0.2031644582748413; -0.717523992061615; -0.4695126712322235; -1.0775418281555176; 0.7002880573272705; -0.46987348794937134; 
90; -0.5237718820571899; -1.2539702653884888; -1.0908194780349731; -0.9999775886535645; 0.34967541694641113; -0.3419080376625061; 
64; 0.3499912619590759; -1.5668513774871826; -0.8816689848899841; -1.1593984365463257; 0.7531179189682007; -0.47522619366645813; 
4; -0.1930142641067505; -1.6377601623535156; -1.120387077331543; -1.0383753776550293; 0.6543353199958801; -0.5154754519462585; 
15; -0.41810232400894165; -1.4362351894378662; -0.3883669078350067; -1.1542038917541504; 0.6304357647895813; -0.3201572895050049; 
19; -0.2338031530380249; -0.8190511465072632; -0.9167821407318115; -1.1939542293548584; 0.630423367023468; -0.3057495057582855; 
33; 0.08288651704788208; -1.9045131206512451; -0.41196832060813904; -0.8095265030860901; 0.8791664242744446; -0.030927404761314392; 
99; 0.016590893268585205; -0.5295838713645935; -0.9080405235290527; -1.1035248041152954; 0.4501877725124359; -0.3631410002708435; 
93; 0.5262293219566345; -0.9994063973426819; -0.7854251861572266; -0.4852510690689087; 0.4774404466152191; -0.2818705439567566; 
91; 0.06801795959472656; -1.8136329650878906; -0.2676684558391571; -0.9764407873153687; 0.7737531661987305; -0.18867912888526917; 
95; 0.21650010347366333; -0.6108392477035522; -0.0396384596824646; -0.7417182922363281; 0.8002041578292847; -0.34981003403663635; 
68; -0.21049082279205322; -1.3472900390625; -0.05998867750167847; -1.0535621643066406; 0.7695878148078918; -0.18003660440444946; 
26; 0.10086560249328613; -1.1421220302581787; -1.0281771421432495; -1.0136386156082153; 0.5113824605941772; -0.26987209916114807; 
57; 0.11123543977737427; -0.8266652822494507; -0.5235452055931091; -1.0371038913726807; 0.7450181245803833; -0.5596081018447876; 
49; 0.3153860569000244; -1.5541980266571045; -0.6434464454650879; -0.9516845941543579; 0.5111517310142517; -0.4661087989807129; 
92; -0.13835188746452332; -0.8108614683151245; -0.23481634259223938; -1.4979298114776611; 0.5284461379051208; -0.37139248847961426; 
16; 0.07403302192687988; -1.7263541221618652; -0.7697564959526062; -1.1541794538497925; 0.6347622275352478; -0.3190065622329712; 
60; 0.075320303440094; -0.8128601312637329; -0.5191560387611389; -1.1685196161270142; 0.913494348526001; -0.06472629308700562; 
23; 0.3448656499385834; -0.3366348147392273; -0.9806928634643555; -1.122176170349121; 0.8971171379089355; -0.4483444392681122; 
88; -0.026623189449310303; -1.2739877700805664; 0.2026490569114685; -0.8245114684104919; 0.8684695959091187; -0.1721031814813614; 
22; 0.5610171556472778; -0.6574068069458008; -0.8071243762969971; -0.7474160194396973; 0.6604689359664917; -0.3783941864967346; 
94; 0.24531883001327515; -1.2602887153625488; -0.6021759510040283; -0.8951744437217712; 1.1073054075241089; -0.277924120426178; 
32; 0.24389541149139404; -0.826052188873291; -0.6586518287658691; -0.9106249809265137; 0.6710635423660278; -0.012750744819641113; 
40; 0.33028167486190796; -0.9222373962402344; -0.34088337421417236; -1.1036101579666138; 0.9266034364700317; -0.22668085992336273; 
20; 0.28923267126083374; -0.9646210074424744; -1.1121220588684082; -1.2441784143447876; 0.7233606576919556; -0.41814881563186646; 
21; 0.26190900802612305; -0.6931147575378418; -1.387744426727295; -0.8431961536407471; 0.6586189866065979; -0.5401578545570374; 
56; 0.4069530963897705; -1.5778403282165527; -0.3200218379497528; -1.0911359786987305; 0.6658856868743896; -0.39164629578590393; 
18; 0.5197484493255615; -0.8580101728439331; -1.1008555889129639; -0.8270115852355957; 0.8819979429244995; -0.42856699228286743; 
89; 0.3402649164199829; -1.1421992778778076; -2.2564945220947266; -0.931684672832489; 0.5265719294548035; -0.28645235300064087; 
3; -0.2741461396217346; -1.0300471782684326; -0.6559227108955383; -0.9984325170516968; 0.7569966316223145; -0.38849467039108276; 
82; -0.04672443866729736; -1.360959768295288; -0.910355269908905; -1.0177277326583862; 0.7422586679458618; -0.1507474035024643; 
39; -0.09118431806564331; -0.9829027056694031; -1.025628924369812; -1.1269047260284424; 0.5788910388946533; -0.39939987659454346; 
59; 0.02204000949859619; -1.4791237115859985; -1.151499629020691; -0.8050156831741333; 0.657804012298584; -0.42855679988861084; 
37; 0.2143041491508484; -1.1339871883392334; -0.9409620761871338; -0.8736101388931274; 0.7574766874313354; -0.2740013003349304; 
97; -0.4891437292098999; -0.9360136985778809; -1.360789179801941; -1.4066044092178345; 0.5342018604278564; -0.7123285531997681; 
81; 0.551326334476471; -1.178032636642456; -1.1247584819793701; -1.2404842376708984; 0.5746773481369019; -0.35042110085487366; 
72; 0.30682915449142456; -1.7744020223617554; -0.4126657247543335; -0.9522544741630554; 0.8017169237136841; -0.3400712311267853; 
29; 0.3903844952583313; -1.6336749792099; -0.5566444396972656; -0.6996084451675415; 0.8616479635238647; -0.27310192584991455; 
25; -0.033315181732177734; -1.5877459049224854; -0.3593519926071167; -0.942277193069458; 0.8065750002861023; -0.004199042916297913; 
70; -0.1846008598804474; -0.996664822101593; -0.6926902532577515; -0.9736692905426025; 0.5649446249008179; 0.07763928174972534; 
69; 0.34479331970214844; -0.9881198406219482; -0.7072251439094543; -0.9286736249923706; 0.8140416145324707; -0.5146912932395935; 
27; 0.3596341013908386; -1.5135881900787354; -0.7410406470298767; -0.8915218114852905; 0.8560048341751099; -0.11681659519672394; 
9; -0.2079727053642273; -0.91811203956604; -1.890801191329956; -1.043808937072754; 0.7170826196670532; -0.2914923429489136; 
2; 0.0693732500076294; -1.0180000066757202; -0.49764952063560486; -0.8855489492416382; 0.7486388683319092; -0.4321015477180481; 
67; 0.7420232892036438; -0.8301228284835815; -0.782107412815094; -1.2085413932800293; 0.739061713218689; -0.1956169158220291; 
63; 0.011587917804718018; -1.4042068719863892; -0.9874996542930603; -0.9165653586387634; 0.9332649111747742; -0.4265798032283783; 
0; 0.1592174768447876; -1.023236870765686; -0.18244758248329163; -1.007847547531128; 1.009095311164856; -0.2542540431022644; 
43; 0.7548396587371826; -1.303072214126587; -0.973827600479126; -1.0302908420562744; 0.8881158828735352; -0.07548817992210388; 
61; 0.03314012289047241; -1.2975561618804932; -0.8021047711372375; -1.3281596899032593; 0.8614706993103027; -0.17848071455955505; 
35; -0.11478087306022644; -1.255448579788208; -0.6943166255950928; -0.834740161895752; 0.520585298538208; -0.3605674207210541; 
42; 0.019365906715393066; -1.0237137079238892; -0.7308621406555176; -0.9756205081939697; 0.7167222499847412; -0.19530527293682098; 
10; 0.09479427337646484; -2.317805290222168; -0.9403374195098877; -1.0038013458251953; 0.9907139539718628; 0.033580929040908813; 
98; -0.9893471598625183; -1.7600619792938232; -1.0494906902313232; -1.2229913473129272; 0.3013359308242798; -0.34028348326683044; 
1; 0.35092246532440186; -1.3514317274093628; -0.6050236821174622; -1.1807887554168701; 0.7993776202201843; -0.4334767758846283; 
8; 0.2942742109298706; -2.284583568572998; -0.6194310784339905; -0.7585500478744507; 0.5762999057769775; 0.09114043414592743; 
11; 0.03316694498062134; -1.2083282470703125; -0.5015536546707153; -0.8896602988243103; 0.7023308277130127; -0.16384997963905334; 
74; -0.06645208597183228; -1.1068410873413086; -1.1665854454040527; -1.274916410446167; 0.6589957475662231; -0.46545761823654175; 
12; 0.05639997124671936; -0.4645516276359558; -0.7390304803848267; -0.8942123651504517; 0.7975181341171265; -0.36753714084625244; 
87; 0.3332650065422058; -1.496588945388794; -0.8502322435379028; -0.899695873260498; 0.6501898765563965; -0.5855123996734619; 
75; 0.26953399181365967; -1.6824673414230347; -1.0569660663604736; -1.016632318496704; 0.7623941898345947; -0.5281158089637756; 
7; 0.06943035125732422; -2.087366819381714; -0.3278437852859497; -1.0090501308441162; 0.5676782131195068; -0.22926127910614014; 
55; 0.4726443290710449; -2.070444107055664; -0.4666932225227356; -1.0956844091415405; 0.3797129690647125; -0.48444175720214844; 
77; 0.04841160774230957; -2.069753885269165; -0.6390948295593262; -1.0333542823791504; 0.903261661529541; -0.4934634566307068; 
47; -0.6189730763435364; -1.556912899017334; -0.8277793526649475; -1.0508980751037598; 0.4805038869380951; -0.4280722141265869; 
44; 0.24195164442062378; -1.6134696006774902; -0.29407548904418945; -0.7242120504379272; 0.6614817380905151; -0.4576897621154785; 
36; -0.15088605880737305; -0.9140831232070923; -1.5628392696380615; -0.7578046321868896; 0.7632359266281128; -0.31745007634162903; 
51; 0.09079831838607788; -1.394010305404663; -0.5220319032669067; -0.8928626775741577; 0.8514110445976257; -0.26194220781326294; 
73; -0.37934401631355286; -1.8975188732147217; -0.005579531192779541; -1.0744484663009644; 0.7638196349143982; -0.4826722741127014; 
80; 0.3408556580543518; -1.1878893375396729; -0.8565343022346497; -0.8573048114776611; 0.9150979518890381; -0.2391238808631897; 
62; -0.41479238867759705; -1.3224552869796753; -0.25982770323753357; -0.9423130750656128; 0.7257270812988281; -0.3758975565433502; 
85; -0.20328176021575928; -1.6458230018615723; -0.7565726637840271; -1.0160059928894043; 0.3517265021800995; -0.33597084879875183; 
38; -0.18221032619476318; -1.2938669919967651; -1.1046212911605835; -1.095775842666626; 0.7181645631790161; -0.6226569414138794; 
34; -0.6843133568763733; -1.8232574462890625; -1.0820701122283936; -1.0144665241241455; 0.5270327925682068; -0.5720676183700562; 
83; 0.7648211717605591; -0.4690849184989929; -0.6803368330001831; -1.0117841958999634; 0.5646355152130127; -0.58482426404953; 
76; -0.2365465760231018; -1.4127857685089111; -0.5833412408828735; -1.132529377937317; 0.6759424209594727; -0.3742409944534302; 
28; -0.42964065074920654; -1.338552713394165; -0.738114595413208; -1.149834394454956; 0.4594059884548187; -0.3224030137062073; 
78; 0.15084058046340942; -0.6461890935897827; -0.877137303352356; -0.7069447040557861; 0.8679220676422119; -0.4292997717857361; 
50; -0.16250738501548767; -1.6774531602859497; -0.6699485778808594; -0.6144942045211792; 0.6940711736679077; -0.19415786862373352; 
52; 0.2715532183647156; -1.8305598497390747; -0.41671496629714966; -1.0567619800567627; 0.5341769456863403; -0.23851095139980316; 
46; 0.31997889280319214; -0.37144237756729126; -1.1434208154678345; -1.04481041431427; 0.7899641990661621; -0.16034841537475586; 
5; 0.015372514724731445; -1.0515252351760864; -0.7279730439186096; -0.8761529922485352; 0.40567997097969055; -0.16923224925994873; 
53; 0.06957191228866577; -0.4910762906074524; -0.5780461430549622; -0.9017001390457153; 0.634389340877533; -0.14164792001247406; 
45; -0.041396915912628174; -0.9631060361862183; -0.580686628818512; -0.9923592805862427; 0.48373910784721375; -0.02084726095199585; 
96; -0.024997234344482422; -1.8038814067840576; -0.9094216227531433; -0.8779169321060181; 0.6668226718902588; -0.5591384172439575; 
54; 0.34413209557533264; -0.7034366130828857; -1.0474777221679688; -0.8248091340065002; 0.7672858238220215; -0.10090754926204681; 
84; 0.5247862339019775; -1.2000213861465454; -0.5442303419113159; -0.7527512907981873; 0.7641340494155884; -0.3632485866546631; 
79; 0.22075891494750977; -1.4529520273208618; 0.21833476424217224; -0.9533379077911377; 0.9534712433815002; -0.3276175260543823; 
41; -0.16912519931793213; -0.9450500011444092; -0.9677731394767761; -1.0735840797424316; 0.38361862301826477; -0.40440770983695984; 
31; 0.03412717580795288; -1.6729105710983276; -0.2716105580329895; -1.2196044921875; 0.6007497310638428; -0.24085724353790283; 
86; 0.06615084409713745; -1.8170955181121826; -0.7157961130142212; -0.9240850210189819; 0.5264319181442261; -0.20244227349758148; 
71; -0.22172126173973083; -1.2346433401107788; -2.727585792541504; -1.0003464221954346; 0.7753247618675232; -0.18516980111598969; 
163; -0.14270687103271484; -1.5089662075042725; -0.3735042214393616; -0.8922863006591797; 0.8272655010223389; -0.21527734398841858; 
162; -0.1737147569656372; -1.625227689743042; -1.3190677165985107; -1.0739548206329346; 0.7431268692016602; -0.4855166971683502; 
176; 0.31865453720092773; -1.4696431159973145; -0.6227359771728516; -1.071581482887268; 0.6054477691650391; -0.3876277208328247; 
164; -0.06899744272232056; -1.1267430782318115; -0.793647050857544; -1.0603857040405273; 0.5593963861465454; -0.32523828744888306; 
111; 0.44036346673965454; -1.1621356010437012; -0.17949464917182922; -1.2230216264724731; 0.5829724073410034; -0.10963382571935654; 
104; 0.01703345775604248; -1.0804301500320435; -0.6663280129432678; -1.0686159133911133; 0.760884165763855; -0.3725828528404236; 
171; 0.027304410934448242; -0.8223253488540649; -0.5157206654548645; -0.804804265499115; 0.7372162342071533; -0.2039281725883484; 
157; 0.15919756889343262; -2.0027318000793457; -0.6777535080909729; -1.1052082777023315; 0.47174370288848877; -0.045898616313934326; 
100; -0.5890281200408936; -0.7305570840835571; -0.5847954750061035; -0.876207172870636; 0.5126879215240479; -0.10818734765052795; 
103; 0.7050633430480957; -0.8255164623260498; -0.41568541526794434; -0.979293704032898; 0.7274476289749146; -0.4279484450817108; 
170; -1.1304147243499756; -1.7259776592254639; -1.8195570707321167; -1.0560588836669922; 0.724274218082428; -0.43622905015945435; 
106; -0.016701042652130127; -1.8576931953430176; -1.247573733329773; -1.3031773567199707; 0.7414875030517578; -0.43127328157424927; 
112; 0.5198479294776917; -0.7540064454078674; -1.002536654472351; -1.279306411743164; 0.5581473112106323; -0.48748910427093506; 
156; -0.004109561443328857; -1.6530050039291382; -1.1163334846496582; -1.3221238851547241; 0.6647673845291138; -0.47796499729156494; 
107; -0.12005162239074707; -1.4006427526474; -0.7490796446800232; -1.1537597179412842; 0.9404487013816833; -0.18748758733272552; 
123; 0.47224852442741394; -1.907487154006958; -0.5429491400718689; -0.9053093194961548; 0.7106369733810425; -0.2393689751625061; 
145; 0.03152948617935181; -0.8370200991630554; -1.5504223108291626; -1.1208324432373047; 0.6280176639556885; -0.21185213327407837; 
129; 0.6776497960090637; -0.8256850242614746; -1.6528712511062622; -1.206996202468872; 0.9844678640365601; 0.0254383385181427; 
122; -0.12074229121208191; -1.394920825958252; -0.20641553401947021; -0.8935249447822571; 0.6657441258430481; -0.2770650088787079; 
181; 0.6368006467819214; -1.0473906993865967; -0.72083979845047; -1.3298414945602417; 0.5312122106552124; -0.27007758617401123; 
127; 0.3622918128967285; -1.107354998588562; -0.7391646504402161; -0.9018105268478394; 0.438203364610672; -0.10101516544818878; 
121; 0.1787230372428894; -1.870556354522705; -0.6430671811103821; -1.1038148403167725; 0.8921764492988586; -0.05346331000328064; 
161; 0.03740715980529785; -1.1651368141174316; -0.9375382661819458; -1.2022641897201538; 0.7573683261871338; -0.4207667410373688; 
114; 0.24456524848937988; -1.3323118686676025; -0.5719046592712402; -0.9930819272994995; 0.4877675473690033; -0.19581933319568634; 
168; -0.5460153222084045; -1.1146693229675293; -0.4741147756576538; -0.9161427021026611; 0.7402481436729431; -0.363529235124588; 
180; 0.1421554684638977; -0.7349482178688049; -1.2566280364990234; -0.759905219078064; 0.6757081151008606; -0.5402568578720093; 
117; 0.14152586460113525; -1.7426276206970215; -0.456704318523407; -1.0336849689483643; 0.5373477935791016; -0.2965101897716522; 
148; 0.04968446493148804; -1.230347990989685; -1.1216795444488525; -1.0520904064178467; 0.9516085386276245; -0.05766621232032776; 
105; 0.2707248330116272; -1.3528389930725098; -0.17836493253707886; -0.9502830505371094; 0.7766271829605103; -0.28690090775489807; 
169; 0.4725409746170044; -1.267866849899292; -1.9682730436325073; -0.7771948575973511; 0.6083784103393555; -0.28367525339126587; 
110; 0.12208980321884155; -1.3494975566864014; -0.9836611151695251; -0.9184714555740356; 0.5780976414680481; -0.29488521814346313; 
183; 0.38179677724838257; -1.2449284791946411; -0.5902597904205322; -1.020796537399292; 0.537040650844574; -0.21701708436012268; 
102; 0.21742981672286987; -1.2100938558578491; -1.3766859769821167; -1.067846655845642; 1.1067116260528564; -0.1611536145210266; 
182; -0.12707561254501343; -0.9397237300872803; -0.42707663774490356; -1.1333322525024414; 0.7650535106658936; -0.2483772486448288; 
167; 0.0007362961769104004; -1.163938045501709; -1.3727954626083374; -0.8478803038597107; 0.7981607913970947; -0.49753648042678833; 
195; -0.11646300554275513; -1.019745945930481; -0.5430734157562256; -0.87017822265625; 0.5919672846794128; -0.3779299259185791; 
185; -0.9111407995223999; -1.3202561140060425; -1.0899847745895386; -1.0024309158325195; 0.6443665027618408; -0.22734981775283813; 
153; 0.46401113271713257; -1.4337265491485596; -0.6672459840774536; -1.0494534969329834; 0.44192594289779663; -0.2416270524263382; 
197; 0.5030907988548279; -1.2984960079193115; -0.060720294713974; -1.0315372943878174; 0.9764612913131714; -0.15012311935424805; 
184; -0.04826343059539795; -2.019157648086548; -0.8120354413986206; -0.9252656102180481; 0.842049241065979; -0.4496651887893677; 
188; 0.2523614764213562; -0.6280167102813721; -0.909422755241394; -0.5986672639846802; 0.8870265483856201; -0.18846771121025085; 
126; 0.47208747267723083; -1.3984885215759277; -0.7450280785560608; -0.8871455788612366; 0.7109030485153198; -0.15224704146385193; 
128; 0.3928600549697876; -1.53101646900177; -0.7254592180252075; -1.174688458442688; 0.6370046138763428; -0.27020102739334106; 
133; 0.20192217826843262; -1.4567532539367676; -1.163719654083252; -1.1515270471572876; 0.6532540321350098; -0.27474501729011536; 
125; -0.1985515058040619; -0.6619517803192139; -0.9148874282836914; -1.0579233169555664; 0.7520223259925842; -0.1282244324684143; 
196; -0.5613605976104736; -1.1378265619277954; -1.126192569732666; -1.301493525505066; 0.6639477014541626; -0.5193296670913696; 
165; 0.14574754238128662; -1.278225302696228; -0.6588037014007568; -1.2493319511413574; 0.7774330377578735; -0.5379851460456848; 
155; 0.24658966064453125; -1.5851771831512451; -0.5998125076293945; -1.445467233657837; 0.6446439027786255; -0.2061193883419037; 
174; -0.2281486988067627; -1.1297177076339722; -1.191400170326233; -1.1771830320358276; 0.659282922744751; -0.38854551315307617; 
175; -0.3528006672859192; -1.0687776803970337; -0.8079866170883179; -1.0917584896087646; 0.695926308631897; -0.3489319086074829; 
186; 0.25898289680480957; -1.1812944412231445; -0.889980673789978; -1.123403549194336; 1.006098985671997; -0.37804895639419556; 
108; 0.7850414514541626; -0.972147524356842; -1.0379970073699951; -0.8444458246231079; 0.6634162664413452; -0.029452592134475708; 
198; 0.1896291971206665; -1.392723798751831; -0.6259733438491821; -0.939139723777771; 0.6763863563537598; -0.4585230350494385; 
173; -0.06874221563339233; -1.2531427145004272; -0.7196849584579468; -0.9382020235061646; 0.6996559500694275; -0.3678678870201111; 
151; -0.17609596252441406; -1.3101656436920166; -1.1292263269424438; -0.9836932420730591; 0.44154027104377747; -0.27727192640304565; 
113; -0.2056804597377777; -1.62406587600708; -0.3115502595901489; -1.143475890159607; 0.8672031164169312; -0.2342490255832672; 
142; -0.1830826997756958; -1.1933469772338867; -1.265756607055664; -1.1337056159973145; 0.5371105670928955; -0.2864103317260742; 
150; -0.10444822907447815; -1.3557111024856567; -0.18705663084983826; -1.015171766281128; 0.7851041555404663; -0.23995766043663025; 
109; 0.3464120626449585; -1.2534109354019165; -0.5110878348350525; -0.8732497692108154; 0.5559237003326416; -0.17608022689819336; 
124; -0.06101644039154053; -1.2950364351272583; -0.8725804686546326; -1.1892368793487549; 0.8415431976318359; -0.18504662811756134; 
130; -0.5866115093231201; -1.051025152206421; -1.2254599332809448; -1.457496166229248; 0.8900688886642456; -0.32444116473197937; 
194; -0.10809326171875; -0.5912163257598877; -0.9020056128501892; -0.9908446073532104; 0.769197404384613; -0.3377612233161926; 
132; -0.24492183327674866; -1.221925973892212; 0.11651751399040222; -1.1555689573287964; 0.4723127484321594; -0.15613311529159546; 
119; 0.2821943759918213; -1.288649082183838; -1.2502822875976562; -0.9320098757743835; 0.32680249214172363; -0.16748882830142975; 
118; 0.5875941514968872; -0.8350054621696472; -0.9081278443336487; -0.9889519214630127; 0.602163553237915; -0.3781536817550659; 
115; 0.6078957319259644; -0.8893613815307617; -0.6076638102531433; -0.5852252840995789; 0.6202651262283325; -0.11235275119543076; 
131; -0.06278067827224731; -1.3328607082366943; -0.6391012668609619; -0.9625495672225952; 0.5467394590377808; -0.17057843506336212; 
149; 0.2421574890613556; -0.8949975371360779; -1.3160265684127808; -0.8151105046272278; 0.48972001671791077; 0.021100640296936035; 
193; 0.3636004626750946; -0.6434398293495178; -0.5068687796592712; -0.9498928189277649; 0.7547150254249573; -0.09627899527549744; 
135; 0.21336042881011963; -0.8973414897918701; -1.2442729473114014; -0.7330454587936401; 0.6223936676979065; -0.043204545974731445; 
137; 0.22053983807563782; -1.2389235496520996; -0.2609409987926483; -1.0192718505859375; 0.6174756288528442; -0.183820441365242; 
159; 0.6967456936836243; -0.9703695178031921; -0.47652798891067505; -1.3453700542449951; 0.8887467384338379; -0.3186516761779785; 
101; -0.4354742467403412; -1.1579954624176025; -0.2568998336791992; -1.0094997882843018; 0.4764975607395172; -0.29070717096328735; 
192; -0.33143508434295654; -1.7447853088378906; -1.7154756784439087; -1.1639114618301392; 0.8093338012695312; -0.38695958256721497; 
166; -0.32634615898132324; -1.7466704845428467; -0.4823090136051178; -0.9110578298568726; 0.6378567218780518; -0.3278457224369049; 
146; 0.12443876266479492; -0.7249926328659058; -0.25533315539360046; -1.1783473491668701; 0.5384836196899414; -0.42755022644996643; 
120; 0.10753357410430908; -1.1392366886138916; -0.4846613109111786; -0.7618446946144104; 0.5694191455841064; -0.18396973609924316; 
147; -0.5870174169540405; -2.2230329513549805; -0.448829710483551; -1.083810567855835; 0.8115262985229492; -0.613656222820282; 
199; -0.11277046799659729; -1.3215129375457764; -1.2733867168426514; -0.9521574378013611; 0.8357253670692444; -0.33716243505477905; 
189; 0.16518330574035645; -1.4740078449249268; -0.8981815576553345; -1.1902573108673096; 0.39007946848869324; -0.45483461022377014; 
144; 0.37280237674713135; -0.3698902726173401; -1.3986916542053223; -1.0202479362487793; 0.689389705657959; -0.3958286941051483; 
136; 0.06423336267471313; -2.365100383758545; -0.5515092015266418; -1.1262156963348389; 0.593841552734375; -0.42046862840652466; 
139; 0.5682551264762878; -1.5570902824401855; -0.5424166917800903; -0.9105541110038757; 0.7707017660140991; -0.013091355562210083; 
187; 0.21001267433166504; -1.554572343826294; -0.4823634624481201; -1.1842039823532104; 0.4820144772529602; -0.22656798362731934; 
116; 0.2895451784133911; -1.5655574798583984; -0.9792401194572449; -1.213407278060913; 0.5981861352920532; -0.3272172808647156; 
143; 0.44873884320259094; -0.8950934410095215; -0.39937829971313477; -0.9559111595153809; 0.7036941051483154; -0.2759748101234436; 
154; 0.16786342859268188; -1.732863426208496; -0.9867679476737976; -0.7857694625854492; 0.5830678343772888; -0.2588820159435272; 
152; -0.3021045923233032; -1.030642032623291; -0.8659000396728516; -0.9394871592521667; 0.5593927502632141; -0.24782125651836395; 
172; 0.1427794098854065; -1.3057976961135864; -0.9297257661819458; -1.3463468551635742; 0.5425236225128174; -0.24241304397583008; 
190; -0.006290018558502197; -1.652971863746643; -0.6974043846130371; -1.1450588703155518; 0.7704379558563232; -0.15604478120803833; 
160; 0.31289365887641907; -0.7737024426460266; -0.4942179322242737; -0.836279571056366; 0.5435212850570679; 0.006670072674751282; 
178; 0.21898165345191956; -1.014697551727295; -1.3821971416473389; -0.9213218688964844; 0.8519778251647949; -0.5115947127342224; 
134; 0.29163336753845215; -1.32912015914917; -0.2000361680984497; -1.183984637260437; 0.699817419052124; -0.15639565885066986; 
179; 0.23896420001983643; -0.8604395985603333; -0.5674647688865662; -0.750842809677124; 0.380435973405838; -0.4142172038555145; 
158; 0.026841849088668823; -0.6602854132652283; -0.3345259130001068; -0.8274335861206055; 0.4898991286754608; -0.08183920383453369; 
138; 0.13081228733062744; -1.2600477933883667; -0.7500281929969788; -1.0647326707839966; 0.7965875864028931; -0.2718554735183716; 
140; -0.025127828121185303; -1.2525992393493652; -1.1625218391418457; -0.9372498393058777; 1.0660322904586792; -0.35321852564811707; 
141; 0.06978106498718262; -0.8117889165878296; -0.5319467186927795; -0.6607816219329834; 0.8384531140327454; -0.44925859570503235; 
191; 0.11079037189483643; -1.2376974821090698; -0.6433194875717163; -1.222226619720459; 0.7569847106933594; -0.5087065100669861; 
177; -0.5526947975158691; -1.3987464904785156; -0.8989371657371521; -0.9279311299324036; 0.46343156695365906; -0.04645982384681702; 
249; -0.15359127521514893; -2.280266046524048; -1.1575615406036377; -1.1958826780319214; 0.7527782320976257; -0.40114206075668335; 
242; -0.01026451587677002; -1.5269267559051514; -0.42890334129333496; -1.0491876602172852; 0.6931167244911194; -0.5658616423606873; 
280; 0.3990723490715027; -1.2915493249893188; -0.8403798341751099; -0.880935549736023; 0.7394784688949585; -0.24736852943897247; 
222; 0.03868567943572998; -1.322117805480957; -0.4708109498023987; -1.120686411857605; 0.7321767807006836; -0.4774980843067169; 
219; 0.4385591745376587; -0.656969428062439; -1.0651421546936035; -0.8414075374603271; 0.8807767629623413; -0.09730415046215057; 
223; 0.28113532066345215; -1.5909678936004639; -0.39262184500694275; -0.8026862740516663; 0.43650275468826294; -0.357788622379303; 
281; 0.2258368730545044; -1.4527649879455566; -0.46021512150764465; -1.421576976776123; 1.0910941362380981; -0.3293895125389099; 
238; 0.3153412342071533; -0.35749465227127075; -0.659954309463501; -1.1732301712036133; 0.7008672952651978; -0.404385507106781; 
279; -0.4245014488697052; -1.6981709003448486; -0.6583907604217529; -1.049106240272522; 0.6757811307907104; -0.36491334438323975; 
282; -0.22217604517936707; -1.2117609977722168; -0.815163791179657; -1.188083529472351; 0.6947835683822632; -0.10026542842388153; 
217; -0.2835599184036255; -0.9388312697410583; -0.2726636528968811; -0.7619755268096924; 0.5153286457061768; -0.3431062698364258; 
251; 0.11295139789581299; -1.2766696214675903; -1.462287425994873; -0.8274815082550049; 0.6702991724014282; -0.41166675090789795; 
218; 0.16942614316940308; -0.058267295360565186; -0.3944064676761627; -0.9691184163093567; 0.8492045402526855; -0.42260855436325073; 
202; -0.591110348701477; -1.8831881284713745; -0.38383084535598755; -0.9305261373519897; 0.6745038032531738; -0.21437951922416687; 
205; -0.00014656782150268555; -0.7634268999099731; -0.18313390016555786; -1.0459578037261963; 0.3447437286376953; -0.5578449368476868; 
215; 0.6750742197036743; -1.2345495223999023; -1.0968451499938965; -1.050207257270813; 0.7646195888519287; -0.4743170738220215; 
241; 0.18151599168777466; -1.620876669883728; -0.411268949508667; -1.1137646436691284; 0.7618701457977295; -0.416278600692749; 
248; 0.05053824186325073; -0.9821591377258301; -0.8135194778442383; -0.9536849856376648; 0.5358145833015442; -0.19982179999351501; 
266; 0.4540244936943054; -0.9413844347000122; -0.5379460453987122; -0.7830982208251953; 0.6380281448364258; -0.28211697936058044; 
250; 0.2073068618774414; -0.14901775121688843; -0.1900162398815155; -0.8757141828536987; 0.7885032892227173; -0.491751492023468; 
234; 0.27097654342651367; -2.0655972957611084; -0.6958740949630737; -1.318835735321045; 0.509568452835083; -0.30125153064727783; 
245; -0.17447203397750854; -1.9252848625183105; -0.8302660584449768; -1.181226134300232; 0.49417945742607117; -0.22825396060943604; 
212; 0.0438610315322876; -0.9806434512138367; -0.8272108435630798; -1.0808590650558472; 0.6465310454368591; -0.4747454822063446; 
207; -0.012153446674346924; -0.436553955078125; -0.26838022470474243; -1.0612914562225342; 0.9014692306518555; -0.376041054725647; 
214; 0.3919045329093933; -1.8020226955413818; -0.7339323163032532; -0.5807549953460693; 0.6807231307029724; -0.26899969577789307; 
260; 0.13468331098556519; -1.0528709888458252; -0.6198282837867737; -0.9668858647346497; 0.8144382834434509; -0.2851596474647522; 
203; -0.4200759828090668; -1.5841684341430664; -0.9234794974327087; -1.0950971841812134; 0.6999355554580688; -0.4892653524875641; 
206; -0.4468700885772705; -2.184568166732788; -0.6771849989891052; -1.0463742017745972; 1.0187528133392334; -0.26678866147994995; 
265; 0.011234879493713379; -1.2094558477401733; -1.5675079822540283; -1.2246731519699097; 0.5753098726272583; -0.3335942327976227; 
252; 0.3474581837654114; -1.3106274604797363; -0.5565981268882751; -0.8406422138214111; 0.9861567616462708; -0.1171584278345108; 
216; -0.11785072088241577; -1.6098723411560059; -0.6225401163101196; -0.921822190284729; 1.039257526397705; -0.5772950649261475; 
239; 0.16285395622253418; -0.9484611749649048; -1.3847041130065918; -0.8069806098937988; 0.5781254768371582; -0.4763658344745636; 
231; 0.21458470821380615; -1.420365810394287; -1.107001781463623; -1.0576694011688232; 0.812590479850769; -0.3328320384025574; 
230; 0.5973495244979858; -1.8125085830688477; -0.13935762643814087; -1.1856968402862549; 0.6590968370437622; -0.526891827583313; 
232; -0.37727177143096924; -1.5827317237854004; -1.2697386741638184; -1.356685996055603; 0.7109107971191406; -0.2956497073173523; 
244; 0.5875151753425598; -1.2585663795471191; -0.8281436562538147; -0.9430698156356812; 0.7381579875946045; -0.3163330554962158; 
228; 0.03139194846153259; -1.15766441822052; -1.197029948234558; -0.7757984399795532; 0.8021802306175232; -0.0766591727733612; 
233; 0.2441082000732422; -2.578054904937744; -0.2749767303466797; -1.02811861038208; 0.8086289167404175; -0.28675150871276855; 
267; 0.058173418045043945; -0.9158465266227722; -0.6143123507499695; -0.8968669176101685; 0.8439685106277466; -0.06671261787414551; 
229; 0.41277816891670227; -1.480760097503662; -0.4123989939689636; -0.717531144618988; 0.6961169242858887; -0.23528409004211426; 
276; -0.0490497350692749; -1.3772004842758179; -0.799168050289154; -1.1311925649642944; 0.6878137588500977; -0.7223900556564331; 
204; 0.03455030918121338; -1.7211401462554932; -0.32740652561187744; -0.8715983629226685; 0.3961045444011688; -0.03980804979801178; 
246; 0.7197881937026978; -0.4700044095516205; -0.39912283420562744; -0.6768213510513306; 0.5499353408813477; -0.2780364751815796; 
278; -0.08913025259971619; -1.2700282335281372; -0.0071465373039245605; -0.8380075693130493; 0.5593612194061279; -0.48038166761398315; 
236; -0.23628950119018555; -1.233862042427063; -0.6282772421836853; -0.8522338271141052; 0.7906343936920166; -0.20669083297252655; 
274; 0.6461776494979858; -1.487044095993042; -1.3753268718719482; -0.7572482228279114; 0.7090319395065308; -0.22056381404399872; 
225; -0.6501444578170776; -1.886584997177124; -0.8060747385025024; -1.0736334323883057; 0.6455938220024109; -0.15929731726646423; 
247; -0.1345723271369934; -1.4079279899597168; -0.5047470927238464; -1.144047498703003; 0.5036624073982239; -0.3495543897151947; 
227; 0.08983832597732544; -1.5156841278076172; -0.36028748750686646; -0.8879795074462891; 0.6808075308799744; -0.2301248461008072; 
296; 0.011853158473968506; -1.6261366605758667; -1.1856884956359863; -0.9614226818084717; 0.7636013031005859; -0.3702903091907501; 
270; 0.36713671684265137; -0.8487419486045837; -0.7787357568740845; -0.7640023827552795; 0.819061815738678; -0.1742226779460907; 
277; 0.38769280910491943; -1.1727319955825806; -0.508284330368042; -0.8467599153518677; 0.637919545173645; -0.3155798316001892; 
297; 0.15731006860733032; -1.9734721183776855; -1.0137755870819092; -1.1375577449798584; 0.7942880392074585; -0.3833308219909668; 
275; 0.10315823554992676; -1.3399022817611694; -0.577342689037323; -1.017809510231018; 0.8230173587799072; -0.33398911356925964; 
224; 0.29468870162963867; -1.3928687572479248; -0.7100077867507935; -0.9669623374938965; 0.8971933126449585; 0.0166471004486084; 
289; -0.4856772720813751; -1.0658594369888306; -1.1413978338241577; -1.0046801567077637; 0.5117800235748291; -0.3581869304180145; 
258; 0.9974358081817627; -1.9536852836608887; -0.25312989950180054; -1.0026054382324219; 0.8157193064689636; -0.4960823655128479; 
273; 0.34648728370666504; -0.7912338376045227; -1.047774076461792; -0.9994820952415466; 0.897649884223938; -0.5725391507148743; 
271; -0.2335096001625061; -1.4565495252609253; -1.5209938287734985; -0.8604006767272949; 0.8545917272567749; -0.1077243834733963; 
259; 0.23130863904953003; -1.099717378616333; -0.6621343493461609; -1.0524145364761353; 0.6723309755325317; -0.31236520409584045; 
292; 0.08037596940994263; -1.425499677658081; -1.1430678367614746; -1.3166017532348633; 0.6988952159881592; -0.39223724603652954; 
237; 0.2709023952484131; -1.4931011199951172; -0.9288424849510193; -0.9138514399528503; 0.651789665222168; -0.531980574131012; 
226; 0.3985530734062195; -0.8745861053466797; -0.8333009481430054; -1.3782236576080322; 0.6712438464164734; -0.20819805562496185; 
257; 0.22671091556549072; -1.6160738468170166; -1.4568376541137695; -1.0645661354064941; 0.5303853750228882; -0.5235748887062073; 
272; -0.35789909958839417; -1.2934528589248657; -0.618301510810852; -1.0247164964675903; 0.9051932096481323; -0.13470986485481262; 
288; 0.18648803234100342; -1.0444519519805908; -0.6766320466995239; -1.061889410018921; 1.032783031463623; -0.2526058852672577; 
208; -0.40077918767929077; -2.0642669200897217; -1.3214542865753174; -1.2367016077041626; 0.400628924369812; -0.3564204275608063; 
287; 0.598979115486145; -1.2607955932617188; -1.4557373523712158; -0.978265643119812; 0.715979814529419; -0.5153955221176147; 
285; 0.03705489635467529; -1.169409990310669; -1.0845240354537964; -0.8724084496498108; 0.43458297848701477; -0.13738995790481567; 
290; 0.04902806878089905; -0.9203935861587524; -0.057656437158584595; -0.7774907350540161; 0.8058777451515198; -0.4183664321899414; 
262; 0.27016931772232056; -0.7394330501556396; -0.06905901432037354; -0.8265525102615356; 0.7776075601577759; -0.330669641494751; 
295; -0.2199467420578003; -1.0887490510940552; -0.9757823348045349; -0.9226276278495789; 0.5943229794502258; -0.4348514974117279; 
286; 0.5906221270561218; -0.9225826263427734; -0.7990585565567017; -0.9834479689598083; 0.8631654977798462; -0.2886647582054138; 
213; -0.0735965371131897; -1.5275884866714478; -1.2157255411148071; -1.1152253150939941; 0.5347520709037781; -0.27118349075317383; 
254; -0.07208859920501709; -1.4655280113220215; -0.7820282578468323; -0.98061203956604; 0.6631121635437012; -0.3067564368247986; 
200; 0.6769058108329773; -1.6779820919036865; -1.456660270690918; -1.034109354019165; 0.5499890446662903; -0.272228866815567; 
; 
291; 0.1306418776512146; -1.8420782089233398; -0.03808861970901489; -1.0836155414581299; 0.8474500179290771; -0.3849211633205414; 
221; 0.16221070289611816; -0.781755805015564; -0.7493568062782288; -0.9861381649971008; 0.6796228885650635; -0.3355133533477783; 
255; -0.20298916101455688; -1.9977511167526245; -1.281859040260315; -1.114821195602417; 0.7607150077819824; -0.2911430895328522; 
253; -0.5102261304855347; -2.0684218406677246; -0.7810595631599426; -1.0779733657836914; 0.8538024425506592; -0.09248948097229004; 
264; 0.4290112853050232; -1.1475238800048828; -0.3829522132873535; -1.112365484237671; 0.4461985230445862; -0.49425214529037476; 
284; 0.12370014190673828; -1.0277882814407349; -1.391336441040039; -0.839490532875061; 0.49297261238098145; -0.39315128326416016; 
243; 0.10007798671722412; -1.5668797492980957; -0.5480266213417053; -1.4080414772033691; 0.5720789432525635; -0.592524528503418; 
235; 0.9295799732208252; -1.0317798852920532; -1.4226524829864502; -0.9389609098434448; 0.9467306733131409; -0.3853131830692291; 
298; 0.42870789766311646; -1.090139627456665; -1.0448870658874512; -0.9543348550796509; 0.765799343585968; -0.38112324476242065; 
201; 0.15039759874343872; -1.901295781135559; -0.8964860439300537; -1.1378024816513062; 0.9697244167327881; -0.2631789743900299; 
240; 0.43213629722595215; -0.986706554889679; -0.6352924704551697; -0.945761501789093; 0.5385465621948242; -0.3147783577442169; 
268; 0.09540039300918579; -1.193650722503662; -1.2588454484939575; -0.8289999961853027; 0.7578332424163818; 0.013088658452033997; 
283; 0.09674257040023804; -0.3997120261192322; -0.7580908536911011; -1.1066726446151733; 0.9967653155326843; -0.18068917095661163; 
209; 0.14324551820755005; -1.2512273788452148; -0.8443633913993835; -0.8223680257797241; 0.6093382835388184; -0.4029116630554199; 
294; 0.601492702960968; -0.8514458537101746; -0.7923909425735474; -1.041709065437317; 0.6948282122612; -0.39563292264938354; 
211; -0.014843344688415527; -1.4446628093719482; -1.7527694702148438; -1.055591106414795; 0.7462338209152222; -0.43602538108825684; 
263; -0.07508492469787598; -0.8959155678749084; -0.9128054976463318; -0.9365914463996887; 0.42227670550346375; 0.1554318070411682; 
256; 0.6247842907905579; -1.7929298877716064; -1.2282283306121826; -1.221949577331543; 0.4850867986679077; -0.04398670792579651; 
269; 0.35545653104782104; -1.098186731338501; -0.31940656900405884; -0.7092171907424927; 0.9165313839912415; -0.3779810965061188; 
210; 0.38238558173179626; -1.166640281677246; -0.6796635389328003; -0.9420416355133057; 0.5984358191490173; 0.24387313425540924; 
261; 0.15263289213180542; -1.0384540557861328; -1.035759449005127; -0.9735205173492432; 0.6631356477737427; -0.14268997311592102; 
293; 0.33823657035827637; -1.07904851436615; -0.4915498197078705; -0.9927564859390259; 0.48265013098716736; -0.18831729888916016; 
299; -0.4974762499332428; -0.7133005857467651; -0.2142009735107422; -1.1042336225509644; 0.9615294933319092; -0.2789965569972992; 
354; 0.42717450857162476; -0.9417044520378113; -0.01673603057861328; -0.707040548324585; 0.7802647352218628; 0.05170126259326935; 
316; -0.04207757115364075; -2.127190351486206; -0.792863130569458; -1.1082077026367188; 0.6458567976951599; 0.03167340159416199; 
304; 0.3926793932914734; -0.8890239596366882; -0.2907412052154541; -1.3582695722579956; 0.5123515129089355; -0.3447200059890747; 
302; -0.24792778491973877; -1.5443925857543945; -1.1431968212127686; -1.0567890405654907; 0.6904386281967163; -0.49635040760040283; 
353; -0.23766428232192993; -1.3766064643859863; -0.827502965927124; -1.240598201751709; 0.6631506681442261; -0.11279258131980896; 
305; 0.4784962832927704; -0.8030941486358643; -0.9556937217712402; -0.8449646234512329; 0.6724621057510376; -0.46058106422424316; 
337; -0.338642418384552; -1.0252647399902344; -0.644440233707428; -0.9493274688720703; 0.45963990688323975; -0.6314564943313599; 
385; 0.10427522659301758; -1.3111662864685059; -1.063394546508789; -0.8669567704200745; 0.3031192123889923; -0.17066657543182373; 
384; -0.1754436194896698; -1.4136403799057007; -0.9634890556335449; -1.2105188369750977; 0.7742223143577576; -0.1865653544664383; 
301; 0.26826852560043335; -1.5397460460662842; -0.6361470222473145; -0.9886629581451416; 0.7229318618774414; -0.32029473781585693; 
320; 0.4683077931404114; -1.3961693048477173; -0.6603871583938599; -0.8850188255310059; 0.8183346390724182; -0.38388505578041077; 
322; -0.27605679631233215; -1.1373460292816162; -0.42195314168930054; -1.017883539199829; 0.583890438079834; -0.4670616388320923; 
321; -0.021436095237731934; -1.2567064762115479; -0.44165855646133423; -0.9843851327896118; 0.9454641342163086; -0.5760327577590942; 
386; 0.25927844643592834; -1.6214559078216553; -0.8811834454536438; -0.7975041270256042; 0.57439124584198; -0.23733878135681152; 
387; -0.23632138967514038; -1.7967960834503174; -0.4090162515640259; -0.8854327201843262; 0.7543412446975708; -0.42209601402282715; 
309; -0.10004305839538574; -1.2310701608657837; -0.5875065922737122; -0.9633138179779053; 0.8354005813598633; -0.3979284167289734; 
326; -0.025952696800231934; -1.307302474975586; -1.2201762199401855; -1.0293738842010498; 0.5290992856025696; -0.19648024439811707; 
383; -0.28236618638038635; -1.3401387929916382; -0.8728083372116089; -1.0393273830413818; 1.0080375671386719; -0.2596319615840912; 
311; 0.5338380336761475; -0.9975844025611877; -1.4702692031860352; -0.7843403816223145; 0.8016821146011353; 0.031877994537353516; 
303; 0.30492961406707764; -1.1516989469528198; -0.5745227336883545; -1.0732042789459229; 0.6511709690093994; -0.07440492510795593; 
310; 0.6162403225898743; -2.2983174324035645; -0.7183761596679688; -1.066300392150879; 0.7174478769302368; -0.37253913283348083; 
339; 0.5868145823478699; -1.009424090385437; 0.02445542812347412; -0.8835829496383667; 0.8316038846969604; -0.206597238779068; 
318; 0.19269099831581116; -1.041541337966919; -0.19950184226036072; -1.0182782411575317; 0.8860377073287964; 0.012695714831352234; 
325; 0.09631705284118652; -1.0119754076004028; -1.8287646770477295; -0.9980672597885132; 0.6579725742340088; -0.3101843297481537; 
390; 0.22185856103897095; -1.1805098056793213; -0.8709278106689453; -1.4537549018859863; 0.827533483505249; -0.7247524857521057; 
338; 0.4417123794555664; -1.69370698928833; -0.29916518926620483; -1.0944050550460815; 1.0179065465927124; -0.13294020295143127; 
399; -0.2654106616973877; -1.1383212804794312; -0.7784464955329895; -1.0094071626663208; 0.4574555456638336; -0.1444512903690338; 
307; 0.16211020946502686; -1.8910131454467773; -1.7231630086898804; -0.8048493266105652; 0.7202001214027405; -0.45129016041755676; 
323; -0.16400593519210815; -0.8672964572906494; -0.27483952045440674; -0.8884590864181519; 0.9253125190734863; -0.2199370265007019; 
335; -0.17414039373397827; -1.823689341545105; -0.4026576280593872; -1.1617636680603027; 0.6567381620407104; -0.49725332856178284; 
382; 0.05264347791671753; -1.673961877822876; -0.9307950735092163; -1.0865874290466309; 0.46391406655311584; -0.18996977806091309; 
334; 0.6909869909286499; -1.2386497259140015; -0.8280688524246216; -1.0585317611694336; 0.6309589743614197; -0.31793901324272156; 
368; -0.4060000777244568; -1.6407344341278076; -1.5527098178863525; -1.057915210723877; 0.6790809631347656; -0.4190191626548767; 
355; 0.22886884212493896; -1.3335034847259521; -1.1554490327835083; -1.270906686782837; 0.6498194932937622; -0.32261887192726135; 
331; -0.23061060905456543; -0.5754048824310303; -0.1509394645690918; -1.402207374572754; 0.7616097927093506; -0.4341762661933899; 
356; 0.33690425753593445; -0.5038679838180542; -0.2655116617679596; -0.9682815074920654; 1.0441206693649292; 0.03469797968864441; 
333; -0.2867300510406494; -1.7400689125061035; -0.5739660263061523; -0.8264521360397339; 0.8225127458572388; -0.24638967216014862; 
360; -0.0015792250633239746; -1.3779234886169434; -1.0802980661392212; -1.1426187753677368; 0.6753976345062256; -0.25153690576553345; 
364; 0.2750004529953003; -1.1235179901123047; -0.5344799160957336; -0.9275621175765991; 0.7191351652145386; -0.27013903856277466; 
362; 0.06385397911071777; -1.3638429641723633; -1.0033529996871948; -1.1525686979293823; 0.5168701410293579; -0.17794907093048096; 
373; 0.2131785750389099; -1.9150846004486084; -0.9957792162895203; -0.8619744777679443; 0.6492595076560974; -0.4018476605415344; 
361; 0.22354823350906372; -1.44895601272583; -0.05837556719779968; -0.9304051399230957; 0.9029490351676941; -0.2827070951461792; 
340; 0.3739215135574341; -0.7876111268997192; -0.5397836565971375; -1.0767905712127686; 0.5851370096206665; -0.3936016261577606; 
314; 0.5711362361907959; -1.7552688121795654; -1.5973789691925049; -0.762832522392273; 0.5463241338729858; -0.16735215485095978; 
374; 0.3788852393627167; -0.7649028301239014; -0.38592350482940674; -0.9338684678077698; 0.5735682249069214; -0.11827822029590607; 
351; 0.270675390958786; -1.4244745969772339; -0.8126773834228516; -0.8133841753005981; 0.9610012173652649; -0.4561266601085663; 
398; -0.09341949224472046; -2.0181424617767334; -0.6746323108673096; -0.7997331023216248; 0.8438936471939087; -0.2977277636528015; 
380; -0.6343618035316467; -1.252323865890503; -0.5423453450202942; -1.1736961603164673; 0.7964757680892944; -0.19643643498420715; 
329; 0.579627275466919; -1.6318140029907227; -1.430615782737732; -0.9234005808830261; 0.6113110780715942; -0.6726446747779846; 
300; 0.7187020182609558; -0.9862538576126099; -0.5246227979660034; -1.0451723337173462; 0.5173410773277283; -0.23093441128730774; 
357; 0.02970707416534424; -1.0155370235443115; -1.3828420639038086; -1.2194037437438965; 0.7441883683204651; -0.19430135190486908; 
396; 0.21222329139709473; -2.2947750091552734; -1.3824876546859741; -1.3153116703033447; 0.39256417751312256; -0.1436123549938202; 
391; 0.11877262592315674; -1.7231061458587646; -1.0858508348464966; -1.3617448806762695; 0.573196291923523; -0.25174015760421753; 
327; 0.17809605598449707; -1.5731077194213867; -0.6469101905822754; -1.0402145385742188; 0.7470960021018982; -0.3228554427623749; 
369; -0.8664914965629578; -1.63914155960083; -0.6107566952705383; -1.2898290157318115; 0.7308408617973328; -0.30950281023979187; 
388; 0.34067368507385254; -0.37083935737609863; -0.7086657881736755; -1.0871503353118896; 0.7805711627006531; -0.2875991761684418; 
367; 0.591062605381012; -1.0235494375228882; -0.8830353617668152; -0.9396713972091675; 0.4322022795677185; -0.4595382809638977; 
330; 0.5699148774147034; -1.559995174407959; -0.3682405352592468; -0.985340416431427; 0.4909731447696686; -0.19238123297691345; 
324; 0.41924548149108887; -0.4824995994567871; -0.7932448983192444; -1.0007792711257935; 0.6297506093978882; -0.3508775234222412; 
352; 0.750339150428772; -0.8395203948020935; -0.5684497952461243; -1.1143547296524048; 0.8741491436958313; -0.3007342517375946; 
371; 0.14359259605407715; -0.617568850517273; -0.539055585861206; -0.7672915458679199; 0.9308562278747559; -0.2011493742465973; 
393; 0.33868759870529175; -0.8262046575546265; -0.1321621835231781; -1.5387241840362549; 0.6697407960891724; -0.4760521650314331; 
336; -0.10280144214630127; -1.7514582872390747; -0.6535557508468628; -0.8828465938568115; 0.48300257325172424; -0.30065464973449707; 
348; 0.17869281768798828; -1.8910131454467773; -0.7225486636161804; -1.33847975730896; 0.7068976759910583; -0.353580117225647; 
394; 0.1901787519454956; -2.267305374145508; -0.7980775833129883; -1.3260598182678223; 0.9023088216781616; -0.4040529429912567; 
328; -0.1807822287082672; -0.8634303212165833; -0.7691699266433716; -0.8713036775588989; 0.6551324725151062; -0.20463740825653076; 
350; 0.32299232482910156; -1.2830655574798584; -0.9318322539329529; -1.003947377204895; 0.6054118871688843; -0.14377683401107788; 
332; -0.04479420185089111; -1.150858998298645; -1.0646240711212158; -1.1761900186538696; 0.500951886177063; -0.1554446816444397; 
346; 0.03005838394165039; -0.9768141508102417; -0.625200629234314; -0.9614624977111816; 0.9246439933776855; -0.16045846045017242; 
 
349; -1.547756552696228; -1.713660717010498; -0.9910099506378174; -1.1596797704696655; 0.5472010374069214; -0.4708740711212158; 
347; -0.3177638649940491; -1.1336636543273926; -1.485192060470581; -1.048047423362732; 0.5849454402923584; -0.6983939409255981; 
366; 0.011440813541412354; -2.446366310119629; -0.9449204802513123; -1.0062614679336548; 0.7268452644348145; -0.18384146690368652; 
392; 0.3248968720436096; -1.2374382019042969; -0.39057934284210205; -1.0716125965118408; 0.6858803033828735; -0.48855069279670715; 
359; -0.09797614812850952; -1.333381175994873; -1.155151128768921; -0.9676113128662109; 0.8531187772750854; -0.30824488401412964; 
379; 0.634392261505127; -2.3432984352111816; -1.1168882846832275; -0.8568066358566284; 0.6645306348800659; -0.3393574357032776; 
381; 0.08830636739730835; -1.7539126873016357; -0.8779562711715698; -0.7894476652145386; 0.8865248560905457; -0.34766197204589844; 
306; 0.26564139127731323; -0.9482448101043701; -1.9211935997009277; -1.0768039226531982; 0.72380131483078; -0.3754398226737976; 
397; 0.24549704790115356; -0.9695336818695068; -1.2752447128295898; -1.133967399597168; 0.5206973552703857; -0.35181567072868347; 
344; 0.06945115327835083; -2.0721189975738525; -1.0261462926864624; -0.9715034365653992; 0.7536452412605286; -0.131719708442688; 
342; -0.13802537322044373; -0.7595218420028687; -1.0726542472839355; -1.0823420286178589; 0.853591799736023; -0.26241376996040344; 
389; 0.15184015035629272; -2.2074105739593506; -0.5223773717880249; -1.1032415628433228; 0.4746089577674866; -0.28370147943496704; 
358; 0.19480401277542114; -1.5428853034973145; -0.4290677607059479; -1.1772221326828003; 0.7236432433128357; -0.6239999532699585; 
395; 0.10929179191589355; -1.6279499530792236; -1.3575308322906494; -0.9213886857032776; 0.7444078922271729; -0.221156507730484; 
319; -0.1774231195449829; -1.1251786947250366; -0.8886069059371948; -1.176755666732788; 0.5087498426437378; -0.15041539072990417; 
365; 0.006773710250854492; -1.0443522930145264; -1.5642881393432617; -1.0554909706115723; 0.5386852622032166; -0.20984596014022827; 
308; 0.7278857827186584; -2.5028200149536133; -1.3934061527252197; -1.309474229812622; 0.3712184429168701; -0.07048021256923676; 
315; 0.1398223638534546; -1.559352159500122; -0.004223465919494629; -1.117157220840454; 0.8787750601768494; -0.15755069255828857; 
363; 0.24390995502471924; -1.0865468978881836; -0.5237845778465271; -0.8009131550788879; 0.8264800906181335; -0.2503090500831604; 
312; -0.2722461521625519; -1.041152000427246; -1.0489840507507324; -0.7915927171707153; 0.6524447202682495; -0.16830302774906158; 
376; -0.15900588035583496; -1.5503404140472412; -0.6226803660392761; -1.2824052572250366; 0.49984681606292725; -0.629152238368988; 
341; -0.241166889667511; -1.7569185495376587; -0.3240327835083008; -0.9237702488899231; 0.5888922214508057; -0.23523932695388794; 
317; 0.2032320499420166; -1.0765832662582397; -1.123193383216858; -0.808014452457428; 0.8362461924552917; 0.0932123214006424; 
377; -0.33961930871009827; -2.189546823501587; -0.4473147690296173; -0.8201398253440857; 0.5883035063743591; -0.22008968889713287; 
378; 0.12566900253295898; -1.4908866882324219; -0.7689014673233032; -0.9974798560142517; 0.7961775064468384; -0.3622576594352722; 
370; -0.16996055841445923; -0.7880585789680481; -1.0186755657196045; -0.7937567830085754; 0.6835312247276306; -0.19063282012939453; 
313; 0.25196218490600586; -0.5543256998062134; -1.3045291900634766; -0.9468469023704529; 0.8440532684326172; -0.04405733942985535; 
343; 0.28499603271484375; -1.297707438468933; -1.1993601322174072; -0.9898468255996704; 0.8091199398040771; -0.36488887667655945; 
375; 0.0980398952960968; -0.7054436802864075; -1.2101446390151978; -0.8849202990531921; 0.6742507219314575; 0.08830928802490234; 
345; 0.23711398243904114; -1.1357535123825073; -0.2691267728805542; -0.8022599220275879; 0.8932052850723267; -0.33465224504470825; 
420; 0.7634530663490295; -1.0890520811080933; -1.0993601083755493; -1.0330557823181152; 0.38833555579185486; -0.5581387281417847; 
403; -0.014166712760925293; -1.0453310012817383; -1.3658559322357178; -1.123213529586792; 0.8410685062408447; -0.4082002639770508; 
400; -0.44390660524368286; -1.3362538814544678; -0.8851473927497864; -1.0249598026275635; 0.6474117040634155; -0.0812784880399704; 
401; -0.30230283737182617; -1.4908795356750488; -1.1165308952331543; -0.8815036416053772; 0.6358418464660645; -0.1743769645690918; 
433; 0.2660823464393616; -0.71425861120224; -1.007196307182312; -1.155633807182312; 0.6628221273422241; -0.10205113887786865; 
402; 0.1291399598121643; -1.4388296604156494; -1.5014629364013672; -1.2250714302062988; 0.7191327810287476; -0.34104809165000916; 
424; 0.4593965709209442; -0.9153109788894653; -0.9691256284713745; -0.7147971391677856; 0.5727121233940125; -0.4875083863735199; 
422; 0.20749008655548096; -1.185335397720337; -1.2773703336715698; -1.1147058010101318; 0.6573858261108398; -0.26600196957588196; 
423; 0.10271883010864258; -0.910779595375061; -1.1470625400543213; -0.9225315451622009; 0.6119003295898438; -0.06230005621910095; 
404; 0.3602566719055176; -1.8814036846160889; -1.343662142753601; -1.183902382850647; 0.6957071423530579; -0.5140485763549805; 
409; -0.32833483815193176; -1.7839446067810059; -1.7067317962646484; -0.9381012320518494; 0.8614084720611572; -0.30741503834724426; 
453; 0.31036436557769775; -1.183052897453308; -0.2711736261844635; -0.8863869309425354; 0.5183941721916199; -0.5181708931922913; 
419; 0.08010393381118774; -1.0716807842254639; -0.4732740521430969; -0.9877317547798157; 0.9124865531921387; -0.3619142770767212; 
407; 0.4586244523525238; -0.6608359813690186; -0.3959433436393738; -0.7706648111343384; 0.8886867761611938; -0.485557496547699; 
421; 0.13085603713989258; -0.9052979350090027; -1.2337403297424316; -0.9753463268280029; 0.8842763900756836; -0.5155031085014343; 
408; 0.039447665214538574; -2.256892681121826; -0.776584267616272; -1.0875003337860107; 0.812371015548706; -0.05563965439796448; 
446; -0.12749361991882324; -1.5696964263916016; -0.9266314506530762; -1.045277714729309; 0.5743577480316162; -0.17898492515087128; 
405; 0.41837894916534424; -2.06709885597229; -0.44031527638435364; -1.0303765535354614; 1.003594160079956; -0.324299156665802; 
411; 0.25183653831481934; -0.9249323010444641; -1.0697548389434814; -1.3884754180908203; 0.622505784034729; -0.3498939573764801; 
410; -0.38047027587890625; -1.3451637029647827; -1.36896812915802; -1.0698432922363281; 0.5559484958648682; -0.2508999705314636; 
412; 0.30043065547943115; -1.4338710308074951; -1.2293517589569092; -1.0036098957061768; 0.742211103439331; -0.3944486677646637; 
476; -0.14037123322486877; -1.75278639793396; -0.5321332812309265; -0.9856568574905396; 0.6938086748123169; -0.19599206745624542; 
498; 0.018928229808807373; -1.4866385459899902; -0.9752679467201233; -1.0634732246398926; 0.7656264305114746; -0.3382408022880554; 
469; -0.3067564368247986; -1.1475164890289307; -0.844598650932312; -0.9026095867156982; 0.7130396962165833; -0.47206419706344604; 
468; 0.1814131736755371; -1.6393532752990723; -0.13833481073379517; -0.7052682042121887; 0.8427058458328247; -0.1606760174036026; 
475; -0.11924093961715698; -1.8053655624389648; -1.1426445245742798; -0.8715721368789673; 0.823523998260498; -0.07189930975437164; 
406; 0.9208391904830933; -0.9856761693954468; -0.3314608037471771; -0.8966926336288452; 1.0023484230041504; -0.251310259103775; 
494; 0.001365065574645996; -0.8310388326644897; -1.268695592880249; -0.961272120475769; 0.6326428651809692; -0.11236259341239929; 
478; 0.35601675510406494; -1.3173091411590576; -0.9929893612861633; -1.0519390106201172; 0.660559892654419; -0.13924233615398407; 
454; -0.26164156198501587; -1.3407574892044067; -1.17178213596344; -0.9436100721359253; 0.6619735956192017; -0.45054882764816284; 
449; -0.11727476119995117; -1.2167694568634033; -0.7035806179046631; -0.8646062612533569; 0.6514350175857544; -0.15009969472885132; 
472; -0.4987312853336334; -1.8308594226837158; -1.457237958908081; -0.8681732416152954; 0.729958176612854; -0.38139408826828003; 
460; -0.7018492221832275; -1.321303129196167; -0.7363457083702087; -0.8674606084823608; 0.6284565329551697; -0.21266913414001465; 
459; 0.13408112525939941; -1.3491992950439453; -1.012832760810852; -1.0508896112442017; 1.0936415195465088; -0.3214324116706848; 
455; 0.09237867593765259; -1.3385707139968872; -0.47673332691192627; -1.1491864919662476; 0.9940961599349976; -0.432422935962677; 
495; 0.28126001358032227; -0.49533066153526306; -0.03529447317123413; -0.9237592816352844; 0.5972404479980469; -0.30710217356681824; 
471; 0.08027702569961548; -1.977400302886963; -0.9162204265594482; -0.8957715630531311; 0.8085283041000366; -0.16961565613746643; 
470; 0.05808877944946289; -1.5492849349975586; -0.8453083634376526; -0.9158298969268799; 0.40217864513397217; -0.39774495363235474; 
447; -0.0029804110527038574; -0.4828243553638458; -0.7428004741668701; -1.2484325170516968; 0.5687417387962341; -0.3665919005870819; 
467; -0.4696958065032959; -1.5976356267929077; -0.6264889240264893; -1.2181934118270874; 0.6636000871658325; -0.2839888036251068; 
428; -0.20053696632385254; -1.1260093450546265; -1.3564385175704956; -0.741851806640625; 0.7169954180717468; -0.18622465431690216; 
448; 0.10872918367385864; -1.7521535158157349; -0.7899432182312012; -0.9401006698608398; 0.9725058078765869; -0.399518758058548; 
474; -0.08087605237960815; -1.8460986614227295; -0.7389554977416992; -1.108125925064087; 0.8286226987838745; -0.365726113319397; 
473; 0.5056201815605164; -1.099491834640503; -0.8308005332946777; -1.0788213014602661; 0.6478345394134521; -0.34022092819213867; 
488; 0.3215697407722473; -1.1907442808151245; -0.9394304156303406; -1.0590420961380005; 0.8552206754684448; -0.25991350412368774; 
462; 0.10996395349502563; -1.2518759965896606; -1.041462779045105; -1.1898411512374878; 0.693651556968689; -0.20779100060462952; 
427; 0.35831791162490845; -1.118103265762329; -0.59136962890625; -1.093043327331543; 0.7856235504150391; 0.12617377936840057; 
489; 0.3728553354740143; -1.6069467067718506; -0.6112438440322876; -0.8737990856170654; 0.6175854802131653; -0.17411808669567108; 
450; -0.6895716190338135; -1.6169517040252686; -0.5229584574699402; -1.0534498691558838; 0.2835714519023895; -0.30037444829940796; 
487; 0.0730283260345459; -1.411301851272583; -0.6102486252784729; -1.1000765562057495; 0.7688779830932617; -0.17934204638004303; 
482; 0.5653584003448486; -2.2709431648254395; -2.003314256668091; -0.9606692790985107; 0.8066680431365967; -0.0511598140001297; 
429; 0.2534290552139282; -0.43080833554267883; -0.6029466390609741; -1.069909691810608; 0.8307419419288635; 0.03952410817146301; 
456; -0.39191675186157227; -1.2931599617004395; -0.8225803971290588; -1.1487493515014648; 0.7320840358734131; -0.07918782532215118; 
413; 0.12890970706939697; -1.1378384828567505; -0.8615984916687012; -1.0945936441421509; 0.9427180290222168; -0.681438684463501; 
418; -0.42507585883140564; -1.2717162370681763; -0.812649130821228; -1.2352056503295898; 0.6665682792663574; -0.14374952018260956; 
416; -0.018459737300872803; -1.639022707939148; -0.7083991765975952; -1.271794319152832; 0.2501507103443146; -0.5116807818412781; 
438; 0.7180700898170471; -2.2457077503204346; -1.5908390283584595; -1.287268042564392; 0.9378308057785034; -0.4642821252346039; 
426; 0.057705044746398926; -1.4548426866531372; -0.8531808853149414; -1.0754196643829346; 0.8367037773132324; -0.2756505012512207; 
443; -0.008263945579528809; -1.6787103414535522; 0.08384844660758972; -0.8824872970581055; 0.7500211000442505; 0.02893933653831482; 
483; -0.6218313574790955; -1.4213850498199463; -0.38676542043685913; -1.0149931907653809; 0.6509510278701782; -0.37219977378845215; 
417; 0.5530585050582886; -1.5742850303649902; -1.0791443586349487; -1.0221160650253296; 0.7467297315597534; -0.37501662969589233; 
439; -0.23746663331985474; -1.5042598247528076; -1.0476937294006348; -1.23286771774292; 0.37546083331108093; -0.30965787172317505; 
491; 0.19428157806396484; -1.648764729499817; -1.0803450345993042; -1.1104528903961182; 0.7554832696914673; -0.3633115887641907; 
425; 0.2667640447616577; -1.261282205581665; -0.9332466721534729; -0.818449079990387; 0.9493177533149719; -0.5516589879989624; 
465; 0.20132207870483398; -1.4682334661483765; -0.5726473927497864; -1.1295127868652344; 0.8057356476783752; -0.2889441251754761; 
432; 0.1331968903541565; -1.3924999237060547; 0.07125324010848999; -0.9801034927368164; 0.7705169320106506; -0.3581139147281647; 
431; 0.09776151180267334; -0.9374253749847412; -0.4999796152114868; -0.9100310802459717; 0.9101318717002869; -0.12212264537811279; 
493; 0.4515759348869324; -1.5930311679840088; -0.6065906286239624; -0.8984876275062561; 0.5465618968009949; -0.2083742618560791; 
496; 0.6380537748336792; -0.9461275339126587; -0.905044436454773; -1.2640916109085083; 0.6331695318222046; -0.4212249219417572; 
461; 0.6119533181190491; -0.9143275022506714; -0.9755799770355225; -0.7874869108200073; 0.8192391395568848; -0.08272933959960938; 
430; -0.1410982608795166; -1.2606394290924072; -0.8237027525901794; -1.0723077058792114; 0.8006067276000977; -0.08142799139022827; 
466; -0.006919503211975098; -1.7486627101898193; -0.6226321458816528; -0.9068021774291992; 0.9544862508773804; -0.22530096769332886; 
437; 0.49656909704208374; -2.2111198902130127; -1.0686129331588745; -0.8715124130249023; 0.5037515163421631; -0.5191425681114197; 
481; -0.08515626192092896; -1.6692252159118652; -1.2704956531524658; -1.3457751274108887; 0.5205501317977905; -0.46887195110321045; 
490; -0.45141327381134033; -0.9135780930519104; -0.7870749235153198; -0.8569941520690918; 0.9300789833068848; -0.48195183277130127; 
492; 0.6405598521232605; -0.9528106451034546; -0.6860067844390869; -1.1048952341079712; 0.7829352617263794; -0.13328948616981506; 
463; 0.4999942481517792; -0.6534140110015869; -0.4433314800262451; -1.0956816673278809; 0.8091185092926025; -0.15321041643619537; 
451; 0.018639445304870605; -1.533557653427124; 0.00464785099029541; -1.092598795890808; 0.522944450378418; -0.31520748138427734; 
435; 0.7593388557434082; -1.9188032150268555; -0.3820110559463501; -0.8989914655685425; 0.6125973463058472; -0.0785626471042633; 
485; -0.2735725939273834; -1.2398078441619873; -0.8949869871139526; -1.0158560276031494; 0.7309579849243164; -0.44114136695861816; 
457; -0.4900248944759369; -1.103013038635254; -0.8862242698669434; -1.0978937149047852; 0.6545161008834839; -0.4752541184425354; 
436; 0.053538382053375244; -1.7560734748840332; -1.4900858402252197; -1.043077826499939; 0.5447584390640259; -0.45195505023002625; 
479; -0.12883561849594116; -1.9493587017059326; -0.5353030562400818; -1.0320130586624146; 0.5209424495697021; -0.2666028141975403; 
445; -0.41864144802093506; -1.132894515991211; 0.07811492681503296; -1.0408756732940674; 0.7991321086883545; -0.240554079413414; 
414; 0.3967742323875427; -0.6600505709648132; -0.27536869049072266; -0.922218918800354; 0.49346163868904114; -0.19432759284973145; 
440; 0.09333324432373047; -1.6963226795196533; -0.8765265941619873; -0.7549834251403809; 0.4984906017780304; -0.4119490385055542; 
444; 0.4675791561603546; -1.1860476732254028; -0.07342815399169922; -0.7002692818641663; 0.7944629192352295; -0.19786614179611206; 
477; 0.28053879737854004; -1.8248546123504639; -0.6573652029037476; -0.8689826726913452; 0.5278581380844116; -0.20567908883094788; 
441; -0.03576081991195679; -1.269830346107483; -0.36511051654815674; -1.0584447383880615; 0.842738151550293; -0.24758532643318176; 
442; -0.4312137961387634; -1.9494500160217285; 0.004590392112731934; -1.229188323020935; 0.6571564674377441; -0.26686251163482666; 
452; -0.010707557201385498; -1.2969446182250977; -0.7026755809783936; -1.0176441669464111; 0.7835180759429932; -0.15003260970115662; 
458; -0.08488643169403076; -1.1333460807800293; -0.7634562253952026; -1.1375614404678345; 0.5908982753753662; -0.36790212988853455; 
497; -0.5616270303726196; -1.6139003038406372; -1.1562786102294922; -0.8727605938911438; 0.6416751146316528; -0.5857628583908081; 
480; -0.0006418824195861816; -1.4908807277679443; -0.9449146389961243; -1.0163373947143555; 0.5759902000427246; -0.2569766044616699; 
434; -0.4079492688179016; -1.1802959442138672; -0.2740726172924042; -1.0543060302734375; 0.6461745500564575; -0.13545478880405426; 
415; 0.2127034068107605; -1.4734985828399658; -0.7286070585250854; -0.8824596405029297; 0.6952903270721436; -0.235306516289711; 
464; -0.28237104415893555; -1.4182507991790771; -0.9803345799446106; -1.122596263885498; 0.6651518940925598; -0.3718215525150299; 
486; 0.2355683445930481; -1.4931297302246094; -0.4478568434715271; -0.9021669030189514; 0.6110968589782715; -0.15037892758846283; 
499; 0.11429637670516968; -1.1718394756317139; -1.3246632814407349; -0.8551779985427856; 0.35028740763664246; -0.2995958924293518; 
484; 0.18611794710159302; -0.5604285597801208; -1.2560980319976807; -0.9553681015968323; 0.47378090023994446; -0.2512178421020508; 
501; -0.04813796281814575; -2.3224682807922363; -0.8106613159179688; -1.181319236755371; 0.7859818935394287; -0.27592936158180237; 
500; 0.025325298309326172; -0.795450747013092; -1.7763464450836182; -0.9994800686836243; 0.7714773416519165; -0.45854973793029785; 
503; 0.1506052017211914; -0.9049874544143677; -0.7381644248962402; -1.0979830026626587; 0.7363064289093018; -0.3078291714191437; 
502; 0.3515487313270569; -1.5147061347961426; 0.25724124908447266; -0.9706393480300903; 0.7689664363861084; -0.21419857442378998; 
505; 0.30096185207366943; -0.7817521691322327; -0.4799501895904541; -0.8503409624099731; 1.006476640701294; -0.49723708629608154; 
504; 0.18172511458396912; -1.3171753883361816; -0.8629634976387024; -0.8147656321525574; 0.7767189741134644; -0.36117807030677795; 
