58; 0.29434057382031; 0.437033026036605; 0.357363678221459; 0.14692109604444; 0.158573734993003; 0.14264888478031
13; 0.28602781929403; 0.432356727275359; 0.326721770312871; 0.132654420680262; 0.140723833588993; 0.135625013837807
6; 0.270540236778764; 0.408284761066985; 0.361873734887167; 0.133466121742754; 0.128540435230363; 0.127778699269686
14; 0.260884927671037; 0.404747693643719; 0.317064436964008; 0.131180619622259; 0.131364449828428; 0.137135952603426
65; 0.297337944705263; 0.371849688966292; 0.356863654689459; 0.150352614694545; 0.149755115236747; 0.143771834933151
24; 0.256273740199153; 0.361051121632831; 0.27592306571926; 0.131189081975828; 0.127541000451778; 0.127651413994432
17; 0.261168612918389; 0.326899399737707; 0.325532890655872; 0.128942655768909; 0.13213618316501; 0.133932604979222
48; 0.270859538206583; 0.325538962532337; 0.314369113520266; 0.134587373854709; 0.13555071599099; 0.128793279455397
30; 0.288244601798181; 0.522443367835324; 0.340842036292253; 0.137677694324664; 0.147276560809425; 0.138417647548834
90; 0.303800231582021; 0.383135346256548; 0.363838175496616; 0.134243500541878; 0.140228679242022; 0.13138829450755
64; 0.258427187936622; 0.406284470392983; 0.313615592682872; 0.130833135497512; 0.131899654404542; 0.126709033568036
4; 0.256582064468147; 0.465511689019978; 0.315295922054106; 0.117118506012343; 0.120697907498404; 0.122487108694229
15; 0.283725252569308; 0.379158043034568; 0.284987431996275; 0.127095464220684; 0.125417828261053; 0.124284921563847
66; 0.350522279111766; 0.350674224255153; 0.350612490503187; 0.138617456798848; 0.135321086914408; 0.141668586372797
19; 0.267203851358982; 0.313019214167737; 0.323726555195835; 0.131445327259153; 0.139022083156137; 0.127382564719047
33; 0.28291905563749; 0.471231853893051; 0.315088266989363; 0.134497212978878; 0.137155057910907; 0.125497953207113
93; 0.252811064635905; 0.360315752182196; 0.312437819195223; 0.125429435885837; 0.125897437219147; 0.128651259713537
91; 0.294582302716383; 0.470766009712658; 0.293384808038764; 0.134969140447621; 0.121077058564992; 0.132974947655367
99; 0.273819642704676; 0.314711044073212; 0.347268769959565; 0.126889254819323; 0.129801068302997; 0.132665756481193
95; 0.275371881630089; 0.324676150427338; 0.293247424787595; 0.132290128936811; 0.132786234378252; 0.136074355830919
26; 0.240119131953751; 0.298674576792888; 0.30116960234804; 0.115031964251815; 0.113084325871148; 0.115603559803786
57; 0.264060588675685; 0.331986937123262; 0.291090354982992; 0.127677500043809; 0.126927000737016; 0.120821770242808
68; 0.29775909865008; 0.403214560495585; 0.277695069910447; 0.122264767821994; 0.128198265691257; 0.134706158525002
49; 0.258645631349486; 0.43192140538939; 0.292859633279739; 0.128334466524964; 0.138366252607292; 0.124538896639277
92; 0.276935503687002; 0.333271803508025; 0.280452784163957; 0.128657158231695; 0.125122157726408; 0.123018412231483
16; 0.250142305936289; 0.400587353986408; 0.283902058625958; 0.122631782118012; 0.10966674737983; 0.117947190141741
60; 0.250531618205335; 0.309411743608927; 0.271150960537758; 0.11913485319908; 0.113065344544249; 0.123532509571577
88; 0.262974585922494; 0.347374441877967; 0.281226633947103; 0.125899787674702; 0.127007828594098; 0.121567270643605
23; 0.282908671675937; 0.319450212853727; 0.38495793163777; 0.141916896152538; 0.14057490016118; 0.1410330352427
94; 0.251002073095019; 0.360231533435186; 0.304009030132931; 0.123095819426333; 0.129934934452033; 0.118390931665548
32; 0.27804037925105; 0.337348344739525; 0.350511493170333; 0.136334359816232; 0.135638462620878; 0.127826371759697
22; 0.271329650887458; 0.334078555781293; 0.323368048142111; 0.118297150210245; 0.140559340192388; 0.129846836434834
40; 0.272843366193603; 0.335812085251758; 0.305802246933734; 0.128610972637753; 0.137561923051592; 0.127293355871896
21; 0.246232892361357; 0.306178499313522; 0.327972243005998; 0.118615943254271; 0.121770330902591; 0.118101998520652
20; 0.272321658932002; 0.320573364874456; 0.348486358299226; 0.136304322437088; 0.133294700249192; 0.124877724899795
56; 0.23536331028249; 0.37772885673468; 0.282571275251539; 0.124270609879421; 0.113549204412083; 0.122432333677019
18; 0.242720320022648; 0.309749823873506; 0.329816064403393; 0.116368979519212; 0.109292039890328; 0.117719112506553
89; 0.27905456426389; 0.385377855116722; 0.596581655020889; 0.141154856815066; 0.144387903217953; 0.137414473667196
3; 0.262120390739533; 0.330318428507714; 0.276865878030399; 0.122266593401999; 0.126270558420158; 0.124165466054932
82; 0.259007005263536; 0.360189926869141; 0.322970897203187; 0.113594467156663; 0.126720188771661; 0.124262299634811
39; 0.256718005277106; 0.309749264061066; 0.320040817618015; 0.123722348775369; 0.128359533871507; 0.120917260825397
59; 0.253950182258449; 0.377519717242348; 0.320339262288018; 0.116465159191504; 0.128056799003656; 0.121487798094867
37; 0.254561343572763; 0.333034735183177; 0.329765333067469; 0.118309879739127; 0.131609722306177; 0.117083987006747
81; 0.250255201135441; 0.343709191953886; 0.344531517632342; 0.124803108228; 0.117028207715931; 0.120376425908285
97; 0.310377073722671; 0.370277097784183; 0.40682905142582; 0.152549117020819; 0.15876457031026; 0.142358494278905
72; 0.264287706132624; 0.389524458352747; 0.276809563107577; 0.126530659666127; 0.136454257861706; 0.128572972800962
29; 0.266325528291791; 0.469442931622857; 0.325024677967012; 0.130578002518372; 0.126397844903471; 0.136469108195221
25; 0.254854365108333; 0.397484487643963; 0.270921788186857; 0.118832904108073; 0.119391147758462; 0.116703512824427
70; 0.256809569391662; 0.361068734023103; 0.297455135603896; 0.130136740987933; 0.128419576426641; 0.122147094377831
69; 0.24708820405891; 0.330130664203114; 0.321006970126397; 0.118610074661616; 0.123605387159293; 0.120449382644074
67; 0.235922396652627; 0.318450485035785; 0.284189494060132; 0.10707261312046; 0.125385204398417; 0.110064872524077
9; 0.282981804047365; 0.380707345037204; 0.468884530264613; 0.12945265081221; 0.134775625986035; 0.12898570635865
27; 0.239106305396409; 0.398610147226073; 0.291363237125195; 0.11911490406594; 0.121824290565816; 0.111283795861177
2; 0.260141893986951; 0.345445073264562; 0.294956616057872; 0.127165436871098; 0.118910400385151; 0.11871568188733
63; 0.285887157487509; 0.408614726771235; 0.341625422960229; 0.135616141674772; 0.14630943910388; 0.143244705573952
0; 0.265868129879674; 0.377966802113076; 0.277992907861118; 0.120013526738751; 0.134247757397371; 0.125753543837055
43; 0.255131799105075; 0.380796278830857; 0.313698723526385; 0.133800632810274; 0.130877462926706; 0.128878183311751
61; 0.24912089601843; 0.347079229498446; 0.281861981741167; 0.119565550138299; 0.106180690301369; 0.113434687634879
35; 0.272428548973969; 0.346033016459305; 0.322109863720475; 0.125407043354736; 0.133815501013354; 0.124518122807307
42; 0.226422971218927; 0.294450742923116; 0.278766097294191; 0.108762111642509; 0.110357467817212; 0.111317866184581
10; 0.28351207683023; 0.52366719445764; 0.350880610600599; 0.131122854453032; 0.13992417347333; 0.138513582172004
1; 0.243260630001072; 0.37807209167451; 0.290209499436086; 0.122000838505854; 0.122851966498999; 0.126402728042035
8; 0.252479348489017; 0.514585993816286; 0.287319345258027; 0.120513567848748; 0.120987719315526; 0.119877800327791
11; 0.249985758678795; 0.342565702952125; 0.277609985479439; 0.114079074237017; 0.116567728984659; 0.114355136057658
98; 0.380335946468341; 0.531161626636835; 0.368516537916766; 0.154272527170958; 0.167464782316488; 0.15928818396199
74; 0.319113804436765; 0.40833616380472; 0.389544272474287; 0.148512131461398; 0.148368717566002; 0.137305510983823
12; 0.252001947639302; 0.277914949249197; 0.316396838769067; 0.118265306603007; 0.123240418335216; 0.114418389812282
87; 0.260868291349048; 0.361961049228111; 0.33423869950062; 0.129546021980368; 0.123155346564891; 0.129623699461601
75; 0.287553220957591; 0.432675727092076; 0.336364707147006; 0.128752114098024; 0.134167140290856; 0.133366195640352
7; 0.236657877480074; 0.462108824507245; 0.252104232667849; 0.112190062711067; 0.10779553636269; 0.113048621453916
55; 0.288614748370246; 0.597963383783661; 0.358916818798565; 0.156464979603803; 0.150135715820087; 0.145103223004963
77; 0.245296953840487; 0.517925209101778; 0.300544689394697; 0.131339332548682; 0.123907177905983; 0.133464578105382
47; 0.287593178815032; 0.37921512305239; 0.2836966355514; 0.123584022992883; 0.123076490572279; 0.123609640199347
44; 0.278701253908577; 0.470173526348846; 0.314912574484826; 0.138425904295553; 0.126600921221682; 0.137402073387445
51; 0.256354415075577; 0.377892718338787; 0.288912301486232; 0.12283352877567; 0.13003099686112; 0.123025799922966
36; 0.276169480189183; 0.313885608524128; 0.402737241833412; 0.120853963105854; 0.126884759140087; 0.126956840391894
73; 0.295033009139097; 0.47323836679418; 0.282760273294398; 0.130747597818978; 0.132927423098746; 0.131584845712574
80; 0.259269095674207; 0.357747338088503; 0.295144411140897; 0.124989774390237; 0.125327232890582; 0.123996266002347
38; 0.257137966061836; 0.311230772036111; 0.32241972670249; 0.126226042354956; 0.133440937881657; 0.122252461831052
62; 0.276859850712652; 0.346347256442587; 0.286491421116701; 0.131358865655412; 0.130285898804546; 0.127542177660738
85; 0.240323465086907; 0.39716009990557; 0.281366803489827; 0.109708522984288; 0.114769210970729; 0.106433569409113
34; 0.27762267271058; 0.398442624567685; 0.317518236957357; 0.116990895676675; 0.120079262750339; 0.121886158944696
83; 0.228649603674704; 0.258597232341735; 0.287269782652564; 0.111525336661431; 0.123341632010848; 0.117235453090577
28; 0.263559300652349; 0.357132084329663; 0.306113230731118; 0.118563230618856; 0.113313978420517; 0.115283097960395
76; 0.242394427384281; 0.355499158847524; 0.282266087203394; 0.116902790030481; 0.115728752917238; 0.120191792109465
78; 0.24260497173597; 0.289572273743061; 0.29006543443407; 0.109041707758292; 0.123613647079395; 0.112427390365648
50; 0.279569595506167; 0.403652377722118; 0.364207704850229; 0.129852720172434; 0.127946498211743; 0.136157539780998
52; 0.261468761169468; 0.431729061875955; 0.292800468328572; 0.135936874231331; 0.127161927708515; 0.12925979893148
46; 0.270209248127396; 0.324661366127088; 0.364481488426956; 0.13657570226346; 0.136375188900592; 0.133382270140019
5; 0.260744169275355; 0.342951024564677; 0.309922905298186; 0.120581154128712; 0.125726388490005; 0.123177174636509
53; 0.243305732804637; 0.290788606159298; 0.284742919176284; 0.118387877374047; 0.120660702060202; 0.116018225193076
45; 0.261330463398743; 0.331315922271259; 0.301609361868604; 0.126670858121171; 0.117351059780026; 0.118871023455929
96; 0.264965275704459; 0.361660210341975; 0.332187406416797; 0.123126705616598; 0.127373121164903; 0.12929462747711
54; 0.247202753172696; 0.330276851136287; 0.302280353245757; 0.124474683204696; 0.127922835411569; 0.121778672006021
84; 0.24887721355279; 0.361287225701223; 0.29610815641852; 0.126371625169692; 0.133550555091747; 0.121662733022988
79; 0.269580903902017; 0.433362030085297; 0.276390173120225; 0.140827860995119; 0.143310345078184; 0.131510133725075
41; 0.268854576611936; 0.330967942084891; 0.3109364305942; 0.122824093832401; 0.126496057171951; 0.122454770157576
31; 0.240912544264524; 0.34232252065284; 0.260257077854146; 0.112766157276594; 0.116673249785931; 0.116792248326851
86; 0.290299674163252; 0.469924843652977; 0.352300433411988; 0.133113425787066; 0.133999412891838; 0.136329524064448
71; 0.294785724453481; 0.403480628906675; 0.592497508393292; 0.127302167842483; 0.134134056612661; 0.126520639500854
163; 0.280197614973859; 0.403773036369177; 0.28367741159492; 0.119882415593703; 0.121891351086727; 0.123607368877618
162; 0.276796835403619; 0.407670732925705; 0.384933417483447; 0.138999371818891; 0.138651053055898; 0.134059761132947
176; 0.279433395739928; 0.404464117249857; 0.3166717373354; 0.131874273653667; 0.139606547943625; 0.13058259750428
164; 0.268502042908831; 0.333544954695793; 0.322062283667619; 0.123390936756072; 0.127802653803769; 0.126481432859347
111; 0.257447304273049; 0.378230844324627; 0.289518719494418; 0.13035661345231; 0.128903311562098; 0.128328593620437
104; 0.28044537992527; 0.384020943355673; 0.34913440707939; 0.134351033862362; 0.129740300698349; 0.132291863183733
171; 0.271656240294725; 0.337105128354393; 0.32349885796575; 0.129930860859933; 0.131935172070882; 0.125053118126615
157; 0.270136151305044; 0.46921685274814; 0.316344060788272; 0.135316719807429; 0.128912991030626; 0.132479720481882
103; 0.238433107362292; 0.307817124678237; 0.283583976878827; 0.122090775322062; 0.115815002880631; 0.120029006081796
100; 0.253261885826148; 0.268144227713149; 0.262915951888491; 0.109078347292668; 0.105541316987735; 0.111338858335286
106; 0.25743560056998; 0.370245932653286; 0.363058577416052; 0.127174455803063; 0.133896412924292; 0.116617966096492
170; 0.376239507291332; 0.525944932051847; 0.525439831989616; 0.154776990511926; 0.147631638696059; 0.149939059338332
112; 0.266265187486431; 0.349039119219399; 0.36732241069126; 0.135607020378296; 0.131600929358433; 0.128537187335552
156; 0.264701028298868; 0.383206837296059; 0.30179610336045; 0.126265361372124; 0.132268211506163; 0.12405542997415
107; 0.250138299167974; 0.359198002798179; 0.320957316627094; 0.118821574010182; 0.12692163790161; 0.120119470029308
123; 0.266360662652594; 0.518569628089707; 0.305483051388542; 0.131905243290974; 0.133152457854508; 0.12595044336088
145; 0.269829672265191; 0.322051074584466; 0.379590039684746; 0.126969126340519; 0.131869797669008; 0.121880195797876
129; 0.250436343749241; 0.315995675663713; 0.382454396139036; 0.133385721885128; 0.130488350362468; 0.12262222327555
122; 0.259005189394633; 0.404431755974898; 0.271083673379563; 0.117442450252468; 0.122903379332217; 0.128095933304629
181; 0.26630931183605; 0.325269728608141; 0.324584706032227; 0.132760003262238; 0.131880503535961; 0.136539055152841
127; 0.277758681942335; 0.350788807311601; 0.352474868535064; 0.129365091164779; 0.138918317065386; 0.139246678852896
121; 0.24786726116465; 0.400317837025194; 0.308822364485981; 0.120301120902106; 0.124259295500824; 0.121576843339705
161; 0.285728144926114; 0.407322804599773; 0.319505229645012; 0.144091430875839; 0.140945948146107; 0.135555596720899
168; 0.263562779470019; 0.345060561072299; 0.279373238147232; 0.127754895714621; 0.120837173656988; 0.118604240793799
114; 0.260054240032495; 0.400293899547029; 0.295987251961045; 0.125078442806345; 0.126398649857087; 0.121846646436368
180; 0.24739858294448; 0.289678555043083; 0.343570149087673; 0.123395389859343; 0.120950264825944; 0.122258790314477
148; 0.2444655028569; 0.357335424954808; 0.294448708190556; 0.120055228361264; 0.124072278053355; 0.115028074863843
117; 0.258966925007004; 0.430203088894731; 0.298229482783195; 0.126728029174019; 0.139622151530555; 0.122524277172425
169; 0.276989530566097; 0.404430724836526; 0.469704381511344; 0.137040523581696; 0.138723981211168; 0.130815760651896
105; 0.237317240473187; 0.356757937746789; 0.260406887124175; 0.112904223794611; 0.111630068280584; 0.121063681035112
110; 0.252710241102719; 0.358686215526187; 0.328242079605284; 0.116988134116947; 0.12403816500401; 0.12005884144339
183; 0.247922828699909; 0.3782937457386; 0.282717864274563; 0.127197993675021; 0.130088231725505; 0.125459113389522
102; 0.248035801103927; 0.324129012497762; 0.382377715808434; 0.123298412312441; 0.121580504710159; 0.118706417229051
182; 0.252129903043134; 0.342541435463929; 0.289348315382385; 0.124274394758399; 0.121790500703433; 0.122091162051759
185; 0.321527226834629; 0.432880682938087; 0.369177151771317; 0.140589676978589; 0.138286680220146; 0.133555970786068
167; 0.269882619320194; 0.360495733071515; 0.4023654445277; 0.123826044177627; 0.131884052781157; 0.131774075996937
195; 0.268689306036612; 0.293340658584593; 0.293352744766583; 0.12495552091265; 0.11377882484884; 0.119432423009017
153; 0.239181141032515; 0.376733211146058; 0.295082281584976; 0.129184472967827; 0.122810885233103; 0.1181944009255
197; 0.275486069933496; 0.384392105907257; 0.297277408504005; 0.142409302750817; 0.133939181155674; 0.132122458965745
184; 0.253482296411206; 0.428912020164653; 0.308860608168104; 0.116527151911287; 0.125333096909195; 0.119959703787706
188; 0.271553060200521; 0.314546682134322; 0.323402333037822; 0.128868778577899; 0.126390972240821; 0.133735009510501
126; 0.252488919727002; 0.358518784821011; 0.316308454004264; 0.116818019763335; 0.125430866279692; 0.12014602100097
128; 0.233448034067064; 0.376014163935346; 0.293278821175385; 0.122643724860201; 0.116843474973699; 0.118678002868898
125; 0.261168270048393; 0.307542434836135; 0.341917968377851; 0.116157140097235; 0.122559505016834; 0.117743088693971
133; 0.280177738384835; 0.43548166469849; 0.339650763367614; 0.142790372309388; 0.147180198520237; 0.13374705351204
196; 0.261184151767066; 0.343138956495029; 0.344658112749838; 0.122243372324099; 0.103160266352454; 0.117746290741689
165; 0.253237008115627; 0.331810066660043; 0.287073468789231; 0.122663016754559; 0.123344885976914; 0.125244624957727
155; 0.234910258287631; 0.336507716977725; 0.266503808080571; 0.121726242598445; 0.104757327766954; 0.119804767980748
174; 0.277901208396307; 0.380961853352449; 0.344917427891066; 0.127535272296084; 0.128094521422301; 0.122351237190816
175; 0.272118026325114; 0.316640609608702; 0.318184256031471; 0.124245084468012; 0.12228537285483; 0.11681832041196
186; 0.263799100957632; 0.356735423986413; 0.305494172351583; 0.120013899183335; 0.126856481716542; 0.116513467222766
198; 0.259332638200539; 0.361288226331953; 0.298658658489786; 0.119891347447627; 0.11562122316854; 0.115683218435996
108; 0.233223360002446; 0.290722473615162; 0.316055548697187; 0.11823428085281; 0.120763879588801; 0.113506002054335
151; 0.297067204413994; 0.435918619936074; 0.368508110230789; 0.141971322956495; 0.139791156587028; 0.141112328245885
173; 0.263063856846033; 0.342080191158916; 0.329475605670877; 0.115305462232839; 0.126267009438526; 0.122559218317836
113; 0.280194040766448; 0.404259737932029; 0.292410222655239; 0.128572530092301; 0.134768524687419; 0.131042113858107
142; 0.267914673669079; 0.380881173174013; 0.36300452040401; 0.132356821330631; 0.131441100281243; 0.123997602474156
150; 0.292551884430771; 0.436283236045237; 0.306402586192762; 0.136010166916538; 0.139818427580445; 0.137749817269787
109; 0.245064508390236; 0.343667484734322; 0.299034990981644; 0.120514949030882; 0.113318977139868; 0.120589918178787
130; 0.326107956467899; 0.364689199154522; 0.363985961877324; 0.130709552329954; 0.144076887757665; 0.129113950293443
124; 0.273084657185262; 0.405733215305084; 0.364797187622629; 0.12598429657627; 0.129084173091583; 0.130924522250873
194; 0.302596746169788; 0.33670432988034; 0.349950165012967; 0.134574061605602; 0.132796091945967; 0.134882993280989
132; 0.29027541689219; 0.381418112937669; 0.289543411945391; 0.135601360787945; 0.125682844269335; 0.128603831289099
119; 0.23971221707095; 0.357693517254965; 0.299053001195011; 0.120251281630694; 0.119885689305392; 0.122150798134709
118; 0.260257290648513; 0.319280734164488; 0.326570848384987; 0.131150447634306; 0.130862592835117; 0.13066553402674
115; 0.236155827014584; 0.296272712548264; 0.280411589762687; 0.110696841222842; 0.113536956384166; 0.110874959084237
149; 0.251475504990039; 0.332809787257829; 0.345013757209693; 0.124638178758847; 0.127788235404851; 0.12111187669201
131; 0.242143895349721; 0.35510202689795; 0.271783656800725; 0.114924452049047; 0.114696823125658; 0.116169644524905
193; 0.239624308786226; 0.306813910429539; 0.305910526482718; 0.119949708788126; 0.117357223135403; 0.116369670603351
135; 0.240206752850425; 0.307278786235872; 0.356292862316519; 0.122327004114009; 0.114427546211001; 0.114589829575396
137; 0.244502019493125; 0.358452103692765; 0.260053305927756; 0.11372103204633; 0.111742458052644; 0.122636179876558
159; 0.259717173755723; 0.336880645316046; 0.289869768460247; 0.119708683624192; 0.126914976053972; 0.124689113034016
101; 0.283416012670564; 0.362967858693888; 0.294287541775837; 0.123049188198634; 0.129675837852419; 0.123768381957048
192; 0.243391605664335; 0.395946685361019; 0.355780370413164; 0.110980254210133; 0.113515070522053; 0.106184568968449
166; 0.31966843997041; 0.474342834966762; 0.344618518113329; 0.150940019899441; 0.144506619316484; 0.145591663359937
146; 0.258553464509395; 0.307702848545395; 0.289949587221147; 0.127371256957366; 0.126154498188587; 0.13564654437026
120; 0.250258472517165; 0.356550925222861; 0.290831195372248; 0.12235512082086; 0.118249748343609; 0.118286568640652
199; 0.257527953724161; 0.342055540124718; 0.357265497145148; 0.116002594408972; 0.122256762024412; 0.114872092121834
147; 0.311224154655655; 0.523848271562434; 0.326688620291208; 0.132883858946352; 0.144389716224668; 0.13165571995632
189; 0.255898771797781; 0.379072540031165; 0.311486742037795; 0.131338226050891; 0.127414641537216; 0.120857524668871
144; 0.265413212059727; 0.330792844481418; 0.37904291862139; 0.131749038464812; 0.130947621812126; 0.124535672949525
136; 0.264876868617947; 0.468763018728436; 0.292131169599312; 0.133269533382412; 0.125723851922855; 0.126117106649722
139; 0.2371180397459; 0.356636100638666; 0.284727563599931; 0.117597711273899; 0.121600597611932; 0.114518959869881
187; 0.270976131025834; 0.431537203372284; 0.299835510696217; 0.130074365416783; 0.133482421842751; 0.134190923080884
116; 0.244232098287699; 0.376549531789505; 0.318336626458949; 0.117018775627712; 0.125895951738693; 0.118678648487683
154; 0.260749331154101; 0.431621117100838; 0.332800380773729; 0.126321225155577; 0.132129751768165; 0.122550303429108
143; 0.255821065826116; 0.343644026405399; 0.293676121955089; 0.117375232036473; 0.120138327404686; 0.12521993082446
152; 0.27353809908632; 0.327607684862115; 0.334332069975743; 0.133933648025348; 0.12769098782558; 0.124570164648868
172; 0.275043197979033; 0.365056892556985; 0.329837063714308; 0.13398289621319; 0.137941728316237; 0.134393659569055
190; 0.250640271106145; 0.399522169642081; 0.299047623796355; 0.118938712622614; 0.118105279505996; 0.119868491071598
160; 0.260574834627732; 0.334555219440925; 0.313145170511388; 0.129082532292479; 0.123482920264417; 0.123288852389281
178; 0.264080985484446; 0.349472937383844; 0.405394035898429; 0.132172850607027; 0.130424747387648; 0.131666171801368
134; 0.26720467873158; 0.349790241324114; 0.290186725812987; 0.133903852818409; 0.136222472522928; 0.130904747465463
179; 0.25163401518669; 0.309767938868597; 0.275244986193422; 0.122850680960575; 0.115251046537253; 0.123788143587707
158; 0.280817409825769; 0.313243120894202; 0.290353276402445; 0.127607047470189; 0.133461747560467; 0.127198423866934
138; 0.267774542603532; 0.36263129458607; 0.313956344492438; 0.114394492066591; 0.138812788551076; 0.127897777179812
140; 0.263070245725888; 0.344424266598304; 0.346562127708286; 0.119772248572692; 0.131417839710333; 0.124060172455791
141; 0.254738348313495; 0.330582662122406; 0.288674799706029; 0.120691904304925; 0.123906849518811; 0.123090353891266
191; 0.262594789793102; 0.38268713536705; 0.31329644793806; 0.136354996102377; 0.130828305109865; 0.125494561914852
177; 0.28057296909015; 0.358332210071732; 0.328605835290391; 0.120890940919171; 0.125848717719774; 0.118012039421273
249; 0.300456824010078; 0.598993034491793; 0.343244673365304; 0.139930567295553; 0.140244818192013; 0.141286120457772
242; 0.274584103333994; 0.406783172770251; 0.297197752380816; 0.137625344290907; 0.130085451673088; 0.139976822772022
280; 0.293055290650405; 0.387803901622001; 0.366354313242019; 0.142794893980702; 0.153749554108046; 0.140621825727309
222; 0.26698944583634; 0.379078965105737; 0.284539745782915; 0.125850092348387; 0.134665103941093; 0.124036806698382
219; 0.288771230278043; 0.385400850985481; 0.368163079493933; 0.142895210712907; 0.1401270541343; 0.13641481705123
223; 0.259555811214629; 0.428411654512562; 0.277161828843421; 0.119928088725404; 0.115895050164393; 0.127713549935421
281; 0.270717148484971; 0.410809025493473; 0.300115324009113; 0.122736697073915; 0.145200471019203; 0.135416943035147
279; 0.289972084235645; 0.431009719421773; 0.315008544893081; 0.132316830679383; 0.128892741320698; 0.135933262166727
282; 0.269735483506626; 0.340505938399846; 0.339357437085561; 0.124182667657875; 0.123924540632322; 0.133237544551356
238; 0.303450722838451; 0.315668731115975; 0.331727121760537; 0.15091615956612; 0.123277508514154; 0.14057573526049
251; 0.282404675396683; 0.405661497345819; 0.385985888904859; 0.138882044267587; 0.133349794717454; 0.130248782557265
218; 0.247553449759503; 0.295457764410745; 0.297706473308554; 0.119794749098521; 0.129509899256941; 0.125163915641426
217; 0.283408150851734; 0.333019003097873; 0.287151311514175; 0.12566542989966; 0.121562445041632; 0.118579639023644
202; 0.32563090148719; 0.432775036214224; 0.306866135563344; 0.125233133806211; 0.128780743663059; 0.131979523160341
215; 0.279028732716428; 0.383110526402901; 0.366577921479328; 0.131357118624853; 0.138242548108636; 0.127944126496137
205; 0.26903416449501; 0.336026480913988; 0.282694338310627; 0.129237406141098; 0.131935637334607; 0.12646143205842
248; 0.251094888524298; 0.3414659179013; 0.306694544486623; 0.115282101150643; 0.116361767111218; 0.116701383351086
241; 0.270023855809343; 0.361652323056232; 0.306011051698799; 0.131812702930719; 0.132097072595921; 0.126001751979039
250; 0.262552964201797; 0.291735127537467; 0.291305563316701; 0.133245167225238; 0.134061033787147; 0.12721094210273
266; 0.258327343174126; 0.34664628480566; 0.303593340475618; 0.129339233624464; 0.137116629589516; 0.124797920011051
234; 0.26574477446793; 0.433620871588571; 0.291439950752905; 0.142379925043043; 0.137973293848658; 0.13569653297408
245; 0.262265806938689; 0.464629803655093; 0.288428223809147; 0.117546380385295; 0.115489057187991; 0.122704424940663
212; 0.270413422434926; 0.337760459122135; 0.325072605101555; 0.132897218557553; 0.133574177438834; 0.125231833169805
207; 0.251813888791574; 0.299213935782349; 0.25998259433993; 0.119798878516109; 0.117827042188073; 0.115059502286273
214; 0.253847170070559; 0.429705899926222; 0.310841880017981; 0.125253286052761; 0.123509452128187; 0.124014869720596
260; 0.267113075485909; 0.380761461824537; 0.323076085823921; 0.131092218058032; 0.132194351481906; 0.127613317600928
206; 0.287528708763833; 0.592342233638942; 0.307895002981254; 0.135324337868743; 0.132468707108425; 0.122714054566459
203; 0.274198127330728; 0.377470886608849; 0.304216994021535; 0.121677857009246; 0.123541764652824; 0.115951263435353
265; 0.276321050495221; 0.405345454501463; 0.404382023264586; 0.121161290115596; 0.139622874309692; 0.132892187065185
252; 0.256038868760856; 0.382458699380155; 0.335148788653388; 0.12979967690584; 0.127669456694743; 0.126742150449631
216; 0.27008174903904; 0.43134524531493; 0.276927637384059; 0.131089663198657; 0.128985437261765; 0.115070290857161
239; 0.25346407181369; 0.332996350358829; 0.323537040061169; 0.118072682580686; 0.12519243769363; 0.126156456310712
231; 0.261414133376453; 0.404837428090849; 0.364550286941551; 0.124281571284388; 0.144046345049058; 0.125829632377912
230; 0.252678993627549; 0.429301993729267; 0.294677600196504; 0.127026433513742; 0.120031662282351; 0.121753168127931
232; 0.289823027020337; 0.362141263386968; 0.346548500022106; 0.128564607652168; 0.131384936843335; 0.125140135300031
244; 0.23853880363687; 0.379755411082293; 0.284763303265419; 0.121840424084272; 0.125934373500379; 0.12591384696878
228; 0.264623424660874; 0.378629097925756; 0.331061321933923; 0.118999362944704; 0.126408541793039; 0.12790988955407
233; 0.248279218181505; 0.591624759770164; 0.272764509627408; 0.124421777648359; 0.125780711504552; 0.126704380565749
267; 0.262212268521108; 0.365793292416112; 0.316400120360463; 0.131702628395413; 0.113305346068017; 0.131939480218599
229; 0.244381435976083; 0.376579425825895; 0.279267475480334; 0.118225329418469; 0.127510344175654; 0.115569977694573
276; 0.257566153579351; 0.360684045372888; 0.315888998049924; 0.123466932594212; 0.12833427188578; 0.126131577900055
204; 0.231382915587695; 0.396931639497901; 0.274502032222602; 0.116095851405442; 0.111414005049803; 0.111690630374513
246; 0.235652700248673; 0.279860493365343; 0.273800243219444; 0.113601224747148; 0.118238835374043; 0.116431710035103
278; 0.277088315593284; 0.344305362150934; 0.263534325471035; 0.120898247918711; 0.129952152788508; 0.122632402627341
236; 0.266781069618418; 0.377442740498818; 0.270857506630194; 0.122144405780192; 0.128185370644208; 0.117646621696594
274; 0.242256861341464; 0.399297454069961; 0.358446505996041; 0.120154784028257; 0.126264542280039; 0.120822798831743
247; 0.252529402733452; 0.374874724193467; 0.268639464171468; 0.120124885998986; 0.111995295940738; 0.117532572667648
225; 0.308658214466687; 0.433592097254481; 0.327368637280216; 0.133876119003108; 0.133844439163239; 0.131359897964846
227; 0.266741449898071; 0.377714249664029; 0.312513341056732; 0.128678741735511; 0.119359851962335; 0.121523434819213
296; 0.260465129241079; 0.355860492243284; 0.321574606191207; 0.12470246681556; 0.116864809809791; 0.12850226022593
270; 0.243694514311522; 0.309181397647553; 0.308424467820127; 0.113556154124455; 0.121915338401614; 0.116974263304263
277; 0.256395579772568; 0.380586537928892; 0.307751437930871; 0.130321769052441; 0.12974758949591; 0.123999499335191
297; 0.245880622798718; 0.428737824029696; 0.330165756471794; 0.118135592801819; 0.117917299529612; 0.11927907708702
275; 0.265864366822791; 0.321658465621969; 0.312722229939121; 0.127875185211495; 0.138245934453145; 0.122093731232752
224; 0.251877539409543; 0.403012563500461; 0.313160086977757; 0.12620369318103; 0.125776616950177; 0.124872047090897
271; 0.263344892473061; 0.435086322114325; 0.358773071933269; 0.121012496745231; 0.124301701978715; 0.122533651745166
273; 0.267885309409237; 0.332301113018639; 0.345450374517261; 0.122183629649135; 0.123060460923368; 0.124227301619666
258; 0.233587159955809; 0.464811445276971; 0.287401536086138; 0.125039557877631; 0.119357371925097; 0.117069401642623
289; 0.297459768012868; 0.366962496677695; 0.367612805939167; 0.136625675797577; 0.136787275643815; 0.134646781954093
259; 0.241222398809692; 0.357377851505288; 0.289473795839755; 0.116670379731612; 0.114999417091004; 0.114388531724046
226; 0.231683647411073; 0.305130635692643; 0.304222097804469; 0.113846324816668; 0.112359879337954; 0.112611188560549
237; 0.272108678242925; 0.381889271436803; 0.325474183850781; 0.126100568487722; 0.133435889414697; 0.129922640702689
257; 0.231310056383142; 0.306221358477991; 0.315734527325464; 0.1131613283054; 0.112379862336187; 0.113979276072356
272; 0.255648602516462; 0.357562796134996; 0.275054791389667; 0.123245609538523; 0.117377396301167; 0.121163381959015
288; 0.279893472397507; 0.355541714361746; 0.294662712551705; 0.121775004518897; 0.124826675511162; 0.119809436549279
208; 0.295688766395247; 0.470096614254762; 0.386279346697814; 0.141928687704236; 0.139063050421598; 0.137753971189681
287; 0.267785915413799; 0.381936579643797; 0.381893406470768; 0.123550760335605; 0.145559013127411; 0.126760059571721
290; 0.262263359116853; 0.344376566491349; 0.267995964648502; 0.116689319602368; 0.121350715978326; 0.115928900972459
285; 0.2741059415725; 0.351716108858662; 0.361407576296905; 0.126471457462482; 0.13233192535337; 0.122852737242738
262; 0.268108174303995; 0.32198752222124; 0.303971834129113; 0.128379122492742; 0.127197255184157; 0.120224963380145
295; 0.266302103042672; 0.317712091189213; 0.309817003305642; 0.121762963352045; 0.126927218903576; 0.119406302657152
286; 0.270461908306656; 0.368163655275997; 0.349698667315002; 0.130654304075852; 0.13732182264846; 0.133977351022315
213; 0.282484185177511; 0.435856221882559; 0.341058891232814; 0.145040762834275; 0.136935554490505; 0.136042441134828
254; 0.27096215409397; 0.40547048652023; 0.324745779643681; 0.136554622966776; 0.129225434520785; 0.129206581978044
200; 0.23042019733158; 0.399359409860201; 0.376652106043034; 0.119412878669368; 0.119038338217192; 0.116355699421339
291; 0.242429421008299; 0.378227588952944; 0.265472400981658; 0.120682814270959; 0.126817070375086; 0.109293151022801
220; 0.275602901254502; 0.475546493041193; 0.385426081973818; 0.141959445961865; 0.143118360893691; 0.132469123379681
221; 0.266265093276363; 0.331850139907519; 0.311318328734707; 0.121708272838267; 0.115626609283421; 0.126691931563834
255; 0.267255648408672; 0.51957310267483; 0.380759596831876; 0.135763742071704; 0.129431267532548; 0.130156150560828
253; 0.264531997233214; 0.429521299161277; 0.2883406696869; 0.121630697158031; 0.11727828875251; 0.126445232154057
264; 0.263122695722929; 0.402542373675955; 0.297062050712299; 0.13159422965372; 0.132397156426329; 0.123799783627552
284; 0.244699664623923; 0.317763550617098; 0.329092403181133; 0.116636821672932; 0.119287785770638; 0.115821500247362
243; 0.242851216115042; 0.358944738247705; 0.299583169267428; 0.121471178557811; 0.121313449875711; 0.124058054838759
235; 0.246775905124882; 0.359589343433992; 0.359319373391638; 0.117724168890198; 0.132092311878521; 0.128478584984334
201; 0.238741764876607; 0.467460535118119; 0.301405112964149; 0.117584891468754; 0.126051750219612; 0.118375256030099
298; 0.242915486937724; 0.319857471692017; 0.312177400865649; 0.123081106726046; 0.126278608542534; 0.123992267085734
240; 0.299211632897924; 0.388881310772855; 0.372331232428565; 0.148127443222508; 0.150427490909942; 0.148806760913438
268; 0.278657166119476; 0.404454508830842; 0.38333212638727; 0.13083681522574; 0.124648092623385; 0.134057056365984
283; 0.271653675025352; 0.312183064760286; 0.31574012048243; 0.125857133210883; 0.130432662949434; 0.127678829313506
209; 0.252948874025689; 0.345799568163751; 0.30394061715959; 0.124824906659508; 0.127342693041057; 0.120887031265151
294; 0.248772189273268; 0.343316821521497; 0.28905940085342; 0.113650763299516; 0.122248642563472; 0.12905116581275
211; 0.247572078835029; 0.357309320988136; 0.376853440493528; 0.12452289936; 0.12282249880157; 0.115023066359025
263; 0.283486349489441; 0.364538594748754; 0.349722841253267; 0.139423439325324; 0.142301184505139; 0.133916967136811
256; 0.263456600846031; 0.435747439406031; 0.337881325220297; 0.130784396360238; 0.136522482310149; 0.140530546672319
269; 0.277552072763477; 0.383993536528207; 0.312669923901239; 0.137354741110487; 0.146226490725664; 0.137748029701582
210; 0.278395316505503; 0.434152324148674; 0.332149830364928; 0.130854177287229; 0.138788711436367; 0.130935094150102
261; 0.249761800572185; 0.306391209181369; 0.315526818285932; 0.122259979665671; 0.117568036684917; 0.113523127070044
293; 0.237831494415518; 0.317097992235566; 0.300897427916531; 0.116525642206292; 0.119097616911397; 0.117598472878367
299; 0.297288735748376; 0.326664447846815; 0.297082397480393; 0.13298950410496; 0.140664605079013; 0.13162277675569
354; 0.267857167291231; 0.363229860541737; 0.286700827100785; 0.130364886457774; 0.137613349178139; 0.126042529065722
316; 0.256720127349019; 0.46780097326032; 0.328763993735486; 0.122937629099129; 0.127579514490476; 0.116923487631906
302; 0.263955370356901; 0.377146543748817; 0.296072717734204; 0.124688497743775; 0.116457561553504; 0.116192945787081
353; 0.275887759819707; 0.361812145666232; 0.298869804265406; 0.129573144291007; 0.131145036018906; 0.125367948524883
304; 0.275309431140857; 0.346027419128116; 0.295204665149966; 0.131430867855118; 0.135587953148248; 0.13392082198985
305; 0.257806305525429; 0.346883785252049; 0.332564850765952; 0.130520876617221; 0.129179579801135; 0.129244482637635
337; 0.26586312752685; 0.332237050633492; 0.290190767563785; 0.126530561155972; 0.13003413117757; 0.123598588245094
385; 0.297084958700234; 0.364496052271034; 0.348652110201832; 0.135125945562598; 0.131456524687348; 0.128774421800482
301; 0.226910929434575; 0.372896147930607; 0.287347769050455; 0.105304453427909; 0.115974780214088; 0.114557896579618
384; 0.28135033410522; 0.381467886860288; 0.338115152293309; 0.131238529412854; 0.134201395941733; 0.128625311506084
320; 0.285029289144878; 0.407251220407247; 0.319397363798394; 0.138077478424493; 0.133939607854291; 0.137198393913534
386; 0.241788051546116; 0.399000806334538; 0.31762571294193; 0.120698744707577; 0.115381535970094; 0.118618952036095
321; 0.268772770220169; 0.311270982572395; 0.282075980938453; 0.122232145248141; 0.128299106062302; 0.121323667195294
322; 0.272640552523785; 0.381191305894184; 0.295507346093028; 0.133305795433168; 0.133611346961664; 0.132357218432143
387; 0.239587668019625; 0.339041850556441; 0.255774863003354; 0.117495045517844; 0.119225125507116; 0.116821684779294
309; 0.274179628658139; 0.363583704773711; 0.323710757671166; 0.13508657323703; 0.134076393481243; 0.125549338968673
383; 0.247342710620738; 0.35259849980807; 0.30250331443648; 0.113525028237585; 0.120593947939609; 0.114119511021214
326; 0.288220055269783; 0.398012404252335; 0.409922688795525; 0.146527575723804; 0.13742816160171; 0.144942462937389
311; 0.249694712613201; 0.324123269924682; 0.401850010843429; 0.12944014685203; 0.117975111685893; 0.129366041208745
303; 0.229293759552724; 0.291017739477783; 0.28782053644635; 0.108592648435651; 0.110934262055734; 0.109027463107062
310; 0.252488531859076; 0.468083712127003; 0.303472247405152; 0.127048010192918; 0.127634138459799; 0.130111468880598
339; 0.267214952480142; 0.38512315034402; 0.294921259055839; 0.127915795824171; 0.13611296896392; 0.132537742612586
318; 0.254387787010764; 0.378921526942014; 0.286188674905614; 0.118107679161467; 0.120130554690306; 0.120487102512777
325; 0.244056295910696; 0.342505539627679; 0.37561349076364; 0.120975060997127; 0.10836502540525; 0.113090072681364
390; 0.26104742649114; 0.36178844807276; 0.32536118527289; 0.125238969211487; 0.151069758297211; 0.127254942198046
338; 0.260781739466104; 0.387156196059897; 0.284234720085569; 0.136200477373094; 0.14215196637473; 0.134524990432751
399; 0.290374975398745; 0.382153500715632; 0.306386650603005; 0.132521942700933; 0.139099845851288; 0.130634256791914
307; 0.272775989795546; 0.431610783163612; 0.353842268873014; 0.14036236266145; 0.13483344730499; 0.131335099142552
323; 0.284987378064726; 0.345191783852241; 0.275420975319637; 0.121371981426868; 0.124804884159682; 0.121434288152534
382; 0.254499042640412; 0.400123179255932; 0.362286006109309; 0.126416288943161; 0.118133500286496; 0.12192587119133
335; 0.267763691684783; 0.429060676075019; 0.273383942937479; 0.1261318899016; 0.131094064403246; 0.122384711135763
334; 0.241914979882915; 0.342714734191443; 0.31346406906184; 0.125383605712938; 0.113187594111697; 0.11842112482575
368; 0.295000605717651; 0.411252319503389; 0.40652981042771; 0.141379548818231; 0.129957577933614; 0.139577136629997
355; 0.274411874706224; 0.384556773082892; 0.33556428850117; 0.126385730019808; 0.122622354629009; 0.13606708185803
356; 0.250550669800567; 0.322915536825382; 0.289698249328346; 0.116965706084674; 0.122603567390751; 0.123028090193182
331; 0.29363022524644; 0.282282888438255; 0.285864202386968; 0.130847395325064; 0.125885469132048; 0.126893904237344
333; 0.277179142259857; 0.432693137971283; 0.292869344235098; 0.12688489619372; 0.127678389637758; 0.12605541491725
360; 0.305385258674968; 0.473299070924825; 0.372772194979453; 0.138388145613731; 0.138581180653472; 0.143238883619225
364; 0.250447050592071; 0.344170012265317; 0.311045030906191; 0.132234211967211; 0.123511329510493; 0.125223474969445
373; 0.254566666281797; 0.465053156478621; 0.317228461487443; 0.115411232635422; 0.124259312674945; 0.118122138565241
362; 0.27580576629036; 0.383428359513672; 0.33743204820177; 0.133173735512569; 0.136555420641358; 0.136925021861203
361; 0.269763283554072; 0.403033828226405; 0.300059292811222; 0.132364532464887; 0.132392584650049; 0.132482114004312
340; 0.274268358194334; 0.364122338675433; 0.322839227395447; 0.134456388461375; 0.134571237866699; 0.13683152710718
314; 0.248537263928806; 0.398716653907413; 0.400259260614766; 0.126081483238922; 0.125854780000211; 0.124576012679033
374; 0.234286322762716; 0.339314841529242; 0.269178407164298; 0.113366890285363; 0.112465974674853; 0.109737384500772
351; 0.268312541245033; 0.3642346040922; 0.34969151771876; 0.13095542529978; 0.128050851573107; 0.131879967510299
398; 0.283822178936918; 0.469736253505359; 0.319247757522254; 0.131019393930238; 0.14417834090185; 0.134034714542496
380; 0.327668825657999; 0.374604549065351; 0.319398736361176; 0.149231486600438; 0.143257549157618; 0.144491840935756
329; 0.249199981873708; 0.4016497911827; 0.359368314653988; 0.127491696286628; 0.123772988569827; 0.123271812829486
300; 0.266704139155397; 0.350801275061341; 0.32722194520577; 0.140768843977113; 0.136016471241582; 0.135439894929229
357; 0.232842494447833; 0.296269302269069; 0.315736920286697; 0.114403287770448; 0.116315206291224; 0.110816024342439
391; 0.283313654357427; 0.407857906671295; 0.36562127605342; 0.125415667151615; 0.137464698399373; 0.132712295722472
327; 0.251484996919196; 0.344044881708062; 0.28760690397354; 0.125409387379054; 0.12450084665743; 0.124411409845392
388; 0.252196228590748; 0.295191772550422; 0.291754159003132; 0.122307388138667; 0.126817826182994; 0.127075071118559
396; 0.252895917438562; 0.433012552402251; 0.333394575341421; 0.135104694058049; 0.129567164569822; 0.125325402023092
369; 0.305676441647159; 0.433326057480105; 0.306256030632231; 0.126809039085228; 0.128698224122738; 0.124217414211349
367; 0.264242250723694; 0.340949953108232; 0.333410824240019; 0.135273324923283; 0.138816262329606; 0.133217501385379
330; 0.267636379003882; 0.365837742793721; 0.319029195843365; 0.129871542332798; 0.139034716228956; 0.130774513052043
324; 0.239179910902127; 0.290237399747001; 0.289309882463669; 0.121619682505209; 0.122962037315566; 0.114946515181521
352; 0.254723385700033; 0.332820618930681; 0.28413746603; 0.133671728341652; 0.129224367962751; 0.127628600225508
393; 0.257844906174872; 0.365147537829631; 0.279858403089452; 0.145476421178361; 0.139349917975808; 0.133478620979047
371; 0.27755384318856; 0.35074592400864; 0.336378601480306; 0.13425704016183; 0.137395701434795; 0.136510887485881
336; 0.262840746222584; 0.428462687728814; 0.293174643109519; 0.117997469388124; 0.121380459889742; 0.123232658848248
348; 0.272992848823088; 0.433866767496473; 0.311063487150891; 0.136616222256917; 0.139795263228284; 0.134264215681875
394; 0.238600030275634; 0.515312947495945; 0.300116319156034; 0.115379650118571; 0.120266147247911; 0.113409884737413
328; 0.257378444325256; 0.317314687217381; 0.293413608582048; 0.120315521819388; 0.11898522157931; 0.118946621647957
332; 0.25663083952266; 0.331315437088713; 0.31607258080967; 0.135478695632929; 0.11570169976594; 0.117231151130352
350; 0.264172031096889; 0.363489840097339; 0.38062834615495; 0.127630448505934; 0.136180011676764; 0.124723050619314
372; 0.339141262359792; 0.410453454880585; 0.299385036119891; 0.143199758550695; 0.147612945933019; 0.132334562549526
346; 0.250902326633076; 0.342918120221717; 0.281920600941719; 0.125128163874767; 0.131624040810508; 0.121508637686547
349; 0.40417829288389; 0.469120524091397; 0.301835576830457; 0.140026634275535; 0.123548914796051; 0.129365200959282
347; 0.285905622632737; 0.404703235141151; 0.382125243516285; 0.135903706033209; 0.138874645548378; 0.138622714338884
366; 0.253155861951008; 0.590759440946711; 0.30976484792811; 0.119153376249773; 0.122064135665401; 0.114639889244178
392; 0.230933732838633; 0.315254123842432; 0.262591559054574; 0.111917866514326; 0.118404026969206; 0.114709653033208
359; 0.23604130262407; 0.338341328290841; 0.28753287889403; 0.109765587396738; 0.118186260040108; 0.115874014274156
379; 0.242998992654161; 0.590886125848857; 0.343263894417986; 0.120217796281628; 0.123795815634151; 0.121760763819119
381; 0.242908580894214; 0.427885669612941; 0.293075947936895; 0.115698689931421; 0.121386031279091; 0.116105026023747
306; 0.303135411113804; 0.392099235996799; 0.442982579754324; 0.149620714796218; 0.152136838695506; 0.148716746080568
397; 0.294361513863487; 0.386909607660506; 0.408874091967237; 0.13703547348877; 0.142980666127819; 0.140310966029137
344; 0.272253819900014; 0.430715590818033; 0.331206221186308; 0.121366094162584; 0.130136379127834; 0.120482698729845
342; 0.259104203840905; 0.316150190001405; 0.314845455703068; 0.129705619229627; 0.118400846385367; 0.124044900280512
389; 0.233693190804338; 0.514868547917994; 0.272300323965601; 0.119714313509798; 0.111880423859668; 0.117745956942264
395; 0.232202666485709; 0.373182848268304; 0.354759868864067; 0.114145485883963; 0.114207702163985; 0.110885068483236
358; 0.280460717542222; 0.382785458938537; 0.317390565165997; 0.133627618695784; 0.129713153871012; 0.12511868429157
319; 0.256450929226129; 0.344230980285996; 0.323274746354637; 0.127120473306191; 0.126884612777013; 0.120237136069383
365; 0.26269675691946; 0.344940708700077; 0.401250867839764; 0.12834701798241; 0.125988914596709; 0.124797077627932
308; 0.267853888955727; 0.593847720164564; 0.384731920983446; 0.133120898756563; 0.135283692817386; 0.137712494333288
315; 0.274408684234082; 0.471848375771898; 0.286079981640927; 0.128888535207962; 0.132904552646044; 0.121958374535724
363; 0.255514379424141; 0.357764381990082; 0.289874682169728; 0.129294163404123; 0.124328861842573; 0.120657242624338
312; 0.250186556511765; 0.309971608600185; 0.330311681587283; 0.125165754721492; 0.121153744290518; 0.120835088241975
341; 0.271782736904854; 0.4014231709761; 0.306979008933276; 0.124192868893399; 0.130327853598427; 0.126006690154688
376; 0.308990168618234; 0.41640501536874; 0.355691848063706; 0.155963549134708; 0.153053484061302; 0.157024096858695
317; 0.240932607264743; 0.327522594535496; 0.306218548082188; 0.113150881251265; 0.121128308402433; 0.115879797364924
377; 0.274490223447511; 0.464708274596372; 0.274151819192872; 0.122179425519286; 0.119769285562768; 0.118841603263016
378; 0.284879460405052; 0.40582464519399; 0.320879216187668; 0.134011200958567; 0.129340227075743; 0.137823603740858
370; 0.25330135950511; 0.298782530015334; 0.328425335399209; 0.114491038759532; 0.119968200984686; 0.114915365474995
313; 0.262254223724785; 0.290438209828073; 0.360020811184345; 0.1257914563961; 0.130462880584642; 0.127609249543375
343; 0.273022160625358; 0.384123043810202; 0.367271827348448; 0.13245081478009; 0.139060473637991; 0.135905992044018
375; 0.255343942625807; 0.330403184885895; 0.317194044705389; 0.119817062280147; 0.117681682685429; 0.113001638089956
345; 0.274743759569464; 0.404514608261183; 0.299904557283372; 0.128537436854309; 0.128154525942521; 0.131319557115054
420; 0.258369206989096; 0.386419043945662; 0.31998357418808; 0.135469613444339; 0.142499987836095; 0.135493935056563
403; 0.274560540144251; 0.349902540671166; 0.406088342613843; 0.133949804323278; 0.134780434106535; 0.135032779265956
400; 0.278413539157235; 0.401367499795298; 0.295654878868806; 0.123221086605173; 0.126614727475617; 0.121735702554844
401; 0.294371332499431; 0.43279504402181; 0.365328317311149; 0.133870430934736; 0.122682740256455; 0.132251931743052
433; 0.272499221103478; 0.334595055402503; 0.336838138247061; 0.12609267589455; 0.136284037016975; 0.137388302337926
402; 0.248644461772349; 0.377438869863805; 0.37696964828742; 0.122120264024349; 0.125621518717847; 0.124756135149926
424; 0.255790462564214; 0.345083153414046; 0.360495778615915; 0.123503886953621; 0.126676324142398; 0.13198103343725
422; 0.239061941840221; 0.307651927446456; 0.309663429779585; 0.122813413288267; 0.120992512569064; 0.114909717325302
423; 0.258061092315576; 0.341628065427075; 0.317718391505483; 0.11712556658643; 0.120088540169541; 0.121945271312824
404; 0.27664808771052; 0.469983473815597; 0.353777673966764; 0.137089220468994; 0.136513288293722; 0.134800616234257
409; 0.297992134964682; 0.43470171601533; 0.386530352777384; 0.137995650498164; 0.141779721703089; 0.134306855822458
453; 0.253880379607903; 0.361144414880911; 0.304524428802352; 0.123086747084988; 0.116859672374659; 0.125558884792033
419; 0.234978884696199; 0.340677414513954; 0.261453970922005; 0.121292943115058; 0.121306164265287; 0.112987030034252
407; 0.273023623225596; 0.353690349508989; 0.318067731724623; 0.134443455486627; 0.131077234243282; 0.130825181624583
421; 0.250314720864035; 0.333940090988772; 0.332081532988079; 0.11583723916539; 0.131923316124407; 0.120987310486909
408; 0.282701086697835; 0.519464869467943; 0.348862115961469; 0.132540531267909; 0.136074059572669; 0.137357331185986
446; 0.256374753755015; 0.358644990641045; 0.2971002901174; 0.109857049315478; 0.120541708959367; 0.115022621543853
405; 0.248605293648487; 0.437451252602707; 0.312180734035013; 0.124489482134646; 0.126852071416917; 0.127868443684894
411; 0.258742070606715; 0.318806864331956; 0.347719679835018; 0.121558237141045; 0.131353691895497; 0.129544454249235
410; 0.278230397663959; 0.378509550771724; 0.378776899522873; 0.128583894624936; 0.124531085408392; 0.126396063214956
412; 0.27304988716539; 0.383746147147881; 0.36368077846272; 0.129997256624287; 0.132577906512315; 0.124380940699328
476; 0.264424178188059; 0.428084627845849; 0.288210843343767; 0.124267945470976; 0.121656591596576; 0.121248808248116
498; 0.268197179412583; 0.402986774060407; 0.314420589769227; 0.131675860444129; 0.132786964042627; 0.128235915489897
469; 0.269569550393478; 0.366055411369578; 0.337552106694271; 0.134253123056962; 0.141042670417018; 0.132796810615251
468; 0.291539216683638; 0.472331268919974; 0.314023154830593; 0.135759743750074; 0.140311461973903; 0.139659685041943
475; 0.283116683774027; 0.402712482948921; 0.333004770485621; 0.127409043063621; 0.128855675365188; 0.123904098897877
406; 0.226841873643292; 0.305813272461356; 0.258528086756035; 0.117196922572954; 0.117284721777274; 0.107762287110422
494; 0.288844445644096; 0.313139990772615; 0.33031376609463; 0.121781338995486; 0.122065025623384; 0.116850571038375
478; 0.238543039192694; 0.329247626547351; 0.291902778428257; 0.118744875888556; 0.115871907220272; 0.115146519880805
454; 0.290041473877202; 0.434565485312189; 0.350070580480932; 0.120934178456037; 0.138172370555952; 0.134197935878264
449; 0.290471041924242; 0.404505987294382; 0.336403439682628; 0.128621523995194; 0.137417948271356; 0.130771363151721
472; 0.294842785856904; 0.520086450825293; 0.404663184768509; 0.13021654519624; 0.130491684591823; 0.134812976603485
460; 0.299837957868315; 0.379386346948182; 0.320478146392964; 0.125190839454121; 0.122967828003895; 0.12150033064502
459; 0.265699381898122; 0.365752015995672; 0.365284358615016; 0.123123556212588; 0.138275370029762; 0.135614767230497
455; 0.275342034661212; 0.383462773457254; 0.292817136836453; 0.119932423711931; 0.131573170903739; 0.130004136361977
471; 0.251028670083006; 0.427684847204384; 0.289521984992019; 0.117527660871447; 0.114327455747238; 0.117146183751098
470; 0.254636731971566; 0.401137896138119; 0.321239548695393; 0.12600534001152; 0.126626327230486; 0.126162618402156
495; 0.294636813866727; 0.351698460439843; 0.322046895394768; 0.149015015690197; 0.145008293437555; 0.14187749502161
447; 0.266877812192772; 0.315852581134679; 0.311820060208968; 0.129097641870998; 0.126953503119501; 0.129923436437333
467; 0.281828458590404; 0.401616387387585; 0.288711042999262; 0.11545248585662; 0.113688059072185; 0.129953522726251
428; 0.307908539028068; 0.389267787324585; 0.438036526690872; 0.137395550510071; 0.142160077894129; 0.148328055945479
448; 0.263297895999417; 0.402078589577972; 0.335408965551093; 0.132046280318388; 0.131097322706647; 0.122864702544037
473; 0.232440739120997; 0.316218121243314; 0.276356207966669; 0.116588529246081; 0.119821813503143; 0.11277945355343
474; 0.248268409605237; 0.399006963670197; 0.298947349573666; 0.119996264666463; 0.12288766664461; 0.123743728610362
427; 0.237649799346705; 0.339820098182635; 0.29827972585167; 0.122392187197572; 0.120263727206683; 0.11918431743389
488; 0.242422687318566; 0.344122544539632; 0.289544094692186; 0.116840613725767; 0.128694375273893; 0.113648527612107
462; 0.258737465181395; 0.382099274758583; 0.347217494335312; 0.134757138765203; 0.132103981088403; 0.126275032397441
450; 0.292140139439319; 0.398531865834817; 0.279603298636182; 0.121698909896813; 0.12965096719066; 0.123499466702698
489; 0.249190659464252; 0.430339354303084; 0.31032365399314; 0.125642336470979; 0.122544004945854; 0.125578789793629
487; 0.250330253007618; 0.362874278543042; 0.303233777393344; 0.124598164286508; 0.114121126830881; 0.123481760431426
482; 0.281527911416315; 0.522699572921111; 0.521380597988105; 0.139077800405244; 0.13851749607437; 0.133619986735305
429; 0.271608949250176; 0.351031664130173; 0.343592131986356; 0.124627680322715; 0.131801051902146; 0.127720499735237
456; 0.277607642659273; 0.344601451998198; 0.328376730213869; 0.119050411934673; 0.111870357938759; 0.114341768679839
413; 0.264787582127931; 0.363409681390175; 0.291967823690406; 0.131926646590507; 0.133908876000309; 0.132294066973992
418; 0.266377377731789; 0.401035439505895; 0.310681918843623; 0.124731372710367; 0.131034075859332; 0.119840369000849
416; 0.269655851949552; 0.432367377496911; 0.316203415347749; 0.135702082432885; 0.133499801916504; 0.132788587254698
438; 0.243739668562892; 0.592304028960618; 0.401104846703744; 0.121248105064914; 0.136971143447725; 0.12015408772079
426; 0.282666615561491; 0.40703199689049; 0.338927782295345; 0.144809943910862; 0.132026009560277; 0.136359203296914
443; 0.255558362140533; 0.361955084237394; 0.262381563209278; 0.122501085175562; 0.122473995359378; 0.127365765179574
483; 0.297513250711009; 0.435592490252507; 0.29196446046795; 0.128393803648341; 0.13590162069983; 0.12924480893863
417; 0.243498266407073; 0.378816894788816; 0.321113178153244; 0.127934206512038; 0.128737842766801; 0.118436192899737
439; 0.248455211855551; 0.34289834313431; 0.290793946128819; 0.122733556264685; 0.119610100724373; 0.118675539480368
491; 0.254771381142886; 0.400802065027115; 0.333616011361652; 0.11767078490585; 0.128128419258811; 0.125785621737077
425; 0.257101217543395; 0.343932462370632; 0.312953232290245; 0.118415572880827; 0.123811687542597; 0.118006554166181
465; 0.250838016621979; 0.359400822811357; 0.279494710882815; 0.125765125502285; 0.128917589394948; 0.122500145195987
431; 0.247905032709046; 0.301324153458489; 0.294675380416873; 0.12044305872692; 0.129586611130333; 0.122503977818363
432; 0.293927895555213; 0.383996153636563; 0.289934101382986; 0.135974340610975; 0.144624220809756; 0.142615772155825
493; 0.249019248982764; 0.401953309506932; 0.289378769683875; 0.1349906479351; 0.125178736834249; 0.125955041839348
496; 0.245926082608299; 0.312002571904045; 0.31159170706207; 0.119092319036861; 0.135748473709813; 0.124882452760127
461; 0.266000190517532; 0.353301948599785; 0.364392339929224; 0.123813201162703; 0.13441350616707; 0.132262249140006
430; 0.265076254309164; 0.350504600457136; 0.316660559275699; 0.137644834486741; 0.130867854399439; 0.128320295513781
466; 0.286213960959567; 0.435407198134779; 0.310971214442108; 0.141233088195314; 0.132333089769516; 0.147022164239141
437; 0.256790398247894; 0.46821503735495; 0.347887499796766; 0.132742807766493; 0.131952716464039; 0.128951154970231
481; 0.256523692881666; 0.402328799027561; 0.378669331764491; 0.126468959109882; 0.133323831613526; 0.123281801797038
490; 0.299531790282643; 0.362993881167459; 0.32486021736365; 0.131627394235644; 0.137556131526357; 0.128491725319436
492; 0.242684123206287; 0.331293338456172; 0.299820964825941; 0.121953696146426; 0.122419390869071; 0.123566935397491
463; 0.251081145998933; 0.310161055881887; 0.269318815936419; 0.121780390992209; 0.134357098030814; 0.126127079135693
451; 0.286542034467519; 0.432203758117698; 0.283284292411218; 0.132953229317453; 0.128900397261139; 0.133128352775706
435; 0.232913700840579; 0.465166607077213; 0.283839982901217; 0.116505588802688; 0.119428168244074; 0.11591496248179
485; 0.299046363661244; 0.402925251685821; 0.362524012728371; 0.129461263773992; 0.130111445068051; 0.129597520066479
457; 0.269915435730681; 0.343625648309076; 0.300358623887543; 0.124648534376416; 0.125271269489821; 0.117555114708724
436; 0.260623370924333; 0.431905146393158; 0.348920993195839; 0.123202748068546; 0.127691112491418; 0.127410148513355
479; 0.32019890828872; 0.477733743232541; 0.377081937411945; 0.155496648198469; 0.155466368355795; 0.157305681735073
445; 0.27398950607334; 0.31450826508429; 0.259139166232981; 0.121122433881086; 0.131747266577242; 0.123407193189752
414; 0.258567256161623; 0.331781615748797; 0.279824989148385; 0.127600470036678; 0.123216359778838; 0.124550752818103
440; 0.234541407591744; 0.347361463966655; 0.296546740763467; 0.113223822236593; 0.116155462210366; 0.105309357749283
444; 0.23245467153108; 0.327882438011449; 0.261660830089492; 0.111576914853306; 0.123934916405585; 0.115075961771936
477; 0.278824448769168; 0.520063426858674; 0.3281751791511; 0.137836801059177; 0.13136524397832; 0.132686999944109
441; 0.264697383717318; 0.345452597290782; 0.29859199214726; 0.129952985083554; 0.130546517756704; 0.123466927973908
442; 0.301517960126917; 0.594031129807801; 0.296061095014749; 0.139574242256845; 0.135807956906691; 0.13277321010031
452; 0.254300924831299; 0.345646423747852; 0.318742324088324; 0.127269908778511; 0.120345135773066; 0.122479967599243
458; 0.260641767096225; 0.34614647279334; 0.321801814773527; 0.122638754440606; 0.133519926777581; 0.128254933006736
497; 0.273757399993189; 0.376495016837968; 0.342535559746282; 0.115968067296238; 0.118183870147024; 0.118969967651652
480; 0.26013274941409; 0.378603364692122; 0.343884934355281; 0.134142501386318; 0.127791899850363; 0.126495761047043
434; 0.262537530288971; 0.344004003242902; 0.276996328678274; 0.115591641405454; 0.11975685670754; 0.114433434270964
415; 0.272335044128523; 0.382752345457068; 0.3080324279975; 0.126390222818493; 0.123907522665442; 0.129349730244838
464; 0.305313967527689; 0.472910080137533; 0.386844569035519; 0.145156919988953; 0.151047212319864; 0.143065586136043
486; 0.246276918729338; 0.377266444681681; 0.293373869032532; 0.120197807673745; 0.127800424383241; 0.123352012360744
499; 0.278210263131609; 0.379917214435979; 0.379572161921485; 0.123152254453997; 0.125536023742465; 0.123837547601264
484; 0.258550408691748; 0.314620133493966; 0.362867770489551; 0.132259308959338; 0.133715345026955; 0.119920740716225
501; 0.280801388355838; 0.592696504208536; 0.315763358308099; 0.124794719398404; 0.120057325902534; 0.128337220994196
500; 0.263560228581099; 0.32626608413466; 0.432622697205302; 0.143065643204238; 0.136452141207829; 0.129764982353616
503; 0.259321445334869; 0.31645030009979; 0.315985500816248; 0.12740813340292; 0.122043785550443; 0.125701487715677
502; 0.267522970781887; 0.431331592383186; 0.260876783458775; 0.128099949089358; 0.124704148612989; 0.121316898295749
505; 0.308037800467756; 0.36948236415446; 0.321383079502109; 0.14061211070044; 0.145279248786246; 0.140804067471567
504; 0.253976597046416; 0.400168937497403; 0.320438966694071; 0.125887095378143; 0.128028774649714; 0.126146704217235
