58; 0.928608842076409; -0.57782264640724; 0.202564022239299; -0.852639147581184; 1.03631563149446; -0.16079300327013
13; 0.629624030687813; -0.948190218937347; 0.157522297253171; -0.751259933185932; 1.04420366569607; -0.0614257844572983
6; 0.684035819046386; -0.890491547319052; -0.398221440972426; -0.890267574911989; 1.07224179706275; -0.122821714988343
14; 1.36080704241164; -0.649074151434398; 0.141563465005269; -0.704483686123938; 0.998931199746614; 0.290619865444079
65; 1.06361481042351; -0.138551036137234; -0.00373029964739464; -0.630371518469929; 0.737270595474334; -0.167803783698689
24; 0.999972225871377; -0.316305573276957; 0.602940763028388; -0.668688068028415; 0.819045600636892; 0.203059561268574
17; 1.18278477541961; 0.0042008241126182; -0.0396586936177519; -0.779652198626599; 0.904586586854052; -0.0573274127219282
48; 0.766584815466863; -0.111080341771682; 0.0669775665095432; -0.806491213295404; 1.05828889219038; -0.135976391201836
30; 0.899305948779886; -0.938559099246646; 0.0479048414662103; -0.484870105389903; 1.12894330608136; 0.023082736235975
90; 0.429322382980679; -0.39253246273402; -0.16772304810367; -0.660168705998549; 0.876145392230526; 0.140130100859703
64; 1.12450558953053; -0.723313011125336; 0.179584047609814; -0.604906974432721; 1.18477088600807; 0.14935496260257
4; 0.585901852983097; -1.18923997142312; -0.269430258090103; -0.648997222008255; 1.14737826461354; -0.0507208183655383
15; 0.397109830528654; -0.511212900409583; 0.434189120398009; -0.936731944132445; 1.0036414479168; -0.0812554579515315
66; -0.0444455392528911; -0.151784762113387; -0.00178878290663682; -0.743318916460383; 1.03956624439717; 0.241319708851888
19; 0.747458880472191; 0.0429440116977981; -0.00774525703405008; -0.767351848409212; 1.02033427372724; 0.10253586281539
33; 0.618096997976737; -1.23683684531148; -0.00398159315848472; -0.55431269616595; 1.09454757785177; 0.0338757442545625
93; 1.09542460550785; -0.449241497418388; -0.0774835633035584; -0.361407693679624; 0.68388119418289; -0.0333727665331041
91; 0.65092381375139; -1.12385150376484; 0.572604526581236; -0.762652507224509; 1.07097047434665; 0.0637072326945186
99; 0.594276065889566; 0.214821500369463; -0.261412746751127; -0.827810044956275; 0.92706200911059; -0.0181264877560732
95; 0.77163291192251; 0.0321409552662618; 0.418076676635662; -0.457670560671133; 0.983773672674613; 0.00716237992753751
26; 0.849320257738934; -0.104762447587907; -0.125788999375089; -0.670660740991544; 0.960478054892472; 0.0433468660580713
57; 0.765481190942721; -0.27549616578009; 0.124912233460976; -0.720878430020255; 0.992954150426838; -0.222571160660402
68; 0.25903011861593; -0.80494036722834; 0.592260395535367; -0.743565059089278; 0.994284226801829; 0.136019393416865
49; 1.26851576662886; -0.7669977486017; 0.317980660634674; -0.754846034493194; 0.897988801478119; -0.0868983612853892
92; 0.591073467711938; -0.16605360853942; 0.504070303039089; -0.901328390583228; 0.772114921818499; -0.137954820115176
16; 0.746357404041614; -1.00851502614404; 0.0873198862113691; -0.785638996723004; 0.9152934312467; -0.0962220453852646
60; 0.821628428841932; -0.0859413499927935; 0.313156551857593; -0.794096872664695; 1.16125654772021; 0.0768033952136576
88; 0.969321042164688; -0.281930549922883; 0.557455534266314; -0.638573315675337; 0.961557546882659; -0.0459280340064798
23; 0.97914902876821; 0.153515207417769; -0.28831859255904; -0.687795479011579; 1.13615587381608; -0.142501069267682
94; 0.837516250093483; -0.331199907093897; -0.0561787860290853; -0.665747015074429; 1.18998260861939; -0.049159306849913
32; 0.854607840751484; -0.0849663104281003; -0.0626689074052152; -0.630910545558375; 1.05825029727128; 0.244040845042227
22; 0.864753725018721; -0.157372635691532; -0.0323276038253002; -0.679612834171871; 0.841530108388713; -0.0531448642253665
40; 0.897208780604233; -0.0925447484296545; 0.0767840250311951; -0.743407129093104; 1.17489601895354; -0.0289900255518493
21; 0.842116451797802; -0.167831158061686; -0.298476598409671; -0.547682152397647; 0.863466904696517; -0.171313146739792
20; 0.841165546982853; -0.157300851734528; -0.273793861947147; -0.739720367619303; 1.01068802888143; -0.0568416854805915
56; 0.80836714984149; -0.643096983234639; 0.313487742186869; -0.723211148411916; 0.958730610566363; -0.136905574638124
18; 1.05414145017575; -0.207657425431468; -0.293634629840629; -0.670330458228429; 1.13294203815786; -0.0501703460696855
89; 1.12129083687214; -0.427297984597793; -1.4192608594625; -0.599315607895065; 0.886989589059321; 0.089144492681127
3; 0.617440383039612; -0.111708222218337; 0.375609552873371; -0.632032852864945; 1.05054473334114; -0.0150930485371689
82; 0.829127312193867; -0.456626043731887; -0.077665491238875; -0.597645020688138; 1.03470373818807; 0.00451407253711426
39; 0.74976897584847; -0.0440835704975759; -0.126302189948438; -0.591428567056088; 0.938933073008626; 0.0679848867196395
59; 0.960968360360491; -0.691867319133577; -0.208971529183901; -0.567769708330343; 0.924568045062926; -0.0626829403862315
37; 0.750529855251121; -0.485814709674603; -0.351537506752594; -0.6726471155012; 1.02681652910361; -0.0322211096024397
81; 1.04319084385028; -0.463563786427375; -0.291912739052996; -0.99668967445406; 0.977426764540128; 0.0317892406727239
97; 0.477908520529357; -0.112646505857795; -0.338394124181654; -0.998916723828574; 1.09687655792107; -0.146692582595118
72; 0.982971009957983; -0.763714554237844; 0.468546936533364; -0.717929176374994; 1.18036802145088; -0.0416109225265663
29; 1.1458486215722; -1.04971060896931; -0.054744084883498; -0.492687469132003; 1.13605162665142; -0.0833900881870577
25; 0.611384513152009; -0.932973075664677; 0.197792442596991; -0.778007486838501; 0.85148209809518; 0.18595922871017
70; 0.826264469172283; -0.321703030294418; 0.162964184670605; -0.640341986323284; 0.86285055549284; 0.322305958356566
69; 0.950312289066171; -0.315004658288871; 0.0124081643492259; -0.631395878636547; 0.96968714475156; -0.128181968737952
67; 1.30116245198372; -0.274601782666929; -0.069760412626483; -0.845019782837363; 0.9494023981914; 0.0198422453730924
9; 0.572971020050595; -0.430071494410626; -0.876983099296154; -0.582671196354704; 1.15109366673564; 0.0225837656727158
27; 0.937787027949808; -0.894395855294859; -0.14407834161818; -0.725365260175954; 1.10201609486217; 0.0730679560800484
2; 0.712678155295685; -0.265709491646388; 0.216562660360545; -0.771517182950226; 0.933156882359796; -0.222886647707715
63; 0.835141212351344; -0.348685719117804; 0.147781463467064; -0.531101011399627; 1.19958598781311; -0.0760264654721046
0; 0.632991482751686; -0.64486961338633; 0.377192846409637; -0.625589508776475; 1.08635549284225; -0.0660308479874464
43; 1.22115378373695; -0.51911808267572; 0.00502246530157574; -0.780414720725927; 1.12039459018518; 0.22051383064953
61; 0.681867327088108; -0.571022868482326; -0.021275316681727; -0.825090258199892; 1.05947390707648; 0.0335436949057985
35; 0.722212541744138; -0.20698935158925; -0.00501987279062449; -0.583313863579404; 0.956640257025179; -0.0153599289201897
42; 0.736302478761565; -0.266760897466074; -0.0774337004815897; -0.516948240942388; 1.03620096572749; 0.144309825300358
10; 0.783958562675911; -1.37875238579296; -0.0938486261077399; -0.514215823733072; 1.05273275989622; 0.202486548938105
1; 1.04057174463234; -0.583136498899604; -0.0191630123094596; -0.758018582870566; 1.18915078595482; -0.0545488882811119
8; 0.769745176486055; -1.32715808854519; -0.0195671164063607; -0.549139044456203; 0.873861757381287; 0.33646410605176
11; 0.607163702734157; -0.595172696211792; 0.243823090597499; -0.585253993704568; 0.893328508441975; 0.112474080885793
98; 0.269652071931903; -0.692991864282535; 0.40955328651698; -0.775988175441468; 0.926625217289067; 0.0350041996014348
74; 0.711743265591478; -0.461379017374766; -0.0992455710776012; -0.948386521130308; 0.881823974346902; -0.104833171601912
12; 0.661809569681342; 0.167121210305398; -0.293865625105589; -0.723260936392716; 0.941821216380828; -0.0472612959266479
87; 1.15338614331123; -0.567022576094339; -0.0867788770500507; -0.699096628687485; 0.882154116668645; -0.168959398241703
75; 0.914340264762416; -0.841446627161281; -0.076352327095996; -0.717588157287564; 0.923711631954292; -0.00781260278543407
7; 0.680476161745553; -1.28963814663766; 0.359697302736937; -0.578534297748659; 0.872850624842229; -0.147306741510151
55; 1.29469772537644; -1.39237848197422; 0.0879382668945688; -0.731802073421109; 0.987901892192531; 0.144376099715328
77; 0.679876587453504; -1.32453994245229; 0.405812682373504; -0.692583086421847; 1.05590402265253; -0.0552391775497322
47; 0.177291075296648; -0.532116219824587; 0.206990418197172; -0.677339005995676; 0.808509354496905; 0.00702444032908771
44; 1.01648026344437; -0.861333175729869; 0.429492552830579; -0.5793608265242; 1.05054892110078; -0.0704764619140912
51; 0.866342911750305; -0.550067097376551; 0.187910471566334; -0.709221987156194; 1.14628614897115; 0.060062585481066
36; 0.659229161931017; -0.0781429860499049; -0.822828026840647; -0.506486760881164; 1.06066817600077; 0.0227893267572428
73; 0.377489437814124; -1.28429411735281; 0.584680750756632; -0.681234485581551; 1.12072451340331; -0.0907245370353188
80; 0.763169068139074; -0.448023422582727; 0.0110717108896828; -0.677753054320348; 0.935557088408537; -0.0151228462618842
38; 0.9180872934507; -0.11585660068249; -0.0859610685553411; -0.794167578458279; 1.24856773650194; -0.143067244257698
62; 0.593158630669223; -0.236952374976005; 0.324209158148817; -0.662992058225478; 1.01714657234139; 0.0850985345987089
85; 0.5264581088575; -0.935865525601308; 0.160615371916213; -0.744826706140646; 0.753570846919175; -0.0458758073409522
34; 0.168193597386093; -0.737504032810935; -0.142953440033713; -0.644749030219449; 0.855221507228867; -0.217559988077462
83; 1.45992146987378; 0.340199820373395; -0.0675011041609332; -0.516627508126049; 0.97592496255676; -0.171196183633832
28; 0.433287765456015; -0.5280891767463; -0.103460073483917; -0.722211365199005; 0.823883580253108; 0.114367754357196
76; 0.74972942459847; -0.681933228217789; 0.216138026662005; -0.768907882385553; 0.960343579493869; -0.0961505751214082
78; 0.797127842408636; -0.0698118617162964; -0.0302340184478672; -0.654724794650998; 1.14556928371019; -0.0903853855981018
50; 0.570471187351238; -0.770599929664954; -0.364736616315388; -0.419916363041083; 1.11041773379575; 0.00908581176770657
52; 1.06852837510663; -0.921718083951829; 0.325093714843018; -0.839987295300441; 0.911206942945051; 0.0182543489266802
46; 0.819766458281341; -0.0371922031630148; -0.377812822315389; -0.846018658806731; 1.03995173534473; -0.00101958418046421
5; 0.651895509780531; -0.418646384854564; -0.0462761262162325; -0.575422786314142; 0.794812024735697; -0.00439900972898909
53; 0.781498735259378; 0.0114356011130617; 0.155130917291635; -0.613902830517617; 0.882937357329689; -0.00537954635328744
45; 0.671671028815909; -0.204432348951667; 0.142522623525972; -0.596204784711347; 0.760296099799466; 0.254214003496951
96; 0.779877430203705; -0.576906456604009; -0.0979914702238739; -0.522664676448318; 0.941998703663326; -0.137133833550071
54; 1.17965191895242; -0.129581891207954; -0.0273798263899187; -0.720801184949926; 1.12706039999765; 0.155001372235879
84; 1.14620821639606; -0.500115122193307; 0.175955935472008; -0.481917030996387; 1.09709227483329; -0.0264812736877097
79; 0.920852929483568; -0.771822610751142; 0.785505171055985; -0.716157107649414; 1.16230764903015; 0.058168325050125
41; 0.629157990650551; -0.208197772852249; -0.121806796554825; -0.729524281621037; 0.790665391424141; -0.0767825874330993
31; 0.800725990167531; -0.700340122812929; 0.381108510857444; -0.835849066770526; 0.931101059347578; 0.0703146397523366
86; 0.622925699906939; -0.843162429403929; -0.0793277740761711; -0.753197045347717; 0.871646752495543; 0.057011683533642
71; 0.533387363823873; -0.550709990350626; -1.44301913202822; -0.610646288644039; 1.05040695630628; 0.127560972297043
163; 0.275721968015653; -0.697051032441554; 0.171016838977921; -0.587622209435528; 1.09228374521012; 0.0233521740838327
162; 1.01364248779499; -0.690187492956119; -0.352640889075847; -0.81136086063082; 1.09563862836317; -0.197997706608424
176; 0.74485782912015; -0.599162851404564; 0.0416655354452917; -0.805844693120838; 1.03796600935501; -0.132435881184807
164; 0.675850488190929; -0.279350460784579; -0.0857071386687605; -0.722273734156272; 0.881701003281418; 0.0125682544186674
111; 0.717693141270597; -0.591487593321543; 0.204921407483911; -0.864739799327037; 0.945293291925244; 0.0347631647499569
104; 0.570612883688205; -0.624236230460215; -0.176972232049677; -0.706387987032693; 0.891864473044341; -0.00719453553088521
171; 0.791574570220045; -0.18472780489601; -0.0685106446086355; -0.609582187666023; 1.0696244898329; 0.0806584364329595
157; 1.00752733957903; -1.14727950098324; 0.192492408579314; -0.741014537868963; 0.816940842918208; 0.22024350366642
103; 1.1576149604605; -0.0336218477741436; 0.0731648948663228; -0.686937522156058; 0.954705687452242; -0.00435273769360964
100; 0.250123978785008; 0.0526305229317971; 0.104901786370784; -0.54384001094131; 0.790978557039628; 0.192859366810492
106; 0.836656147632151; -0.706026021952969; -0.381529961185446; -0.812943779847619; 1.07955374677075; -0.114301046146211
170; 0.074262903567293; -0.977319578466296; -0.854792706437248; -0.662877714796294; 1.11670192169934; 0.0421903493456175
112; 1.14547224201066; -0.175570709569685; -0.529988811855681; -0.823224222484804; 0.804786940378588; -0.0775410313053483
156; 0.621605647760523; -0.627338530406406; -0.0468221501597605; -0.955933600440112; 1.20009926373582; -0.105210753303452
107; 0.809084117851296; -0.756235794103274; -0.223697272840114; -0.843905017687292; 1.14498888177053; 0.171303637953303
123; 0.890603197547327; -1.12110891235976; 0.17140869591251; -0.570953774677293; 0.817384732941928; -0.000816492197881544
145; 0.756933641696934; 0.0400417644157528; -0.713189555022939; -0.78414516474605; 0.945551585096691; 0.110264557628682
129; 1.11620784060493; 0.0391174386195729; -0.481838420732349; -1.00577138876003; 1.2333808806345; 0.233231775367244
122; 0.797667498859442; -0.570029008394494; 0.363210484043719; -0.750251336702055; 0.925217767775286; -0.105617100717971
181; 1.26722109715928; -0.159711379758724; 0.0895500954413399; -0.862011473301887; 0.86614884320782; 0.133090347823111
127; 1.02740740682357; -0.219812912879593; -0.0478270068162293; -0.812033926804816; 0.856839625435401; 0.148761559451419
121; 0.811211886835855; -0.988377674648637; -0.00582567141820308; -0.739942300328204; 1.16635177710389; 0.0958759487960954
161; 0.77406008579488; -0.770970279496686; 0.285390563691492; -0.945678101785687; 1.08134947709727; -0.108195071498716
114; 0.848835794750173; -0.711118751457925; -0.0143185234402836; -0.664509590484854; 1.01496618716064; 0.0487327290267813
180; 0.948285444982143; -0.138204301465385; -0.492808820911594; -0.488970238847208; 0.982548794910221; -0.169289241618567
148; 0.922929551272292; -0.563526425353684; -0.0866857062356095; -0.684739150525946; 1.22620526470191; 0.267612876517586
117; 1.02376808525803; -0.93989573589683; 0.211579277141666; -0.653316506079654; 1.02220892521204; 0.113860333948573
169; 0.976169359729515; -0.710886300879297; -1.02729223088157; -0.482271899180636; 0.837947802442206; -0.08412767869225
105; 0.735577185304615; -0.712940409858601; 0.325135146621295; -0.638595888077544; 0.941253608987724; 0.184779073540043
110; 0.693309733379001; -0.50871268650406; -0.284657405368145; -0.693729369487497; 0.840579871780837; -0.101702010054436
183; 1.22323638472907; -0.725920817473593; 0.421622509791742; -0.772228351779838; 0.923842639412917; 0.1967649996839
102; 0.939914001381352; -0.350227497901538; -0.500908829898451; -0.934298125163546; 1.18776505069812; 0.20244759737648
182; 0.832415194185223; -0.347796667659404; 0.291093247265944; -0.748460152310858; 0.950470137905472; 0.145255905209344
185; 0.116129014157784; -0.782034707296262; -0.248048699403847; -0.762779487853108; 1.0081370345983; 0.0315575231259929
167; 0.667699318350259; -0.355332970617488; -0.618917825892151; -0.708955954565658; 1.12832498344275; -0.254710532721431
195; 0.692382025575768; 0.102124568256377; 0.14829377059828; -0.615380318834233; 0.78204887133826; -0.143510949203691
153; 1.28120177261796; -0.544838374322559; -0.00941168452160917; -0.867295817915038; 0.926477866597975; 0.0634032341710155
197; 0.879110668984984; -0.558140740571811; 0.489501069002416; -0.850940385464531; 1.32257895570102; 0.162906288023147
184; 0.689442346449845; -1.29035024939609; -0.0668595033194738; -0.689786083259339; 1.17412046805335; -0.169677835414349
188; 0.766224106382102; 0.122683989255467; -0.0626914852315763; -0.472136279588958; 1.04747898107611; 0.0728035825130234
126; 0.789834969568633; -0.551933602067808; -0.157523913501973; -0.688742106850271; 0.959886242628226; 0.0606535739976059
128; 1.14339705142861; -0.769649301565151; -0.0568324754931601; -0.832387937935539; 1.02143596146023; -0.0826940458093173
125; 0.436755591469574; -0.160005034516987; -0.390297580362254; -0.671072506535815; 1.00978302306411; 0.141102581510624
133; 0.917807116165571; -0.903000807311686; -0.205428351067116; -0.893067932833765; 0.932488478852059; 0.10811865746859
196; 0.482059534569632; -0.390434757832127; -0.373359178110876; -0.701059908215727; 0.951498079280733; -0.20701532467325
165; 0.961498511127932; -0.298381512636929; 0.215351018710018; -0.70865840276489; 1.08217733108418; -0.172799951922335
155; 0.846037606854345; -0.528642947490712; 0.122564493246075; -0.944603962581174; 0.990642483553962; 0.0354899336758068
174; 0.404434296521392; -0.656745210195148; -0.288759609335896; -0.900380761801701; 0.986698965651299; -0.0961158116615457
175; 0.356270248095764; -0.328994834248438; -0.260565536446034; -0.924012751511177; 0.9143248184235; -0.102223309780887
186; 0.675718245763223; -0.640359070351209; -0.0138114417363029; -0.816052785494189; 1.226387387054; -0.113970605810666
198; 0.498065487943645; -0.713043041063131; 0.0480681810468997; -0.624051947659107; 0.957189703166757; -0.143408316726671
108; 1.16467562195866; -0.0543416249371291; -0.232559227485165; -0.741953939165737; 0.929658649054837; 0.11431652483364
151; 0.684699456457496; -0.601837822397194; -0.232171433432673; -0.569961810447191; 0.911434083432475; 0.12518022451305
173; 0.685207760767752; -0.402366990764777; -0.229596988803606; -0.639571519726878; 0.902787488079581; -0.149731355569805
113; 0.732918347077428; -0.539609839949486; 0.367756940464778; -0.84323088793486; 1.0218827033253; 0.107019986508618
142; 0.806076839330057; -0.617558559469306; -0.567600325855374; -0.880773336816875; 0.963933155777519; 0.036802479887993
150; 0.655495816844164; -0.765208194336959; 0.485321792876075; -0.695871144404666; 0.961715566889264; 0.202067586267125
109; 0.901217225227824; -0.379860448514583; -0.0121995543170943; -0.67346093945363; 0.875754925564961; 0.11942537966184
130; 0.0145262368997221; -0.432345288813066; -0.218157693681332; -0.927108194867055; 1.17178702437891; -0.134625965459222
124; 0.805438567251707; -0.722657138828397; -0.391960563862484; -0.757940083388503; 1.09620828246794; 0.0432422950047835
194; 0.476703125551576; -0.0220329061397708; -0.162658690836224; -0.709194378351438; 1.1084599867841; 0.0955676981766901
132; 0.454451435334924; -0.466336649282398; 0.48275018367988; -0.692631757429175; 0.821986476413211; 0.0982389248860994
119; 1.03893830277322; -0.525094325527074; -0.190047620713118; -0.649658415615545; 0.842376220537678; 0.123807190548011
118; 1.26777511766331; -0.206319307114344; -0.232818578062049; -0.803426090596904; 0.858257448351855; -0.111634421878414
115; 0.870982191561784; -0.241391048182016; 0.138182971527009; -0.436468095003615; 0.895953652577371; 0.0843374666745724
149; 0.962323799483802; -0.225826141915021; -0.409544165932659; -0.608646079867964; 0.772180462036139; 0.190491191126263
131; 0.774738943777079; -0.660248364216304; 0.151176706192484; -0.609244248487758; 0.928128214981163; 0.0362618612655007
193; 0.838457921487317; -0.0642150599403841; -0.209953573863614; -0.57007063470121; 0.984935372618067; 0.0297807055273516
135; 0.919614718309253; -0.190739555117013; -0.646531038354336; -0.539559733027147; 0.855329747221119; 0.0977874162475434
137; 0.902835983610489; -0.562569855928079; 0.520340075131365; -0.79688428093068; 0.893397717465911; 0.0799607758681065
159; 1.07490453382404; -0.169162319523585; 0.597237466059096; -0.899758994785972; 1.11176787022477; -0.0130182571011208
101; 0.657983791899892; -0.298786306096682; 0.532948086275769; -0.668919603878868; 0.961199372410008; -0.00129612653753421
192; 0.411358192743371; -0.918887456887934; -0.846461012594514; -0.758901780364227; 1.06585745141787; -0.0876000511517954
166; 0.488891196648457; -0.755099769210155; 0.276606742694557; -0.707928161769915; 1.11513379874078; 0.042118089407425
146; 1.23315819132133; 0.101761086094709; 0.541813449419114; -0.862112599767436; 0.91535747493293; -0.000853140752557895
120; 0.728445908841166; -0.590167075181208; 0.077841809878313; -0.57245974741603; 0.873235383943578; 0.204380670393158
199; 0.609388520859474; -0.511809640452279; -0.506263103240565; -0.604033904817954; 1.15226913888675; 0.0994121867634863
147; 0.28492857274377; -1.33834638916539; 0.0857073586067702; -0.592896882829706; 1.35562606100342; -0.162401821042857
189; 0.937353289458498; -0.489534621995043; -0.100976721745224; -0.750218750678148; 0.932865527117522; -0.0581131291347401
144; 0.836150979718699; -0.158561881977928; -0.62678284002728; -0.792262908941686; 0.964694533159076; -0.0123187598093157
136; 0.754722527016158; -1.23665632424735; 0.355986271370206; -0.612943722941131; 0.882860134089688; -0.173993422552575
139; 1.00819870336647; -0.633016888874458; 0.1425437911621; -0.584959439106955; 0.943138112969647; 0.0975192846883474
187; 0.836624235425203; -0.816628510029423; 0.265511313235012; -0.751084484339925; 0.897368703720732; -0.0149302726003269
116; 0.883441150771437; -0.593371255655634; -0.223687315209812; -0.898147444785928; 0.867658894107419; -0.140089613156515
154; 0.736807760707727; -1.0222776617095; -0.152583047509808; -0.586832581431492; 0.944790508566177; 0.176525745590622
143; 0.734379744809797; -0.283451384659933; 0.0761824008498505; -0.59342384219619; 0.847877507207733; -0.0955751608107514
152; 0.630018335299432; -0.224809533544111; -0.238377807214054; -0.698634273378481; 0.866923411322177; -0.0279363709652728
172; 1.03719698320724; -0.319385491263634; 0.112584987918092; -0.787235947142672; 0.931762391327324; 0.0734599475394991
190; 0.780490894864599; -0.803937422290751; 0.0649192421985815; -0.790239393995018; 0.940120779188911; 0.106646732093544
160; 0.730009724994473; -0.154774116524983; -0.0322454676241257; -0.644147061093084; 0.825740544821888; 0.165605418230589
178; 0.870314530711906; -0.385727538815661; -0.693584935405585; -0.699448124337627; 1.18040277576696; -0.204192474877101
134; 1.16430437998713; -0.403306786054675; 0.453949226587375; -0.828661246747743; 1.0532374217579; 0.164249727027196
179; 0.987568277144884; 0.0220526185345113; 0.235531824590243; -0.458543613092708; 0.80200825585941; -0.0608434448819527
158; 0.484709521379445; 0.193222611366742; 0.30927733659879; -0.519826178494238; 0.774792259432346; 0.143023130551525
138; 0.924938403590094; -0.366997436974693; -0.010744624137324; -0.750688592906446; 1.10646129262403; 0.141939260258032
140; 0.5979909760554; -0.436980565649734; -0.336564286379772; -0.663291071456575; 1.16571999623298; 0.0781154418820252
141; 0.745674822408887; -0.229722301384747; 0.0986834849080615; -0.452842149705575; 0.940548890980762; -0.0435217976956381
191; 0.949218021708971; -0.606152388519352; 0.0205678884477626; -0.664946988554681; 1.05826543735854; -0.145353611951847
177; 0.23741211679602; -0.535034664151461; -0.177284469407729; -0.693759349312404; 1.00742354661081; 0.11099800580947
249; 0.680731216874134; -1.40394599991675; 0.147289620735708; -0.69377963884817; 1.14403378560823; -0.00990828001342591
242; 0.862753141325116; -0.646957539524007; 0.502494777976231; -0.703596633443061; 0.882918191002984; -0.313033690925477
280; 1.08546772780255; -0.256976263993101; -0.140684927510166; -0.449039071567078; 1.07870387621464; 0.0427024526953699
222; 0.738803236977048; -0.557873261794456; 0.432109142441482; -0.704509226157836; 1.07248931026994; -0.0811148340220484
219; 0.7840690631475; -0.432592873004761; -0.288565972188178; -0.620693466323142; 1.00443159728333; 0.143260318503513
223; 0.641900424611533; -0.967172475573154; 0.318617841648485; -0.543685173537483; 0.818860459036345; -0.0492554710161423
281; 0.818941247910109; -1.0377839227511; 0.105524052523741; -0.938397518648214; 1.41440811321666; -0.0916805472768815
279; 0.4265147451931; -0.835654951345213; 0.0195614418774483; -0.669547228329936; 1.00315973012341; 0.0420855052198345
282; 0.728728929474294; -0.320807081133798; -0.18696065473246; -0.790200671507383; 0.994735676816803; 0.183204801117807
238; 0.578584221220879; 0.213587730993165; 0.174176555588578; -0.838838965274065; 0.781917424505031; 0.116009654278804
251; 0.900688546004504; -0.557960037693308; -0.536794625591143; -0.678220491212049; 0.923021087580102; -0.122156124678751
218; 0.913888174505868; 0.218363674794363; 0.142270252478431; -0.721974668428714; 1.16574423553748; -0.117754779222368
217; 0.323642402748698; -0.381614952895162; 0.273658526813492; -0.589172977748637; 0.790135460576017; -0.124885220072371
202; 0.077522392216705; -0.968264016802735; 0.174826272032552; -0.760911192786884; 0.898722862337688; 0.0589359220863181
215; 1.13973986446302; -0.469480697635833; -0.434498366090243; -0.933063459274473; 1.11328269258916; -0.101722936199726
205; 0.944253966778145; -0.211094857399107; 0.426915652462697; -0.705450112123591; 0.800910350853129; -0.248571977070722
248; 0.759884400512157; -0.442769684614462; -0.168693997248646; -0.836286941393428; 0.836673447009915; -0.0342463818537564
241; 0.794281350645267; -0.553046197545763; 0.303235371144331; -0.712049406652904; 0.875761669051444; 0.041917486532065
250; 0.832007275431801; 0.303851139517626; 0.325739631832265; -0.639413909968861; 1.12437189211255; -0.255427946023231
266; 1.08096332542558; -0.259956983749603; 0.121178191492667; -0.568546725189442; 0.972549081137006; 0.129874744149269
234; 1.17242259614382; -0.786804710494629; 0.342888253679688; -0.858100528925898; 1.03802696349903; 0.116042621341279
245; 0.573433563547963; -1.22803363626975; 0.143461381797777; -0.723552978015872; 0.982325370867208; 0.10072199974371
212; 0.903140687589072; 0.0391944860738687; -0.0550608812132319; -0.745954992722039; 1.02513643532208; 0.080661810977105
207; 0.786449200563313; 0.116821737278236; 0.373518328436751; -0.735008875699558; 1.08997428962195; -0.0611547811234825
214; 0.90644053203789; -0.872054956976823; 0.0327308347239412; -0.551635634087237; 0.901193167849433; -0.0468189588081603
260; 0.73837092530716; -0.55069675612926; 0.0341046727894583; -0.72464630796719; 0.918387722270372; -0.0154142817296386
206; 0.455630908169229; -1.52820022192347; 0.225703689533354; -0.912947642931911; 1.17910176676348; 0.0133037429982682
203; 0.314564611846092; -0.626327471407206; -0.144520754243055; -0.721298217811726; 0.998481449130509; -0.0477031369282593
265; 0.897332605162872; -0.482665294101932; -0.6170350276123; -0.888172801030509; 0.989242307166122; 0.0543265452307259
252; 0.980892006562422; -0.555550330412522; 0.0875309445443703; -0.632908539244491; 1.12156702239091; 0.0658835162162712
216; 0.533405556034983; -0.946966510252181; 0.512513488053751; -0.601602824935327; 1.16074673365568; -0.210434674955043
239; 1.0003987649861; -0.180785994709463; -0.327863956755633; -0.551363869010705; 0.800522026823752; -0.2067747273768
231; 0.955321404666798; -0.749096549298827; -0.415627582557683; -0.749365222730653; 1.19782688372548; -0.048121901727545
230; 1.12597012952463; -0.85160404213613; 0.258403688832322; -0.776715503469261; 0.866611811645015; -0.144000404956932
232; 0.440806696976334; -0.506611237416529; -0.325982057466122; -0.898547503029567; 0.847606308225485; 0.0732210092035479
244; 1.21749973291838; -0.582430760344212; 0.0536694611803991; -0.615805429149839; 1.12754068595099; 0.0660809952654486
228; 0.582969177608745; -0.684154715726384; -0.310529266380808; -0.595856582176322; 0.962160880842478; 0.0896767078499046
233; 1.09345614850866; -1.67728807361475; 0.285551115689063; -0.666879275388954; 1.10706813980095; -0.0742550593442117
267; 0.767540217420688; -0.449771404289079; -0.0177821591345688; -0.731810175588088; 1.00539205403414; 0.20433519962765
229; 1.06941966594544; -0.776244368177409; 0.215109086704225; -0.552825884629957; 1.03664315626092; 0.0162550967479296
276; 0.849675127133782; -0.540946176131574; -0.279673654021392; -0.706317740038245; 0.955847251815364; -0.185352764058455
204; 0.902273910690831; -1.0971513718225; 0.095660517470364; -0.681519516988394; 0.813944106949675; 0.159791944692001
246; 1.34136231677711; 0.134016809776762; 0.272919788420864; -0.469436773923705; 1.01332821778991; -0.219637111692663
278; 0.35670895496038; -0.319000400925773; 0.603976018466457; -0.582940564346591; 0.848928135641028; -0.234423972550362
236; 0.569151463224132; -0.614266739096685; 0.383045254282711; -0.70304230046833; 1.11436257178894; 0.016966445311151
274; 1.1393723993314; -0.741824188453647; -0.593681243606024; -0.599670295365916; 0.927148471381105; 0.01659275499009
247; 0.603451502224505; -0.667327963785566; 0.0430064851108634; -0.73775063696657; 0.837016772114341; 0.0419244215391865
225; 0.229296099184014; -0.81259786275841; 0.168857576775356; -0.76763616432118; 1.00809928386918; 0.0731920015605404
227; 0.631967265024608; -0.634034682006275; 0.0391691334826172; -0.794520667246385; 0.956477787364193; -0.0361326796230279
296; 0.744601237160692; -0.758790227016203; -0.364263848905452; -0.699939797291584; 1.1129392926788; -0.0234687677200024
270; 1.0370491343471; -0.044173262912141; -0.0964285827695359; -0.581164361098083; 1.0109228657281; 0.0155906208965581
277; 1.18129686957509; -0.432754096692635; 0.318892843421903; -0.73049003679294; 1.01979817347534; 0.00331364030580243
297; 0.971025607935392; -1.06672670948439; -0.184042977496719; -0.725809063669763; 1.12844892349038; -0.129934197804513
275; 0.636335349597933; -0.313684342512061; -0.0686020334065714; -0.629806633639462; 1.15217878895629; 0.0175793600211798
224; 0.962417629775032; -0.717282427291447; 0.161621911638714; -0.469372675674944; 1.11821760456499; 0.122266406053802
271; 0.448618534577071; -1.03383744010207; -0.641111718690772; -0.572939382893362; 1.00185711569346; -0.0726308502447817
273; 0.699687554251698; -0.213896296442079; -0.256913908795635; -0.525604992913379; 1.03053351712715; -0.373935658133387
258; 1.28811753098829; -1.17144049924281; 0.125276180826175; -0.809200820175938; 1.06531301558526; -0.199464264589723
289; 0.569915531917438; -0.347802628411374; -0.306261007283526; -0.569383407288799; 1.04695031658825; -0.0487951988472949
259; 0.82664137726441; -0.558050204334305; 0.0238865613997254; -0.73380585642321; 0.840001671286056; -0.113985296562591
292; 0.954220351092885; -0.574568613229993; -0.193478030975311; -0.877920034007505; 1.15894894697476; 0.0179350310300015
237; 0.877744392364707; -0.509858663777301; 0.00470488782141269; -0.610225777163944; 1.01933000121311; -0.0962811866936124
257; 1.07105945387293; -0.23754516140905; -0.27038853758678; -0.774302949566425; 1.05097616701587; -0.160295525898235
272; 0.49677179181774; -0.624969185210076; 0.189212485245498; -0.713719341877223; 1.11440492443173; 0.075481111773096
288; 0.261730243573918; -0.552490016260111; 0.00878116214577741; -0.694152953750881; 1.2923860082921; 0.21666940917662
208; 0.686104110540677; -0.965653688343961; -0.466968347275202; -0.884400334605656; 0.847510933355712; 0.0375063309164719
287; 1.20994801045288; -0.430210240668415; -0.586147510695148; -0.669194507325361; 1.1297802782471; -0.0279916083349444
290; 0.563607164872267; -0.579032246399192; 0.366826108840576; -0.591675338206192; 1.0574324428211; -0.161424485132202
285; 0.648276828639844; -0.503183602882305; -0.366851742816915; -0.518223287256881; 0.975478609235782; 0.250295132475552
262; 0.617174083973993; -0.278288928215635; 0.324712541264846; -0.652485554932832; 0.845492308804502; -0.0923946502932393
295; 0.472792070268731; -0.243588364282449; -0.0780797177588897; -0.65906657434399; 1.0544834228581; -0.180757409297758
286; 1.15103101487599; -0.473346371538671; -0.219390366499606; -0.815813963991389; 1.12593866649974; 0.0449117265937512
213; 0.922001668653284; -0.685009712803347; 0.0497613062775132; -0.804697373377119; 0.992587198700936; 0.0636468844218063
254; 0.742614620877603; -0.557256165146239; 0.0770792831784663; -0.615699934707664; 1.09889517982616; 0.0295645448703029
200; 1.34472752461743; -0.957323810925403; -0.625522911616545; -0.706571026721262; 0.977852741377794; 0.117707267384556
291; 0.781269319207091; -1.00738336145626; 0.253876889804505; -0.832661572950934; 1.17350276248945; -0.16303052283973
220; 1.02107283696478; -1.2092665652864; -0.224167971098878; -0.511199036981553; 1.1552554041301; -0.0719465781594632
221; 0.762583097834922; -0.201921444528688; 0.0412761644363704; -0.768591049347053; 1.04906140988925; -0.055264484916027
255; 0.888006268211856; -1.35367132466341; -0.380401507040866; -0.814038594885147; 0.98566564167623; -0.0362958851694621
253; 0.231946026967535; -0.882686998223519; -0.0110022404613247; -0.680103504756961; 1.05293680304295; 0.167498723636116
264; 0.890309411329441; -0.570845419961266; 0.21998964255399; -0.695505750027278; 0.887547012567403; -0.225408279589683
284; 0.902623254075469; -0.29671661837387; -0.295210217798496; -0.553236751142004; 0.946080569273192; -0.0899834433665551
243; 1.04347511575252; -0.497919411705502; 0.0454564844535548; -0.937708533623211; 0.928535319135707; -0.166958013513614
235; 1.586442873214; -0.437160581966986; -0.747304215121838; -0.595295038251116; 1.32628762651058; -0.0118864762677596
201; 1.02304231243827; -1.20469082937639; -0.0251427687166343; -0.768873921471647; 1.24002558370465; -0.0723624347894033
298; 1.10049283566889; -0.217274759902007; -0.219820077193941; -0.63457784803579; 1.00617500425484; -0.230257392060536
240; 1.08062942933369; -0.150255149335225; 0.0484422204941275; -0.67648960355633; 0.777803861477405; -0.0948011229422158
268; 0.841136556128463; -0.5219054217683; -0.472967685624573; -0.523388262649549; 0.962628333267691; 0.145757343609319
283; 0.682350892569688; 0.163144742682661; -0.0667183279760443; -0.737362927482063; 1.18320163676025; 0.0617719784395024
209; 1.05486301379233; -0.340854635081222; -0.0427273180691871; -0.508850926415989; 1.02941194992899; -0.11732500871503
294; 0.890851211966598; -0.288681083463565; -0.00992666483342744; -0.680987641658159; 0.934284905667968; -0.129375832018242
211; 0.981855419665208; -0.511353263768665; -0.812444195642004; -0.656806197649322; 0.977615965113537; 0.101941036119421
263; 0.771394808549349; -0.228505918637557; -0.146974782917833; -0.670800993829901; 0.921628238148779; 0.309507744889981
256; 1.4192216667054; -0.936591040244604; -0.214225857401622; -0.854646801652054; 0.824689239163004; 0.190035358898114
269; 1.0009868918716; -0.2730695126139; 0.432804190437037; -0.5443270237912; 1.36334249673178; -0.243614352894802
210; 0.90869485928852; -0.740801858108659; -0.0433311527397367; -0.603409934832531; 0.900801535781342; 0.44846383163815
261; 0.749421103916901; -0.251886685445032; -0.200073940091175; -0.765299605733349; 0.936398910863532; 0.20498766569222
293; 1.12314399585848; -0.197071491598728; 0.0147364548682404; -0.807645306849689; 0.908324990412568; 0.00592121599336962
299; 0.32807060072075; 0.119524943968742; 0.363724672423106; -0.802744657388046; 1.17617686571019; -0.0604874719275732
354; 0.998782942239773; -0.346241511471799; 0.372894064789461; -0.618376832090812; 1.03830046142141; 0.273025344427393
316; 0.72060713379016; -1.27661451306644; -0.39751290764359; -0.81411537907698; 1.06364386698094; 0.116637923553851
302; 0.506930594674993; -0.571117171572541; 0.0949507944685983; -0.625768204897954; 1.04080515068234; -0.0326092732052636
353; 0.833854667034261; -0.454544321888068; 0.202618364731051; -0.812283280597283; 1.04429902233257; 0.282954883833413
304; 0.958690662871051; -0.210326641840987; 0.441924787068269; -0.874776374169269; 0.760577017907889; -0.0724109194862221
305; 1.01575631913252; -0.265209009666916; -0.19356921559847; -0.695020109551415; 0.945604967319393; -0.164218167468823
337; 0.585619122090252; -0.277773954279979; 0.192113347013746; -0.704304474301055; 0.809433716027927; -0.29531289773612
385; 0.575085495829601; -0.307861978632418; -0.173590481412301; -0.682217376458779; 0.909592410712561; -0.105124947179476
301; 0.866974152290975; -0.751156902055491; 0.0609835082304644; -0.719722301101255; 1.00522807333301; 0.0254338664981447
384; 0.641515751474315; -0.412516985264821; -0.225003429832547; -0.798284598674497; 0.950214737932254; 0.198274107470073
320; 0.761102496474333; -0.523197922462676; 0.267649027084019; -0.696638743033846; 1.22491105867671; -0.0878469485128296
386; 0.890152868041305; -0.835408298556461; -0.243357283461544; -0.530602267249189; 0.888222630954561; -0.00146482716809053
321; 0.501722435386036; -0.116056427639274; 0.16296069159669; -0.820626522148215; 1.03382951782297; -0.251664653656899
322; 0.66782236509604; -0.570516268898866; 0.208211729771025; -0.642565020762778; 1.07422904152623; -0.107464017210198
387; 0.510986266118692; -0.566652862073583; 0.467624077667147; -0.817042629587548; 1.10573540078318; -0.11595932590882
309; 0.786179843101323; -0.46440157018613; -0.0478147965136654; -0.757606051384736; 1.21185271141988; -0.0650944466951851
383; 0.406664118395865; -0.774434851961962; -0.220529775570446; -0.72280491470956; 1.2944226783729; 0.0960318476456624
326; 1.10816037847418; -0.570096361208308; -0.424609197794835; -0.682672095509574; 0.920718972015228; 0.253540614530785
311; 1.30036199467937; -0.254839778018596; -0.637941998995521; -0.490815803401063; 1.06864144017161; 0.313192998139226
303; 0.889460169687922; -0.264565541917266; -0.0342310001313115; -0.850067478560404; 0.891934015976076; 0.132264659856618
310; 1.21173107446332; -1.27658926244331; -0.0364219492262611; -0.880775575666302; 0.8782119066099; -0.089576721768065
339; 1.14089719213746; -0.500245171870977; 0.383309297523623; -0.640069005250221; 1.0332159680289; 0.0493016227056592
318; 0.518568864510964; -0.753610884681888; 0.212901377728442; -0.780971435364055; 1.01030097435571; 0.173708163581773
325; 0.821211460385679; -0.498200282673549; -0.715595147726463; -0.528691418486623; 1.04088716156325; -0.000456907758456055
390; 1.02131966116595; -0.528036284003108; -0.132669847231036; -0.995611968297667; 1.3133439028694; -0.445937644290896
338; 1.21711505871621; -0.815797396590803; 0.357544954857386; -0.794215487590301; 1.31931263047736; 0.0988058318630353
399; 0.58404571904934; -0.564868084972677; 0.14639645128544; -0.712443384451857; 0.813300297169266; 0.0826849032485863
307; 0.894742499547838; -0.882776094174903; -0.341219329968582; -0.561909518323497; 1.16525583619505; -0.25474254370873
323; 0.248278272246385; -0.323414899137705; 0.315219961730728; -0.612041367817333; 1.18234628530173; 0.0963704574079528
382; 0.892762866303334; -0.871148093291856; -0.367146899883308; -0.66184406158261; 0.911209334381575; -0.00994147936668052
335; 0.526122954092861; -0.993203743450584; 0.305929474991514; -0.977543856031976; 1.04246761136186; -0.219256835423829
334; 1.24943770507633; -0.389876357905521; -0.241771674869539; -0.731792591621769; 1.01255316608815; -0.137373625804535
368; 0.654473476267554; -0.607617312502001; -0.508353588047769; -0.774724066794106; 0.978270667003829; -0.143681788958769
355; 0.702661888074522; -0.689906054882481; -0.184112703839374; -0.933845640196125; 0.893070734426331; 0.0307539246266103
356; 0.851304433610745; -0.13637607988207; 0.223310083867774; -0.611728211834946; 1.39384342742283; 0.38886852517986
331; 0.514717420486707; 0.228128006913853; 0.43094268255061; -1.0397974792017; 1.02268456852611; -0.171230871049572
333; 0.631888907051951; -0.815547525634757; 0.173627956204519; -0.432054235021678; 1.07491759016007; 0.0186577147297412
360; 0.695153009925676; -0.787183938599353; -0.140559335271203; -0.833520247288047; 0.907519979232637; -0.060735982656917
364; 0.906352560160394; -0.339732008967972; 0.069295199486275; -0.569053972670923; 0.990285235595117; -0.10007837934864
373; 0.759751383525207; -1.29165395117227; -0.276192954451707; -0.66568353223099; 0.932614855341518; -0.158974719884117
362; 0.903844839231508; -0.557907713640719; -0.0627179299325945; -0.732532870670557; 1.01564046910106; -0.0075870613827541
361; 0.850296115900808; -0.716502768879099; 0.409182782428064; -0.578006122675503; 1.00426820942504; 0.0719610760183329
340; 1.00748546255387; -0.353508076791716; 0.0117515085943512; -0.825111832943131; 0.815021354825064; 0.00244904219782038
314; 0.903775714290241; -0.878358314096436; -0.814379085999215; -0.621776937638411; 0.867140191692654; 0.0302579774803653
374; 0.865638190399985; -0.403394990139662; 0.211767022580509; -0.657662647510366; 0.853329835500779; 0.028033465096268
351; 0.850873048404425; -0.354248174637904; -0.354250654724833; -0.648579552049812; 1.06124663556461; -0.129447065091259
398; 0.730428108285632; -1.05045993660921; 0.110198101874731; -0.529317845250378; 1.17199757206028; 0.00539717549568325
380; 0.328813328660458; -0.130112827293048; 0.470166562576901; -0.6086700371769; 1.1725740011611; 0.102993184721196
329; 1.08666872236431; -0.769645004697158; -0.59736400532864; -0.565831331535564; 1.04459535083815; -0.310666632195638
300; 1.05765509325784; -0.145055519780603; 0.086109112832792; -0.839922340731487; 0.795089001046681; 0.00140057812692737
357; 1.08533806949292; -0.147018617299495; -0.449725231748741; -0.739185237443933; 0.991159306136601; 0.124899730850045
391; 0.951478358102767; -0.492863273763489; -0.339948284259287; -1.02774410596416; 0.829575221246965; 0.181101473375757
327; 0.920674378192969; -0.369847017231066; 0.166393243552274; -0.760745157116246; 1.00204606681197; -0.0385888470399245
388; 0.950789658508262; 0.235805979854653; 0.147206771469484; -0.77550095550594; 0.98986710947041; 0.00964375100813398
396; 0.947086705526228; -1.17980794455758; -0.328136877653363; -1.05930977409865; 0.85075757373447; 0.16982431262535
369; 0.356209035740909; -0.903022131618886; 0.248731874362931; -0.885388671858831; 1.03012937285537; 0.0461145773625711
367; 1.22976340026853; -0.0519727786881832; -0.0649258613710005; -0.651197737269282; 0.956735623656153; -0.130105179891681
330; 1.1995312646091; -0.490251523462731; 0.215348555432203; -0.71403242053182; 0.739645655566157; 0.15908140751141
324; 0.983769967559795; 0.0810091285276899; -0.0694392420118685; -0.768642363892051; 1.13160461130608; 0.0447049280841336
352; 1.18404801060658; -0.0802093223872753; 0.268989428217761; -0.918250653661928; 1.00838165852939; -0.0323103350006124
393; 1.15845448819003; -0.236513615070811; 0.7070702638629; -1.00994416258721; 1.14796356881684; -0.163134307717845
371; 0.802173035237005; -0.236380791473868; -0.0424192051561448; -0.671485582034662; 1.06559338300284; 0.074607891803744
336; 0.594384569374409; -0.897816754172672; 0.106675509179211; -0.474660397565754; 0.863333787206993; -0.154117234525073
348; 1.06745421133845; -0.7866064500468; 0.185198109146168; -0.832324396151191; 1.04402639939163; 0.018087424984898
394; 1.11133372394779; -1.50401782283545; 0.160773731575535; -0.861247209181263; 1.20102940559345; 0.0159191939808495
328; 0.596782996325159; -0.183785154740609; 0.0562656908698899; -0.737067372278256; 1.03538991921059; -0.0716519501124351
332; 0.73898163440136; -0.384493955899077; -0.0848000772468478; -0.870370467114004; 0.983848691798613; 0.154749150340044
350; 1.18333235493612; -0.459031586779124; -0.444520296842341; -0.664298120528321; 0.877588862372126; 0.102230238127318
372; -0.00518375539007652; -0.721322280663808; 0.531787695241453; -0.795477611081433; 0.869746725610887; 0.138232816823005
346; 0.880320858166885; -0.288989317027138; 0.0409566938847785; -0.789068254134764; 1.19912108650174; 0.123467662435055
349; -0.510332761360304; -0.965812384387046; 0.206426849257068; -0.677167871638392; 0.89768071285238; -0.0361788750347926
347; 0.491312841465076; -0.814794146028724; -0.635325770634763; -0.634397715804605; 1.08922156973975; -0.220300878543558
366; 0.727815788518357; -1.66695263873524; -0.194860812034867; -0.691667680639235; 1.15487834029156; 0.0956431624852967
392; 1.04499437274259; -0.296406946865845; 0.385667624449253; -0.696198212756685; 0.986395446018375; -0.119743968521573
359; 0.609047487841703; -0.734349204922656; -0.0890741651411106; -0.601531457043659; 1.08949530325665; 0.0151788195236768
379; 1.19513669578636; -1.82850052980852; -0.486228822936588; -0.692437069764768; 1.0270840462672; -0.0820476143020391
381; 0.798403496967432; -0.848861971376263; -0.188449022468791; -0.621825626869125; 1.07119694295142; -0.0147434486138743
306; 0.896187468937298; -0.341458081551842; -0.63450250869788; -0.856335783767668; 1.1257036114489; -0.097941851955006
397; 0.890028646012111; -0.221209125354472; -0.280853815085666; -0.713208998910852; 0.883116156169686; -0.0547689611492543
344; 0.605252796701774; -0.971363599602701; -0.265907026997777; -0.815989863124502; 1.09735285249597; 0.133391628862786
342; 0.702167673112965; -0.207070262916499; -0.165483054842029; -0.721709710617168; 1.04497791430693; 0.11490048468038
389; 0.967490978137963; -1.55140655364672; 0.122608008246928; -0.761915023394139; 0.872913397916361; -0.0260425469935303
395; 0.900789569425288; -0.861642435647648; -0.691567626670043; -0.621643274111426; 0.985377246086663; 0.067576523758046
358; 0.700475177175948; -0.418807570288298; 0.17501280354383; -0.824682996142089; 0.889080048357132; -0.141341055195805
319; 0.807072805718131; -0.339031189638654; -0.0748377632445708; -0.732559212089415; 0.94033950613687; 0.0799738008664146
365; 0.783641347665161; -0.329326717588028; -0.758881263296523; -0.795384883451278; 0.81913832120761; -0.0150070689649532
308; 1.13222794288295; -1.65357239882434; -0.385465058330435; -0.897887523252994; 0.721908746247444; 0.235080236694499
315; 0.460937452040156; -1.14124531291112; 0.317483257935221; -0.849573399932297; 1.0722407967275; 0.185179143017228
363; 0.707515478578038; -0.417645843163023; -0.00248201867301531; -0.674977968589749; 0.98990738330517; -0.012489629558574
312; 0.74929494926754; 0.0291837036287218; -0.30585785054426; -0.400492159162635; 0.949596786698401; -0.0388002170047195
341; 0.704458162133397; -0.742360288311093; 0.133696699422304; -0.761952312314046; 0.916253555099536; -0.0133047047264095
376; 0.906632081251301; -0.518653374304597; 0.28255113895021; -0.698114533893749; 1.14938209199292; 0.0279473385642664
317; 0.666289339656907; -0.29240539937654; -0.297969811095943; -0.662153228930584; 1.04894754500269; 0.25252382663803
377; 0.363216233422476; -1.28386921818894; 0.334071874424974; -0.611336247262872; 1.02425284077838; 0.0102964531431236
378; 0.817149310176405; -0.575265904712093; -0.0936441902358375; -0.63546553808148; 0.96597964243397; -0.0645749575108424
370; 0.500867122426427; -0.0757173281121513; -0.235360794820729; -0.637119917863954; 0.996789468663756; 0.0826019341322099
313; 0.878108922546261; 0.162416246766335; -0.472297950568278; -0.708994822994811; 1.17914041033578; 0.0256050817137026
343; 1.16933245928051; -0.396354458228183; -0.348626761507393; -0.649314729738009; 1.10277188837118; 0.123150020382034
375; 0.537248921224895; -0.36037639900801; -0.312317119431053; -0.62369207225551; 0.953760503848406; 0.225373160997523
345; 0.884709216254337; -0.690180388364131; 0.267525313412556; -0.559553667905999; 1.10342206436567; -0.157489060919036
420; 1.31562847062716; -0.265376830542019; 0.0305330653177254; -0.844426523036579; 0.781503334429164; -0.205618667410517
403; 0.657344796552585; -0.394733702528243; -0.809269552851682; -0.761984537813356; 1.00543250410129; -0.0610255012104209
400; 0.440826185532139; -0.697616609438274; 0.216898964626127; -0.67932731536828; 0.915065249436888; 0.0809364843457626
401; 0.366661970360876; -0.793182557913733; -0.217593620286606; -0.597003406447976; 0.974915945796758; -0.053609279018929
433; 0.948669891370997; -0.133825809019002; -0.146878577813778; -0.84533758204066; 0.911037904805732; -0.013150928579884
402; 0.845184156794413; -0.579542819367596; -0.615545859845221; -0.853461413973585; 1.0273309421628; 0.0363281413371198
424; 0.919399575439536; -0.17208540092609; -0.395160903473765; -0.520610928466306; 0.897537116205155; -0.172984825256904
422; 1.0853952633979; -0.274381132960545; -0.163827825627665; -0.724779150297497; 1.13890337155433; 0.111681702544895
423; 0.726394857010357; -0.421068297857506; -0.395434072933567; -0.665722966223965; 0.834208273225991; 0.0848914661885734
404; 1.20400870337896; -0.947195633791137; -0.168221017708864; -0.729311636143751; 1.0729216160697; -0.0540267885935476
409; 0.417869676806871; -0.669319572883508; -0.59585229354848; -0.629710697520169; 1.14430651571994; -0.0678345923632236
453; 0.904732202464262; -0.370908290259511; 0.324585128825186; -0.646959656647669; 0.747418298557142; -0.190312131649255
419; 0.92490061965874; -0.563427076956343; 0.335917511584075; -0.637171993421227; 1.253804816115; -0.0179774973807326
407; 1.03651074235187; -0.0889120363537318; 0.152515044757189; -0.651174564469657; 1.24415394591422; -0.070509020507571
421; 0.889248925182095; -0.396205080899446; -0.296838504946508; -0.674994079152202; 1.18432266143427; -0.1008162173367
408; 0.751816618819566; -1.25292905888804; -0.196201756155673; -0.825008790683445; 1.08872540529194; 0.149484691153944
446; 0.524926535267133; -0.633212422410881; -0.0440723475813409; -0.700474898979752; 1.00063472886872; 0.0454857961314094
405; 0.957267198343253; -1.28009406435624; 0.0153162664518423; -0.779646857417773; 1.23581148729055; -0.0502188820763759
411; 1.07547419319052; -0.149230167165336; -0.31823213680937; -0.860566581321731; 1.11100591389999; -0.0131302117035407
410; 0.482250159025024; -0.532741434338645; -0.616274512183512; -0.817268906562692; 0.91698553587675; -0.00265431221517837
412; 0.751092062714346; -0.576243907842061; -0.469658724696954; -0.779293340355688; 1.01860383111238; -0.0354678467858064
476; 0.562937039692682; -0.918708814919568; 0.240636078621115; -0.642175696386205; 0.949554232672208; 0.123160813957399
498; 0.988026591620266; -0.681137554075526; 0.0425433252582391; -0.66682530949422; 0.996328760119089; -0.105169272330183
469; 0.973550447321489; -0.534863157638629; 0.00519962516826969; -0.630922267294579; 1.10630609498313; -0.0442169622767643
468; 0.805221436722231; -0.938861054922246; 0.412117854858181; -0.478167139035564; 1.00736560912785; 0.0423991073384587
475; 0.690678496052241; -0.737358580181584; -0.158705004982997; -0.595640973940909; 1.06574490251396; 0.188573794070264
406; 1.34057416567114; -0.404686027477016; 0.32668100101845; -0.801895517323672; 1.16914209166744; -0.0366565583062216
494; 0.386100826499875; -0.302046685312491; -0.299535924568098; -0.850718128970189; 0.990345745684052; 0.0399808584812061
478; 1.01156572318286; -0.500717889998579; -0.141542458195153; -0.723426760468249; 1.09591759426839; 0.182691222881814
449; 0.576609113291143; -0.525465374607759; -0.0340689992059404; -0.657863775717349; 0.956435291526371; 0.0723429542038316
454; 0.575118386453455; -0.729911397620547; -0.249770668786939; -0.539412225364655; 0.993583944675627; -0.0204692521182741
472; 0.497539032330465; -1.15900227582776; -0.519794282781781; -0.521574777373453; 0.995729621967539; 0.0444075390508857
460; 0.236819726743147; -0.637349017789029; -0.13061038262559; -0.599250188781565; 1.08357405897074; -0.0673732141580066
459; 1.12977401844759; -0.30865327047478; -0.329256094677472; -0.543243786413389; 1.41056580075746; 0.0272862871785232
455; 0.784938398569893; -0.475811141296109; 0.366711188070618; -0.713249037829792; 1.19675901186284; -0.0847335837656129
471; 0.57135031347382; -1.15859781712492; -0.0621633015879415; -0.613092452434217; 1.10356000314228; -0.105243560191373
470; 0.925228580319128; -0.72116483382999; -0.0492232565839611; -0.542189324803815; 0.855793444512216; 0.030956361040718
495; 0.967612621206071; 0.0386484712144881; 0.600249695115641; -0.675215419176191; 1.00387231331714; -0.00402424878612575
447; 0.736623312988697; 0.10676707408837; -0.0277469115738444; -0.852414898661261; 0.890695717693674; -0.0180790948579295
467; 0.33769018591106; -0.963523042924132; 0.080686776581617; -0.754955239783482; 0.957544620222056; 0.075752390945115
428; 0.851792551208233; -0.2384473355521; -0.414386018637022; -0.507024177577352; 1.04739288710285; 0.057831894912322
448; 0.696974308118813; -0.867950893917064; -0.111634641445977; -0.692065992236099; 1.2010714716704; -0.128915265689581
473; 1.06330387987434; -0.355359105130952; 0.134655878047418; -0.765380917915642; 0.945556049728886; -0.0737336851501494
474; 0.856891255869465; -0.76010721788303; -0.0863149216345128; -0.710354857024866; 1.14789367306279; -0.00618753536026659
427; 0.836978106342696; -0.494182046079104; -0.144011427800538; -0.812294350581645; 0.92701547277919; 0.222169207128769
488; 1.11301864628132; -0.597089651383191; -0.140690803643194; -0.733998362774038; 1.10746155136972; -0.00842082382747941
462; 1.05386436721921; -0.587869119112643; -0.21661898628179; -0.793948239546519; 0.918041815844516; 0.0491192475656561
450; 0.166555196243018; -0.8052093010081; 0.110352017657991; -0.663046492178311; 0.807514149408565; 0.145924682478958
489; 1.05747087454503; -0.939867428505075; -0.0348618635083093; -0.706369878579025; 0.911075334407241; 0.0716031260104371
487; 1.14351209060767; -0.520985563415668; 0.153367585636043; -0.82574888116572; 0.953888932753528; 0.0966290484719307
482; 1.1911744312393; -1.132454317183; -1.0158717904534; -0.608449535357992; 1.03482475320666; 0.187556344010945
429; 0.940083222048957; -0.0936205383032698; 0.0429019768848644; -0.798914942906439; 1.06766770967059; 0.0691718104101131
456; 0.162704476599585; -0.556426291666183; -0.184276880311382; -0.796547363151827; 0.927050554565347; 0.0478305923252159
413; 0.941474835826157; -0.380003374373226; 0.259748680010451; -0.64936959680952; 1.32020610716503; -0.236887565074909
418; 0.611600431568514; -0.743977934478968; 0.018111982517806; -0.858350637955963; 1.11257569017634; 0.143311572306517
416; 0.942909557202632; -0.80028829125779; 0.156273359838653; -0.798002530171431; 0.829083879567556; 0.0980084764044041
438; 1.17635412239894; -1.6692638043044; -0.759652282310156; -0.815943936626268; 1.15628250282038; -0.097756552336558
426; 0.83128065873542; -0.703667085264805; -0.0214993108228556; -0.638337955732367; 1.1399698323731; -0.0171971456661854
443; 0.571597640021426; -0.712237939395465; 0.562892023143673; -0.690691160820867; 0.860569920608295; 0.246672454308876
483; 0.34102567770235; -1.00861372919269; 0.319237055885782; -0.757030068731766; 1.094147145782; -0.0633505176872014
417; 1.19178727290465; -0.653923338155515; -0.182146197297968; -0.837003518658893; 1.13081464438175; -0.0571464754506354
439; 0.792990681239856; -0.475997078088601; 0.00623885812580871; -0.743343051458575; 0.874582575756639; 0.0868222937711672
491; 0.95446588252897; -0.744393498820021; -0.174530010871627; -0.764504814899627; 1.01802667624626; -0.0285419942973363
425; 0.939124762328518; -0.264978493686348; 0.0408428968157286; -0.599180731633239; 1.05504969448132; -0.102704205413331
465; 0.945851330863164; -0.532964234121907; 0.223012226771531; -0.653672693900415; 1.02377278457289; 0.0273064696661184
431; 0.691097682630117; -0.305149613897135; 0.300640988182088; -0.790840801986819; 1.15359099047513; 0.213532933186208
432; 0.739343874652284; -0.426099176780005; 0.767039358894802; -0.695955345908899; 1.0748958157355; -0.0271025858814929
493; 1.17734139287995; -0.690170449633538; 0.34313367331925; -0.651392217800236; 0.805453993001439; 0.112566717527906
496; 1.154515637623; -0.306235203248398; 0.0439200835953405; -0.688390760050073; 0.994730955768257; -0.152698777300175
461; 1.29155556936127; -0.447458437190115; -0.385734698959354; -0.641767805571989; 1.09569433647858; 0.101051358834838
430; 0.900612440296295; -0.24356527902095; 0.00728008769229457; -0.644064953803715; 1.15168490322811; 0.185926006368304
466; 0.85417463659375; -0.71168945878539; 0.320430329212264; -0.550971838548426; 1.14311167980765; 0.100463209457125
437; 1.35496390439308; -1.20939372834276; -0.214511275016461; -0.593364927976246; 1.04832939091012; -0.217539088833667
481; 0.948736251575728; -0.844097829823828; -0.61948657330152; -0.861410132009975; 0.978069458915499; -0.0837014931029963
490; 0.215833940461397; -0.305298459730374; 0.0146153280322228; -0.688538119403376; 1.25463463914024; -0.160607592100677
492; 1.1245666835042; -0.138034348490418; 0.0487832503961755; -0.746047612636211; 1.01684170662807; 0.0774689739694856
463; 1.00084715437046; -0.10112449368604; 0.507836929927254; -0.764347041856127; 1.02658360039424; 0.0194643137456503
451; 0.688555768604893; -0.81001088208701; 0.611479953003848; -0.695266389319979; 0.74531294718108; -0.0736821945747301
435; 1.09642361085088; -1.05279167868102; 0.110630739769118; -0.579093544564688; 0.893181722511474; 0.107523343866351
485; 0.301810088877561; -0.526111366028396; -0.334248207812091; -0.670237245851478; 0.971726614232131; -0.234306353924777
457; 0.339605542849269; -0.296200537025238; -0.0872960065575316; -0.758326261860325; 1.12042850451224; -0.0526022744846311
436; 1.25572928347498; -0.83212785667797; -0.143164165632868; -0.634866202192743; 0.99396835627605; -0.102189250742351
479; 0.741974181771061; -0.794806504695996; 0.0951094781202079; -0.663361345930198; 0.81970550925228; 0.0550445976232704
445; 0.364092363068228; 0.0507941540123587; 0.758108316999929; -0.658508285654474; 1.25226171882797; 0.145215792652723
414; 0.972425323137053; -0.189814518245979; 0.368687068025079; -0.58814901963854; 0.867284263958961; 0.0522569562820964
440; 0.807945497708076; -0.767456104827446; -0.0529637134014916; -0.397246209886342; 0.908640523071525; 0.0414604237379474
444; 0.951044594905929; -0.492201446391822; 0.306055330226599; -0.455610146477175; 1.03355093389835; -0.0252514516408292
477; 1.11974698237997; -1.25513830348642; 0.140143238077485; -0.555147741074581; 0.738361481175294; 0.0197608080710442
441; 0.785751583689443; -0.447131409813935; 0.142027541583252; -0.696181098367664; 1.16202403112029; 0.000141924129820396
442; 0.278142182121005; -1.49900843743676; 0.555462904986073; -0.729836573019742; 0.978466120179576; 0.030680245279848
452; 0.802810781953889; -0.498194323720928; -0.14567541162134; -0.669016785323683; 0.891221149072592; 0.0760764115407358
458; 0.757876215718163; -0.42357570129564; -0.190251306406558; -0.715457542848717; 0.926850612422655; 0.0415612721376279
497; 0.381883812544369; -0.661264151562835; -0.458718762216471; -0.602202704111125; 0.93053170487193; -0.15551949763256
480; 0.750321485923316; -0.669737879700323; -0.351783390297665; -0.774040544681797; 0.87228982166937; 0.0312756112212298
434; 0.510703013101137; -0.291900385009322; 0.366999261491703; -0.616288926448096; 1.01563251378735; 0.0465903345682567
415; 0.671478786750976; -0.502700856875632; 0.155485617222973; -0.758818204862494; 1.00598368300314; 0.169058138200254
464; 0.578000302826629; -0.920647193073529; -0.183581171007415; -0.870410392185978; 1.0663151193233; -0.0402003671477392
486; 0.851840395250989; -0.867616924024593; -0.0194799795431502; -0.694111289537141; 0.978689535013735; 0.00382332045057133
499; 0.575699835758647; -0.650028428447667; -0.632802290706133; -0.614594623009035; 0.689561413122551; 0.0353786186197955
484; 0.923349256200922; 0.0243010261026582; -0.326725096673056; -0.67991143351831; 0.848070751030966; -0.0210480138340582
501; 0.446102055873012; -1.50582098157179; -0.141707560217032; -0.701538825890767; 1.02310476786958; -0.0938521116505662
500; 1.31930344012684; 0.249786623240281; -0.846567046320286; -0.669921499711767; 1.30220632044942; 0.063918287176359
503; 0.977995909620289; -0.0320557864391359; -0.0715297740465582; -0.775310188621807; 1.06071983368237; -0.0505118336824122
502; 0.719757876079879; -0.751847041938803; 0.630838546840371; -0.643796145168373; 1.11450545391784; 0.102149121710124
505; 0.581306384045966; -0.0012969571038852; 0.112641123816764; -0.702807410124309; 1.16285546988433; -0.198594063954244
504; 0.666895399781858; -0.779268623920493; -0.213799983885071; -0.640208032181051; 1.07492258973173; 0.0378730229333791
