0.000000000000000000e+00 7.187485988268528952e-12
3.730000000000000000e+02 1.371969073971019772e-07
1.224000000000000000e+03 1.816529830129433086e-07
1.802000000000000000e+03 2.629441488001676824e-07
2.729000000000000000e+03 3.355112796416860604e-07
2.938000000000000000e+03 6.097480192182061472e-07
3.321000000000000000e+03 6.244684439689661948e-07
3.465000000000000000e+03 8.125708013096349289e-07
4.249000000000000000e+03 8.646437581979680827e-07
4.920000000000000000e+03 9.924238030314417240e-07
5.473000000000000000e+03 1.044814045586668736e-06
6.346000000000000000e+03 1.191506065902480385e-06
7.338000000000000000e+03 1.404756955507064739e-06
8.530000000000000000e+03 1.459101840641693354e-06
9.304000000000000000e+03 1.486386645230455235e-06
1.015600000000000000e+04 1.583348032061991491e-06
1.070600000000000000e+04 1.684250930281278462e-06
1.149800000000000000e+04 1.726908744415838431e-06
1.228000000000000000e+04 1.910922041389195129e-06
1.412300000000000000e+04 1.982168487773158954e-06
1.479600000000000000e+04 2.090854069013745123e-06
1.600700000000000000e+04 2.123708313639354945e-06
1.669500000000000000e+04 2.679156669169750436e-06
1.726400000000000000e+04 2.870041887341988340e-06
1.814700000000000000e+04 4.016786053841091369e-06
1.889700000000000000e+04 4.997954311321231539e-06
1.937900000000000000e+04 5.003762986652374234e-06
2.010600000000000000e+04 5.761679881634867717e-06
2.131300000000000000e+04 6.530017409115312625e-06
2.280300000000000000e+04 7.149291794593395687e-06
2.409400000000000000e+04 7.228714611092847185e-06
2.540100000000000000e+04 7.200710355088846047e-06
2.617900000000000000e+04 6.757096696789963198e-06
2.827300000000000000e+04 6.252712993972736331e-06
2.900900000000000000e+04 6.027359876712468868e-06
3.000000000000000000e+04 5.934615406586907525e-06
