0.000000000000000000e+00 2.642580029718989148e-11
1.101000000000000000e+03 3.912623985606717817e-08
1.663000000000000000e+03 1.951129150075345608e-07
2.624000000000000000e+03 5.488607581129447523e-07
3.546000000000000000e+03 8.327102266125505329e-07
4.093000000000000000e+03 1.049471094409284452e-06
4.860000000000000000e+03 1.197331315016740700e-06
5.650000000000000000e+03 1.973548864505034973e-06
7.367000000000000000e+03 2.226021460838682763e-06
8.222000000000000000e+03 2.628330836173872087e-06
9.439000000000000000e+03 3.756839835070177474e-06
1.038500000000000000e+04 3.914798353750202301e-06
1.109900000000000000e+04 4.024322428545487729e-06
1.155100000000000000e+04 4.529541984635839090e-06
1.169800000000000000e+04 4.775687505268341480e-06
1.217200000000000000e+04 5.082866901927587654e-06
1.269300000000000000e+04 5.219268164566415458e-06
1.339400000000000000e+04 5.397595699433782898e-06
1.399800000000000000e+04 6.762014955347256350e-06
1.468400000000000000e+04 7.855838778138229088e-06
1.551600000000000000e+04 1.315045379410464035e-05
1.576200000000000000e+04 1.866978979865964978e-05
1.629900000000000000e+04 2.180234900484048869e-05
1.690400000000000000e+04 2.567534742074243043e-05
1.793800000000000000e+04 2.648320582213278525e-05
1.831700000000000000e+04 2.962526416491523176e-05
1.926900000000000000e+04 3.102827362137122215e-05
1.967200000000000000e+04 3.151779661720848776e-05
2.095500000000000000e+04 3.346534023407767255e-05
2.149400000000000000e+04 3.361931855679673624e-05
2.278500000000000000e+04 3.554926587055268683e-05
2.394900000000000000e+04 3.654575164835675242e-05
2.442700000000000000e+04 3.656782117413193882e-05
2.522000000000000000e+04 3.623816815123576818e-05
2.626500000000000000e+04 3.536488901108571724e-05
2.755000000000000000e+04 3.460076400017560416e-05
2.828900000000000000e+04 3.184406314470861410e-05
2.925900000000000000e+04 3.172503378229554955e-05
3.000000000000000000e+04 2.645355758638745443e-05
