0.000000000000000000e+00 1.195041225805579834e-12
3.620000000000000000e+02 3.159842964695414059e-08
7.390000000000000000e+02 5.503441805862247785e-08
1.887000000000000000e+03 8.191775700229509998e-08
2.702000000000000000e+03 9.344873867769117674e-08
3.042000000000000000e+03 1.119075262475073018e-07
3.859000000000000000e+03 1.353979850219751359e-07
4.162000000000000000e+03 1.782803072245162016e-07
4.801000000000000000e+03 1.992061420935423245e-07
5.132000000000000000e+03 2.286188257929163740e-07
6.099000000000000000e+03 2.404916912150256643e-07
6.345000000000000000e+03 2.559303607340488884e-07
7.443000000000000000e+03 2.726988686687248586e-07
8.971000000000000000e+03 2.925869221985954040e-07
9.654000000000000000e+03 3.248410865113894826e-07
1.015700000000000000e+04 3.950153907904980565e-07
1.081400000000000000e+04 4.081549799756719147e-07
1.152600000000000000e+04 4.181577968437794200e-07
1.223100000000000000e+04 4.371062840112042287e-07
1.321700000000000000e+04 4.648599926933320086e-07
1.387900000000000000e+04 5.105698375193517826e-07
1.451500000000000000e+04 5.165088977701578582e-07
1.513300000000000000e+04 5.942264420612184116e-07
1.649600000000000000e+04 6.295335071802064342e-07
1.694600000000000000e+04 6.571880448128829833e-07
1.773100000000000000e+04 6.816886402280700282e-07
1.857400000000000000e+04 6.838692098240171939e-07
1.993800000000000000e+04 6.996937026205311188e-07
2.038500000000000000e+04 7.820593745220798829e-07
2.086100000000000000e+04 9.487277111313686236e-07
2.111300000000000000e+04 9.554214698152313566e-07
2.208200000000000000e+04 9.718919633005977290e-07
2.321000000000000000e+04 1.108892623576397144e-06
2.367100000000000000e+04 1.426196210380480015e-06
2.438900000000000000e+04 1.609757926906602528e-06
2.524500000000000000e+04 1.516700442959159924e-06
2.543600000000000000e+04 1.491525775351223101e-06
2.602000000000000000e+04 1.469835400204369755e-06
2.646900000000000000e+04 1.469492379498623374e-06
2.769300000000000000e+04 1.468923313993619623e-06
2.936500000000000000e+04 1.425037137759965211e-06
2.969400000000000000e+04 1.389367928657442735e-06
3.000000000000000000e+04 1.333666111708623348e-06
